Time,Latitude,Longitude,Altitude,Angle of Attack,Angle of Sideslip,X-Acceleration,Y-Acceleration,Z-Acceleration,Thrust,True Velocity,Ground Velocity,Pitch,Roll,Yaw,Dynamic Pressure,cp,parachute_deploy_gain,Wind Speed,Mach,omega_x,omega_y,omega_z,Cmq,Angle of Attack(total),Angle of Attack(gust),True Velocity(gust),Acceleration
0.0,31.222186000000004,131.010384,3.000000003643237,0.0,0.0,0.0,0.0,0.0,2.2828121974499247,0.0,0.0,69.99999999623421,0.0,113.69999999388332,0.0,15.288,0.0,0.0,0.0,0.0,0.0,0.0,-0.0,0.0,90.0,0.0,0.0
0.01,31.22218600000153,131.01038399999584,2.99999882256592,0.0,0.0,0.0,0.0,0.0,34.24218696174923,7.502283530665459e-11,7.190531319924593e-11,69.99999999623329,-4.83564628150269e-13,113.69999999388072,3.446445726795683e-21,15.288,0.0,0.0,2.204725565824978e-13,-3.659182332138578e-19,7.589415207398531e-19,4.811147140404426e-19,-1.5108918610345807e-31,0.0,89.9999999995224,7.502283530665459e-11,0.0
0.02,31.22218600000288,131.01038399999217,2.999997775701936,0.0,0.0,0.0,0.0,0.0,25.871876237766408,1.5320717031631675e-10,1.4674636035870463e-10,69.99999999623222,-9.67129256300373e-13,113.69999999387804,1.4372842949972735e-20,15.288,0.0,0.0,4.5023593667086093e-13,-7.284483346386986e-19,1.5178830414797062e-18,9.757819552369542e-19,-6.170906918166791e-31,0.0,89.99999999902465,1.5320717031631675e-10,0.0
0.03,31.22218599928065,131.01038400193067,3.000201659671132,18.81500467334555,-0.00012974450181,11.96616230539064,-1.8916256735984712e-05,3.349833086198469,180.34219359854663,0.0882870268161719,0.0553390044312322,69.99999999799445,-4.212591857125379e-12,113.69999999488518,0.0047728553458352,15.288,0.0,0.0,0.0002594525584132,3.2187251995663407e-17,-7.20264389268894e-10,1.2365134327422308e-11,1.6874092354518158e-13,18.815004673776716,89.46786891739345,0.0882666465974854,12.426199017587786
0.04,31.22218599548236,131.0103840121632,3.001799604587872,9.46752327608497,-4.6177622759613696e-05,55.21900012092241,3.931876292165237e-06,3.349616504302861,548.6359724538078,0.3767519978512604,0.1853356633749705,70.00000000507204,-2.4624598767003407e-11,113.70000000019972,0.086915163246288,15.288,0.0,0.0,0.0011071759353184,1.6174128009138757e-15,-1.3693172015529268e-08,2.7753303060112748e-11,1.3689612277852356e-11,9.467523276196548,87.63554493451223,0.3767447442872393,55.32050167054111
0.05,31.222185984749512,131.01038404118162,3.00777936418888,5.376730308971262,-2.257790939128127e-06,80.28807156553681,5.266841443842784e-05,3.348887800834877,761.6984298824644,1.018787885905993,0.4366201147110198,70.00000000894464,-1.1355399380652658e-10,113.70000001523856,0.635552918586145,15.288,0.0,0.0,0.0029939522895272,1.6418815498809788e-14,-9.32122351075408e-08,4.303264669380585e-11,2.5199270302492604e-10,5.3767303089717045,83.57022052969386,1.0187875312530217,80.35788377762394
0.06,31.22218596447235,131.01038409608267,3.0201664202003013,4.296730121134882,2.4863835723705905e-05,60.21296515808257,0.0001057204249726,3.347700952379021,590.4875390737208,1.721098934225416,0.7081674028809783,69.99999995523842,-3.0560354507026086e-10,113.70000004366592,1.8138247671743823,15.288,0.0,0.0,0.0050578622752421,8.328976953118383e-14,-3.2824985336199985e-07,5.923438275930214e-11,1.4991363363716091e-09,4.296730121206683,79.20467073327266,1.7211028398275985,60.305955550063224
0.07,31.22218593493329,131.01038417609837,3.038741944736831,3.8204913578752526,4.8016684030909405e-05,91.4060317508128,0.0001597686613101,3.346072557365335,855.2937749779139,2.4375792548422868,0.9844712334613328,69.99999973536046,-5.939103491363046e-10,113.7000000850886,3.6383156301599167,15.288,0.0,0.0,0.007163413150771,2.709313825263564e-13,-7.906546256197275e-07,7.920022733617308e-11,5.114174483651565e-09,3.820491358176508,74.87999294483174,2.437586797285377,91.46725557277466
0.08,31.222185894468456,131.01038428575305,3.0647976109320942,3.588632851766762,7.220043782492885e-05,19.18449428359557,0.0002119618497595,3.3440615022685813,241.2171988638848,3.1292508166901074,1.2522236515868983,69.99999919480445,-9.914748373602156e-10,113.7000001418522,5.996012698481753,15.288,0.0,0.0,0.0091960591623389,6.80386533246681e-13,-1.5973238302190878e-06,1.0839624626357699e-10,1.3263625118823921e-08,3.58863285249208,70.86684630658345,3.1292621579083604,19.473766155861934
0.09,31.22218584634549,131.01038441616095,3.0957981580345013,3.551302481506045,9.685468678862004e-05,57.102946699906326,0.0002554087225869,3.341892818148368,563.0937377043176,3.701810007254615,1.479132491047967,69.99999812344194,-1.4359264356978275e-09,113.7000002093888,8.390904013834115,15.288,0.0,0.0,0.010878666406854,1.440096519545733e-12,-2.748643691533636e-06,1.5214952332699618e-10,2.6999776649034504e-08,3.5513024828250237,67.68737872952666,3.701825221153239,57.20065357568538
0.1,31.222185790329306,131.01038456796124,3.1319266121977414,3.608446747536112,0.0001234669721807,54.26147302645416,0.0002914860332524,3.3396271157106168,538.7437595981919,4.174070299823608,1.6716491241860567,69.9999963052332,-1.902380107712657e-09,113.70000028805804,10.668380938744466,15.288,0.0,0.0,0.0122665227999911,2.687800116751415e-12,-4.315796035622946e-06,2.1749089204950437e-10,4.7802076800548326e-08,3.608446749645647,65.17160335282355,4.174089693970246,54.36414778470795
0.11,31.222185727066616,131.0103847393952,3.172681775073216,3.633547373470009,0.0001485939126744,42.987553988990406,0.0003293995000288,3.337005588796181,442.8656393052949,4.672024955140527,1.8729475711242067,69.99999349387662,-2.3433348587116544e-09,113.70000037699285,13.365573690709628,15.288,0.0,0.0,0.0137298902182575,4.5789425819531184e-12,-6.340230783164189e-06,3.1157625832417107e-10,7.860218435507205e-08,3.6335473765043056,62.62546922225161,4.672048296217748,43.116880735560244
0.12,31.22218565692512,131.0103849294629,3.2177790417108385,3.650108937861461,0.0001727442530266,46.86777100765684,0.000367618259785,3.334068179146888,475.58594813540446,5.17479364099247,2.0758708919414386,69.99998941286465,-2.702771525550512e-09,113.70000047573096,16.396890189902592,15.288,0.0,0.0,0.0152074069417046,7.288473386564583e-12,-8.86736416607888e-06,4.42271554299792e-10,1.217615295152289e-07,3.6501089419435786,60.16906436414164,5.174820775596283,46.986210423745625
0.13,31.222185580265183,131.0103851371844,3.2669395832841857,3.7280113734654137,0.0001995014041665,51.64515456841877,0.0003986198234033,3.3311573548369657,515.9156326236895,5.579364582999854,2.2451120211463422,69.99998375846928,-2.9114380666036422e-09,113.70000058383452,19.060875702782603,15.288,0.0,0.0,0.0163963474924215,1.100846422415094e-11,-1.1941028436408576e-05,6.179653149059831e-10,1.7678562106638216e-07,3.728011378795934,58.279338776943774,5.579395920607139,51.75247433579817
0.14,31.22218549718016,131.01038536230575,3.320091807147376,3.768719651034081,0.0002242721760019,48.1660778383537,0.0004326225136175,3.32784677779744,486.2390860568404,6.025734265159953,2.428648685938864,69.99997621008868,-2.890941335368725e-09,113.70000070125378,22.232643351545065,15.288,0.0,0.0,0.0177081261985351,1.5941871344608664e-11,-1.560901486259027e-05,8.477542742712431e-10,2.495765160917323e-07,3.7687196576976176,56.27980129251342,6.025769493750979,48.280903250602165
0.15,31.22218540777004,131.01038560455507,3.377159065217065,3.821894709649632,0.000249725644238,46.56959330999435,0.0004643042952466,3.324387732286376,472.54218587214,6.441023336496372,2.6014999612196745,69.99996641132823,-2.546763407193136e-09,113.70000082794672,25.402620271850456,15.288,0.0,0.0,0.0189285691155931,2.2314099732464315e-11,-1.992367942778425e-05,1.1417519574710292e-09,3.4051816697623295e-07,3.821894717796148,54.501255563441134,6.441062563308839,46.68809885900716
0.16,31.22218531193176,131.01038586421257,3.4382223512025254,3.8463320955387794,0.0002733212404609,36.974247749122085,0.0004987816203583,3.3205066466509234,391.1218908297564,6.895451966878468,2.7877331692857847,69.99995397923414,-1.77088415515292e-09,113.70000096417354,29.113317717489338,15.288,0.0,0.0,0.0202640360420561,3.0367358387834494e-11,-2.4945905791363795e-05,1.5114297685186711e-09,4.5643121540033697e-07,3.846332105235269,52.641145594326446,6.895494900078523,37.12304892183151
0.17,31.222185210004127,131.010386140357,3.503019838429153,3.8860314262554336,0.000297865039677,46.520531453299206,0.0005306403365217,3.31650761597812,471.78125980632376,7.314788342774694,2.9619016331667103,69.99993849340957,-4.3039914767238207e-10,113.70000110959404,32.761746921137856,15.288,0.0,0.0,0.0214963781445172,4.0366633128431416e-11,-3.0713078585132897e-05,1.96747427715988e-09,5.961228045584824e-07,3.886031437653654,51.00464968745696,7.314835131305714,46.63860064094784
0.18,31.22218510147516,131.01038643438045,3.571950002194137,3.9107265153396016,0.0003214293682635,38.895647526122765,0.0005639254295027,3.312149448254175,407.10156721191447,7.754626295791602,3.1430587898572058,69.9999195084231,1.6149322372810674e-09,113.70000126508234,36.81988229018681,15.288,0.0,0.0,0.0227889722876034,5.2593391349219385e-11,-3.731786027786564e-05,2.525509173087448e-09,7.6786585232224e-07,3.9107265285284982,49.36615848311875,7.754676785798701,39.036415444581515
0.19,31.222184986476247,131.0103867459258,3.644912152926752,3.920599115663931,0.0003437679584038,43.86258669386953,0.0005989384366483,3.307389681300437,448.9531328318269,8.219206165926856,3.332657190859447,69.99989653019398,4.538529095696477e-09,113.70000143063515,41.36350714675367,15.288,0.0,0.0,0.02415428010977,6.735860419174937e-11,-4.481243905342629e-05,3.199401151670645e-09,9.773118416308382e-07,3.92059913071168,47.71893898797248,8.21926016487149,43.987104227715655
0.2,31.222184864792144,131.01038707557822,3.722074668489528,3.943376465171875,0.000367328732016,40.28070981710589,0.0006315894240138,3.30251450988504,418.51563019916136,8.65238089736321,3.511445117640573,69.99986902534273,8.534090245934178e-09,113.7000016067622,45.83799876721736,15.288,0.0,0.0,0.025427299120469,8.499785987217288e-11,-5.328041996372527e-05,4.006766070954748e-09,1.2232205148646746e-06,3.9433764822533854,46.2587826635041,8.652438597225508,40.41586552155969
0.21,31.22218473678744,131.01038742234647,3.803156063113743,3.9664546506877016,0.000390962054969,38.67679184347145,0.0006636984664108,3.297405915846789,404.8187610144644,9.079179692250786,3.688002035198235,69.99983642883521,1.3827831253856693e-08,113.70000179318536,50.47126980736161,15.288,0.0,0.0,0.0266815841422463,1.0586558589671407e-10,-6.275155280099118e-05,4.961340042512481e-09,1.5117124669161171e-06,3.9664546699249135,44.88773728276958,9.079241104426773,38.817098210937615
0.22,31.2221846022986,131.01038778667507,3.8882846911135607,3.956175711337521,0.0004112685792646,46.713636108302936,0.0007011135033803,3.291572407481395,472.5421858721365,9.580256326712124,3.889976788904857,69.99979815126248,2.0662823443484168e-08,113.70000199039316,56.195522894218605,15.288,0.0,0.0,0.0281541581291438,1.3033127211465288e-10,-7.330053770532661e-05,6.0817207473359025e-09,1.8632831045819008e-06,3.956175732680424,43.35679625546934,9.580320928629488,46.8294591882524
0.23,31.222184460898035,131.01038816972698,3.977794004014759,3.9879066397329104,0.0004360962274406,38.89105719050748,0.0007308686121188,3.286096544282012,406.3406421461021,9.977039034039262,4.056142701351626,69.99975353557706,2.9316661139418326e-08,113.70000219928508,60.9462612310605,15.288,0.0,0.0,0.0293202403623685,1.5880617816859538e-10,-8.505067486192354e-05,7.393319440773217e-09,2.2514912291167663e-06,3.987906663538912,42.20670487756048,9.97710753587448,39.0296395118868
0.24,31.222184313516166,131.01038856897196,4.070963590490852,4.003523997322975,0.000459165577055,40.0792299321398,0.0007630441688766,3.280134925833028,416.2328240017114,10.408422364424831,4.234121060914368,69.99970190737699,4.010976417051318e-08,113.70000241888,66.32994780718496,15.288,0.0,0.0,0.030588009649109,1.91711512587616e-10,-9.795845222523724e-05,8.904557280909524e-09,2.7052895870113487e-06,4.003524023611085,41.011349410369874,10.408494489985014,40.21323112692186
0.25,31.22218416001652,131.01038898478134,4.167901030441617,4.0261356185860135,0.0004830526730531,41.17760020658354,0.0007934613160587,3.2740610008587527,425.36408079150686,10.816813039390448,4.4041629376391525,69.99964258149416,5.3372865854010094e-08,113.70000264972064,71.63651430352668,15.288,0.0,0.0,0.0317882126436337,2.2947426169209347e-10,-0.0001121037688082,1.0637152702866709e-08,3.217380562698304e-06,4.026135647516394,39.93186687113378,10.816888917126896,41.30755663120434
0.26,31.222184000702686,131.0103894163294,4.26837241014618,4.053359329950934,0.000507503069958,44.80261175215926,0.0008224724146494,3.2678597736729302,455.8015834241788,11.207047269494833,4.567925492611352,69.99957484039399,6.947299261165984e-08,113.70000289176392,76.89781807056055,15.288,0.0,0.0,0.0329350617559806,2.7254099134167665e-10,-0.0001275114371842,1.260720913253598e-08,3.7915697709142366e-06,4.053359361668992,38.945390435244384,11.207126987890645,44.921630958721536
0.27,31.22218383516388,131.01038986473338,4.372698316214008,4.0614460923241,0.0005296455772492,41.029837477288126,0.0008548809954683,3.2610328932384265,423.84219965987256,11.645685385842508,4.748226940060522,69.99949794024376,8.879821051920497e-08,113.70000314600205,83.0342688744587,15.288,0.0,0.0,0.0342241635563461,3.2137296827284217e-10,-0.0001442952656441,1.4842505534226832e-08,4.458527942364847e-06,4.061446126801262,37.8838346421185,11.645768582375233,41.15922617924542
0.28,31.222183663504484,131.01039032970942,4.48079961904222,4.081133040992532,0.0005533279247169,47.27661484082626,0.0008845140695959,3.254218495915602,476.3468732012221,12.047344998676092,4.915789434712848,69.99941106884992,1.1178948978424788e-07,113.70000341275257,88.85982357848233,15.288,0.0,0.0,0.0354045979054623,3.764736350660473e-10,-0.0001625146963723,1.7365685655384934e-08,5.194620655212288e-06,4.081133078439725,36.956255322213885,12.047431915223257,47.38848224631549
0.29,31.22218348566054,131.0103908114315,4.592727908358551,4.1001100265020245,0.0005770279952742,37.989969791857405,0.0009138463939581,3.247164755122801,397.97031042211177,12.446314684600782,5.082367374004485,69.99931338876085,1.3891902435864665e-07,113.70000369260468,94.8417675268915,15.288,0.0,0.0,0.0365771315767517,4.3836067907166327e-10,-0.0001822432988888,2.0202163500922312e-08,6.018074062137429e-06,4.100110067036654,36.07377590258778,12.446405323946324,38.12849176886316
0.3,31.222183301933686,131.01039130907952,4.708251093558373,4.112858061667493,0.0005998635114143,35.655053282557844,0.000944131403186,3.2397207148238625,378.1859457108711,12.860033399289696,5.253940723820665,69.99920403105713,1.707002607527005e-07,113.7000039856728,101.2505662360602,15.288,0.0,0.0,0.03779301412572,5.075709863465428e-10,-0.0002035013069687,2.3370674033523645e-08,6.94335970778e-06,4.112858105337573,35.19685285507256,12.860127625629724,35.80193592228613
0.31,31.222183112488807,131.0103918222051,4.827243246502713,4.136140889545823,0.0006242383343011,37.56633644061071,0.0009716215464757,3.232339252743767,394.1656220930212,13.2364445751808,5.4126574282679245,69.99908210036875,2.0768081583188525e-07,113.7000042923011,107.26326115439352,15.288,0.0,0.0,0.0388992619788015,5.846561731689753e-10,-0.0002263323252403,2.6893437641668458e-08,7.948283231812338e-06,4.1361409365698805,34.43286455705216,13.236542630309057,37.70514091683033
0.32,31.22218291741533,131.01039235056504,4.949637017503345,4.1622282001352975,0.0006491019906456,40.83513712643371,0.0009979686925508,3.224840963348891,421.55939346242695,13.59846554462374,5.566374262777002,69.99894668612772,2.504388718903276e-07,113.70000461297312,113.2095365840355,15.288,0.0,0.0,0.0399632243410653,6.701756367872645e-10,-0.00025078340164,3.0793566854276295e-08,9.047716714467492e-06,4.16222825066026,33.72644865222576,13.598567505326,40.96227562489027
0.33,31.222182716732533,131.01039289410716,5.075419569102976,4.187801887681037,0.0006739743721461,40.48743503284469,0.0010239291638211,3.217136801802925,418.5156301991682,13.956637761217308,5.718704299733134,69.99879684673242,2.995902922462564e-07,113.70000494831164,119.25032483364384,15.288,0.0,0.0,0.0410158804634189,7.647061680070125e-10,-0.0002769136723495,3.509664608790402e-08,1.0253455741189656e-05,4.187801941818244,33.053267359159875,13.956743628864118,40.61505097607
0.34,31.222182510255863,131.01039345333336,5.204736257784645,4.19642921746386,0.0006961879027693,31.814592723444047,0.0010535137542081,3.208669900766693,345.46563688075645,14.367047160772364,5.88887983533068,69.99863160305904,3.557915789971256e-07,113.70000529927128,126.36523219087664,15.288,0.0,0.0,0.042222056531773,8.688448410811866e-10,-0.0003048202762282,3.9835373705550826e-08,1.1618525957862828e-05,4.196429275109305,32.30947868183619,14.367156517712404,31.97598901989736
0.35,31.222182298183583,131.0103940277045,5.337435501771672,4.210915783240843,0.0007193441544952,34.813487415034444,0.0010813034848195,3.200164272309822,370.5765700527033,14.754132934586384,6.050986755458457,69.99844991734221,4.1975736284587617e-07,113.70000566632532,133.26448209504355,15.288,0.0,0.0,0.0433596939127697,9.832256819293898e-10,-0.0003345386312107,4.503361101379695e-08,1.309465610343774e-05,4.210915844572415,31.63649055965014,14.75424592890194,34.96026256388454
0.36,31.222182080444604,131.0103946174141,5.4735747500461605,4.22903876037745,0.0007431682866607,39.2632255716727,0.0011077666085529,3.1915717453569297,407.8625232777193,15.124417129017054,6.2072589919251575,69.99825073022951,4.922382611919288e-07,113.70000605036684,140.03566173682628,15.288,0.0,0.0,0.0444479595865755,1.1084921261805627e-09,-0.0003661511460057,5.0723697896912267e-08,1.4691545926915382e-05,4.229038825557203,31.017264542603208,15.124533865618538,39.39272792946638
0.37,31.22218185710795,131.01039522227452,5.613102797925907,4.249164960780052,0.0007674149135003,37.28328237034959,0.001133274451316,3.1828514669894137,391.1218908297666,15.483077353331511,6.359470679857624,69.99803294268581,5.740349991123437e-07,113.70000645214331,146.75405277514704,15.288,0.0,0.0,0.0455020695186381,1.245311285088233e-09,-0.0003997125883071,5.6934243389647934e-08,1.641828325195534e-05,4.2491650299519,30.439178816713017,15.483197898584232,37.418894813348615
0.38,31.2221816281124,131.0103958424523,5.756069531572451,4.260095806433531,0.0007900626414612,38.9278000801764,0.0011607546399008,3.1735466295306622,404.8187610144602,15.87126705947922,6.521735074464384,69.99779542676283,6.659911329739736e-07,113.70000687263192,154.20298254405043,15.288,0.0,0.0,0.0466429667223463,1.3943646956867835e-09,-0.0004353006984059,6.369875435270817e-08,1.8328108041903096e-05,4.260095879559656,29.83470194713067,15.87139116222873,39.05694584372078
0.39,31.22218139339905,131.0103964781077,5.9025231349944285,4.274091258047817,0.0008133283308351,33.320076729592266,0.0011870382950339,3.164143363712209,357.64062493382744,16.24457853509073,6.678818328235205,69.9975369905506,7.690136753559805e-07,113.70000731287368,161.54010621938565,15.288,0.0,0.0,0.0477401448128051,1.5563705124515804e-09,-0.0004730068442167,7.105463478762673e-08,2.0383860516746246e-05,4.274091335289374,29.274934656826048,16.244706292406182,33.46997636540994
0.4,31.22218115316572,131.01039712870306,6.0523126585892895,4.286421841403391,0.0008363022448449,31.88018820767003,0.0012133780841982,3.1544430614236454,345.465636880754,16.62063299903514,6.836764518435374,69.99725641601981,8.840594270905819e-07,113.70000777359816,169.10340080049767,15.288,0.0,0.0,0.0488453895716005,1.7320643186450851e-09,-0.0005128553637434,7.9027539265021e-08,2.2612406375611563e-05,4.286421922834417,28.730746964325096,16.620764365084565,32.03586915718869
0.41,31.22218090752676,131.01039779392735,6.205351877049411,4.30025870409831,0.0008595777771371,35.882550741685804,0.0012389121673015,3.1445895889870297,378.94687077668647,16.987310563534386,6.99141560549392,69.9969524610574,1.0121301778427253e-06,113.70000825570062,176.64448930727934,15.288,0.0,0.0,0.0499230826371405,1.922193031274436e-09,-0.0005548883906878,8.764667734700782e-08,2.5005077415911235e-05,4.300258789847355,28.21875643368965,16.987445585695873,36.020076248499606
0.42,31.222180656535848,131.0103984736348,6.36160173428776,4.322008670726048,0.0008844838439129,40.34064925656127,0.001261804338223,3.134918999355981,416.2328240017114,17.318628721060172,7.133856886815013,69.99662385300175,1.154276942054023e-06,113.70000876021427,183.59942989625057,15.288,0.0,0.0,0.0508968652507098,2.1275184665783874e-09,-0.0005991661829955,9.694534598491077e-08,2.752657757470936e-05,4.322008761057615,27.772396468009568,17.318767655457478,40.462275036947325
0.43,31.222180400205527,131.0103991677914,6.521055075967404,4.339436441324956,0.0009085827200945,35.541853595187746,0.0012854696362701,3.124839917627212,375.9031395134336,17.662848429084132,7.280642039343927,69.99626930133451,1.3115939750280808e-06,113.70000928827632,190.96736675963504,15.288,0.0,0.0,0.0519085689713619,2.3488101247838237e-09,-0.0006457514522491,1.0695800287133593e-07,3.0255957891170616e-05,4.339436536261635,27.322335771349252,17.662991148924057,35.67895714766603
0.44,31.22218013836212,131.0103998768696,6.683849332059896,4.342209064313268,0.0009296474314902,32.82948243168077,0.0013129688908547,3.113754688841357,353.0750125389216,18.063580761318697,7.446730341918701,69.99588746395321,1.4852372182848018e-06,113.7000098413532,199.7278270846888,15.288,0.0,0.0,0.0530863610987301,2.586862292117705e-09,-0.0006947575786514,1.1773083546077225e-07,3.329010177793299e-05,4.342209163639375,26.81344244367223,18.06372678999575,32.9768158972058
0.45,31.22217987077456,131.0104006014978,6.850166573233225,4.3420317510315165,0.0009500780330031,38.11022602597878,0.001341042003417,3.1022288449712887,397.2093853562869,18.47486275310604,7.616350301328129,69.99547690348253,1.6764536248320808e-06,113.70001042108892,208.92306716049887,15.288,0.0,0.0,0.0542951637545535,2.842521175226318e-09,-0.0007463379956615,1.2932090054593452e-07,3.657529369088674e-05,4.342031854775571,26.30944884471334,18.47501199101448,38.23628058998621
0.46,31.22217959739673,131.01040134180155,7.020045503401754,4.351169003849846,0.0009725797783515,44.3937050866137,0.0013660055515545,3.09098240974522,449.7140588976434,18.844323061800488,7.771531995684422,69.99503610583268,1.8865779683531e-06,113.70001102895836,217.3591612614144,15.288,0.0,0.0,0.0553810645782081,3.1166808800591503e-09,-0.000800596194505,1.417768495237597e-07,4.001824400409673e-05,4.351169112337076,25.873596578896564,18.844475834274814,44.50118229261506
0.47,31.22217931813738,131.01040209802923,7.193559875579052,4.358630093683735,0.0009947969928181,30.22514089990685,0.0013910994973101,3.079396422776949,331.0078106302534,19.2180591098146,7.9280875671397615,69.99456352718363,2.1170044481277104e-06,113.70001166656292,226.0625808853568,15.288,0.0,0.0,0.0564795377574197,3.4102493884459798e-09,-0.0008576351980594,1.551487523304888e-07,4.3718862242359527e-05,4.35863020698899,25.44665981168229,19.218215372160817,30.381603425148434
0.48,31.22217903348153,131.01040286886197,7.370336324605091,4.365514409145237,0.001016880998596,29.779838936311712,0.001416009414045,3.067527859335786,327.2031223011574,19.5915905767454,8.084483592791102,69.99405758812365,2.369198154608765e-06,113.70001233476164,234.93171707892955,15.288,0.0,0.0,0.057577416115756,3.7241711041759195e-09,-0.0009173883913609,1.6944871263079066e-07,4.767297940601472e-05,4.365514527349481,25.03354780044292,19.59175030803913,29.937410312943754
0.49,31.22217874361868,131.01040365378466,7.5502307795521535,4.3786401372577615,0.0010404145545081,37.2489281064929,0.0014385799934191,3.0558405437943126,389.60000969812296,19.93403005898306,8.23012235628909,69.99351671352461,2.644660619562788e-06,113.700013034871,243.21198709852868,15.288,0.0,0.0,0.0585839249886784,4.059374595909599e-09,-0.0009798792959512,1.8470833984680338e-07,5.180951737438081e-05,4.378640260624215,24.667474291142685,19.934193486919103,37.37406598941686
0.5,31.22217844858332,131.0104044527036,7.733219389747018,4.39465278337791,17.181958541634245,38.59872001773494,-1.1627052743927595,3.044079960570308,397.97031042210494,21.19646303435825,8.366120773869401,69.99293932307316,2.9449363413826395e-06,113.70001376847225,274.9881148359633,15.288,0.0,6.262892444746544,0.0622942054416603,4.416673716856832e-09,-0.0010561207172611,2.6601108099191817e-05,5.937603399503324e-05,17.718634705788393,39.496946883433736,23.855128145898423,38.736023200232346
0.51,31.2221781490768,131.01040526574383,7.919263637617331,4.4061762997871785,16.943507389504273,29.6896401877192,-1.1905327895637807,3.0317646213940965,323.3984349720841,21.5306772719215,8.512877508691725,69.99231753959111,0.0002405087016457,113.7002670114422,283.72313628398007,15.288,0.0,6.287748017450546,0.0632765592075679,4.886512133943793e-09,-0.0011242575576947,0.0003042612858985,6.420220948874267e-05,17.49077911945822,38.97791455640783,24.15353524278933,29.86777024685295
0.52,31.22217784539813,131.0104060931967,8.10838321176933,4.414485383127588,16.70486916878721,35.5279178146244,-1.2192193850113566,3.019072502138559,372.0984511843415,21.87358238372116,8.662358831708431,69.99165597808299,0.0009197895456174,113.70099035165192,292.8271328602545,15.288,0.0,6.312519538189704,0.0642844610121599,5.539949870162197e-09,-0.0011953299403513,0.0005888336958972,6.934677914073176e-05,17.262235848866165,38.45801906877076,24.46055964092456,35.67680253224303
0.53,31.22217753743284,131.0104069354525,8.300690236833178,4.422940712793467,16.475391395332164,37.27040389375379,-1.2480439056053108,3.0061582901551014,386.5562464348624,22.213213438187555,8.81048872268903,69.99095290855173,0.0020519277515382,113.7021956492122,301.98560568408413,15.288,0.0,6.337210723440921,0.0652827472890374,6.3815494541675675e-09,-0.0012694714087325,0.0008806333727609,7.479023106823275e-05,17.042844474686905,37.956637596399176,24.765644977038463,37.41226547082286
0.54,31.222177225103746,131.01040779278063,8.496261986876643,4.431184768504041,16.253387974337777,32.81709261012624,-1.2771108883508744,2.992993691494485,349.2703242098436,22.551156593177343,8.957839406880636,69.99020653756612,0.0036483510250733,113.7038950706034,311.2382387636807,15.288,0.0,6.361839394002862,0.0662760797345866,7.415980227858716e-09,-0.0013468005377479,0.001179899816656,8.055166236328253e-05,16.830872455573733,37.47044494516558,25.07012863607858,32.97803194309922
0.55,31.22217690870686,131.01040866443495,8.694886057312635,4.440454763036862,16.04260973429452,34.74181034214995,-1.306061406051612,2.9796819437614155,365.2500005919907,22.8815811696482,9.102338932970394,69.9894150279507,0.0057205484911822,113.70610084773102,320.41961077040446,15.288,0.0,6.386376636954479,0.0672473223180342,8.647949272761958e-09,-0.0014272923580714,0.0014863299280143,8.66149970892485e-05,16.630236760433576,37.00742155107236,25.36875052664917,34.893805850498346
0.56,31.22217658826351,131.01040955041427,8.896562651923778,4.451634501312005,15.845490127441646,32.472759605268706,-1.334606964239503,2.966312222385508,346.2265619465787,23.19998339182732,9.24239136561216,69.98857652474706,0.0082798131998493,113.70882500485148,329.3926941479574,15.288,0.0,6.410821935948305,0.068183238688027,1.0082048535715527e-08,-0.0015110299189145,0.0018000296118543,9.29707747323052e-05,16.443496826309367,36.57285222972108,25.657380440556185,32.63526160966449
0.57,31.22217626386528,131.01041045052517,9.10123720519,4.460545227965905,15.647460300185896,32.11779168305063,-1.3639753526301743,2.952520975913032,343.1828296833023,23.526358896544235,9.385140257891589,69.98768913683256,0.0113374244385944,113.71207955215203,338.7189659833848,15.288,0.0,6.435164507501124,0.0691425946663769,1.172285839689925e-08,-0.0015980604217709,0.0021209708298216,9.970687173819e-05,16.255526888950815,36.13661167438207,25.953816872671837,32.28204379328585
0.58,31.22217593551056,131.01041136482723,9.308927350441689,4.464463180432234,15.439521704907593,42.07400882305842,-1.3950585503597404,2.938029129712294,426.1250058573153,23.874626193268863,9.53553626452659,69.98675092602163,0.0149047544388363,113.71587659959432,348.814539299339,15.288,0.0,6.459404248553156,0.0701662963089849,1.3574975555419544e-08,-0.0016884708678836,0.0024492690587899,0.0001069051601074,16.056938739218307,35.67982922913535,26.270615838779637,42.19953106337519
0.59,31.222175602823647,131.0104122943993,9.519941449670698,4.473581753384609,15.255115098754308,34.23678846361263,-1.424729612259738,2.9237863463162475,360.68438819711065,24.194503329834056,9.675663985926484,69.98575984195854,0.0189938946119296,113.72022902385248,358.2168746911363,15.288,0.0,6.483569510563701,0.0711065680019553,1.5643227107671132e-08,-0.0017825298673572,0.0027856723397693,0.0001143702953664,15.882572969707631,35.27248602855152,26.562559435749776,34.390929986976424
0.6,31.222175266033627,131.01041323867582,9.734118924816864,4.474301271557873,15.04966110754739,30.5036887097028,-1.4572754879250795,2.9084704339072944,329.4859594986058,24.554220860182383,9.829811089411388,69.98471377671542,0.0236170849833248,113.72514985975693,368.9402197115515,15.288,0.0,6.507641767187129,0.0721639361694338,1.7932570937024753e-08,-0.0018802282428141,0.0031299376092132,0.0001224299054326,15.685947619015078,34.821151799222854,26.891126334656843,30.676666654170074
0.61,31.22217492511337,131.01041419778784,9.951497905312284,4.473443701868641,14.84546660382536,35.628159204421,-1.4906312799512549,2.8927049284430035,372.0984511843297,24.92034137866338,9.986065063115957,69.9836105512623,0.0287868441579619,113.7306524398992,380.0166241039324,15.288,0.0,6.531627123806367,0.0732401302801884,2.0448028767084043e-08,-0.0019816792934526,0.0034822519658268,0.0001309571085804,15.490305311369177,34.37251264210677,27.226257409642862,35.77646505331929
0.62,31.222174580195883,131.01041517143187,10.171992642502408,4.484610295205349,14.684963582849296,44.13573921545786,-1.5202315036321647,2.8779430355831166,442.86563930529206,25.221587802581485,10.119128694527214,69.98244787699495,0.0345159679122465,113.73675039542869,389.25148043647147,15.288,0.0,6.55553301530412,0.0741256688041492,2.3194748076961472e-08,-0.0020869415168817,0.003842612195117,0.0001395774391829,15.340058195922197,34.01645079772048,27.503124621124165,44.25558875481832
0.63,31.222174231120405,131.01041616009806,10.395743818944943,4.491575936267015,14.516308436077264,25.320271157387776,-1.551390491942969,2.862506484104513,286.11251274707894,25.54179008331176,10.25878622661926,69.98122358396505,0.0408167523265604,113.74345681868763,399.18917607128685,15.288,0.0,6.579320879401571,0.0750669254594318,2.6177589846842976e-08,-0.0021961746583312,0.0042113455646606,0.0001487446655649,15.181033236651004,33.643710176064815,27.797690154706515,25.528746293417438
0.64,31.222173878478056,131.0104171622348,10.622309887301768,4.492029372841924,14.332717085862928,24.86995829283111,-1.5850211462515027,2.8460835462202057,282.30782441796754,25.894358598380368,10.40978043739402,69.97993533497662,0.0477016225279691,113.75078494784644,410.2768021778328,15.288,0.0,6.603011081608356,0.0761033133854353,2.9401653688616666e-08,-0.0023091765151248,0.0045875876196514,0.0001585535731664,15.006074542226646,33.23955127689713,28.12232930404845,25.08241035214297
0.65,31.222173522268463,131.01041817789448,10.851706843309785,4.501354713426926,14.18098264838418,43.44256301984732,-1.6157513910035226,2.83042165301208,436.7781447787475,26.19654615624327,10.542787818736697,69.97858078287669,0.055182695539372,113.75874769522648,419.8993007598192,15.288,0.0,6.626561085141359,0.0769916394590198,3.2871739448458435e-08,-0.0024260593385939,0.004971523431276,0.0001685192944628,14.864281023099943,32.90372416370199,28.40141654301729,43.56464416272415
0.66,31.222173162014577,131.01041920842135,11.084319095647864,4.5080703132421664,14.025807528440083,37.050700186840416,-1.6475760704597022,2.814222456432992,383.51251517160017,26.50991025444437,10.67962198351176,69.97715763692725,0.0632721761463821,113.76735805985322,429.99548270897446,15.288,0.0,6.6500167564464645,0.0779128208901765,3.6592509160354806e-08,-0.002547164355426,0.0053640545304052,0.0001790439713398,14.71863546069032,32.56112178682014,28.691140514640377,37.19393417316027
0.67,31.222172797916112,131.01042025332623,11.32000823715165,4.509010140794773,13.857960636960469,25.712840926720272,-1.6817317218058772,2.797060441185375,289.1562440103425,26.85269027934208,10.826727774466152,69.97566335128691,0.0719831216845663,113.77662995713268,441.17729576957805,15.288,0.0,6.673396137658224,0.0789204637476693,4.0569193564297204e-08,-0.0026724883289816,0.005764969790811,0.00019027786372,14.559398102498154,32.19180016929876,29.008331927059988,25.919142679081677
0.68,31.222172430155982,131.0104213121647,11.558648724239386,4.511124657833772,13.697913721718942,31.944597727579104,-1.7157060074395287,2.7797630971513927,340.8999924858462,27.18669478560825,10.970595280524655,69.97409533806615,0.0813285378125431,113.78657724887418,452.21026839996085,15.288,0.0,6.696616550525159,0.0799023231739448,4.4806984256536535e-08,-0.0028020458281149,0.0061741225618621,0.0002019790569399,14.408113254748129,31.83975653413516,29.3179197106496,32.111182693216094
0.69,31.222172058829333,131.01042238472857,11.800182372410784,4.51807736575405,13.55605051508382,39.18725932889568,-1.748049348379994,2.762837663466068,401.0140726853634,27.49060792284629,11.103697126690587,69.97245105741546,0.0913212102412564,113.7972135588352,462.3663410994429,15.288,0.0,6.719738498544324,0.0807957510590145,4.931094311887101e-08,-0.0029358833744886,0.0065914684705354,0.0002139871846482,14.27575029978531,31.5272951403294,29.60017631905182,39.32340578064367
0.7,31.22217168381888,131.01042347138247,12.04471447874594,4.524306091194211,13.41589224126472,32.9683611108406,-1.7808471296936312,2.745578333074252,349.27032420985284,27.79569720206461,11.237089090466077,69.9707279425278,0.1019737631349159,113.80855234050073,472.6748218718376,15.288,0.0,6.742773688164607,0.0816926433045504,5.408594584071851e-08,-0.0030741697545267,0.0070173333907044,0.0002265477955775,14.144959927952216,31.219060215907916,29.88385663980194,33.13038561829867
0.71,31.222171305193324,131.01042457198773,12.292206820205456,4.526671207550428,13.268330495021734,27.203871514368405,-1.815365704151922,2.727530687826416,301.33126406340574,28.120482064945264,11.377313317352652,69.9689232246558,0.1132991450406522,113.82060740286028,483.7740029062696,15.288,0.0,6.765644085821973,0.0826474295114777,5.913709197208633e-08,-0.0032169653244179,0.0074517075019662,0.0002398353761456,14.006126876909962,30.895541798359805,30.186088174692745,27.400467179650615
0.72,31.22217092297073,131.0104256865428,12.542660330438816,4.524497120472044,13.111818533096812,33.16863257085955,-1.851994947091588,2.7085471461020703,350.79220534145287,28.469790622712164,11.526055694438528,69.9670341662712,0.1253105366765634,113.83339279512472,495.8554657083751,15.288,0.0,6.788422645034912,0.0836743003491395,6.446952577009553e-08,-0.0033643747770077,0.0078947137350957,0.0002539348443744,13.857564840491714,30.553065763659298,30.51146048473506,33.330531042085056
0.73,31.2221705371645,131.01042681506,12.796079918647145,4.531618234727127,12.984827782820233,41.79564475158183,-1.8850496082541512,2.69064247707673,422.320318528234,28.761247854988422,11.654265165730772,69.96505788277064,0.1380215894568969,113.84692307216172,506.04768069306687,15.288,0.0,6.811113731665271,0.0845311510710418,7.008855845299467e-08,-0.0035165177993879,0.0083465172877715,0.0002681289034091,13.740028779673542,30.27511262255029,30.78348510927428,41.92456188400135
0.74,31.22217014772717,131.01042795771147,13.052516205019538,4.535148852378961,12.85107431851118,26.397111291868697,-1.9197666344200168,2.671957519872308,294.48281347105944,29.07130790567009,11.788913946062916,69.96299149375574,0.1514454518692751,113.86121225592476,517.0046346323052,15.288,0.0,6.833664489453293,0.0854426846333984,7.599927221596003e-08,-0.0036735129563404,0.0088072690629791,0.0002831121704576,13.615119515001291,29.983174339397053,31.073066956038964,26.601359842570762
0.75,31.22216975502912,131.01042911354102,13.311698013061564,4.536234430010414,12.71385376417715,30.71510603796605,-1.9557611359958773,2.652618815407437,330.24688556441487,29.393692727535868,11.927785525761411,69.96083205394599,0.1655953641786948,113.87627446735496,528.5216531618717,15.288,0.0,6.856086674155345,0.086390449649025,8.220707427956818e-08,-0.0038352249120057,0.0092763906772525,0.0002988453967128,13.486308219643083,29.68425519501506,31.374431412679755,30.891408629656627
0.76,31.222169358975066,131.01043028284835,13.573712417644789,4.540338407314078,12.587921686757516,33.01640088859492,-1.990666812069056,2.633487085513781,349.27032420986166,29.6948578574528,12.059062273406706,69.95857657814891,0.1804844434813725,113.89212369916213,539.3939349112752,15.288,0.0,6.878405556434507,0.0872758564173749,8.871693960926597e-08,-0.0040018375711922,0.0097542266392262,0.0003150150938137,13.369276582998298,29.41051777752964,31.656295421496445,33.18102976434958
0.77,31.222168959521824,131.01043146579136,13.838606062336655,4.544876550105399,12.466053735940536,30.912264244487275,-2.0255720706381584,2.614170497076099,331.7687666960708,29.990384961061714,12.18823647124163,69.95622200154071,0.1961259384492848,113.90877408677169,550.169601234855,15.288,0.0,6.900619914254,0.0881447005694924,9.553393435143549e-08,-0.0041734922139591,0.0102409892541303,0.0003317884438929,13.256367951716443,29.14627323978597,31.933135274240318,31.08866208639637
0.78,31.22216855674676,131.0104326622016,14.106332611803616,4.546021194387791,12.337949023872,25.50082651006783,-2.062198691089933,2.594020502168339,286.8734378128899,30.30443851892472,12.323815689012996,69.95376516517634,0.2125331385438443,113.92623981367022,561.7380303224512,15.288,0.0,6.9226743472781616,0.0890680040022968,1.02663259465518e-07,-0.0043502347765512,0.010736619170335,0.0003494518783348,13.1366181007185,28.869065354752152,32.22753576140069,25.715243699093755
0.79,31.22216815075064,131.01043387184782,14.376827853004569,4.545085267244794,12.207266772027152,35.978211197878565,-2.100044570994472,2.573216244636133,373.6203323159534,30.62928651733697,12.463070927867244,69.95120290560901,0.2297194648471475,113.94453520022957,573.8307573935303,15.288,0.0,6.944618524618789,0.0900230419434395,1.1011017508258253e-07,-0.0045321078971814,0.0112410511396555,0.0003679546375955,13.013896684356617,28.58671022935357,32.53232535312068,36.13119580142591
0.8,31.22216774132693,131.01043509532565,14.65026340463995,4.549589691000295,12.093448943776794,36.44551790092642,-2.1355792872150565,2.5530916413207327,377.42502064505743,30.91644457184145,12.588953124945256,69.94853193901348,0.2476987112473236,113.96367496750456,584.6254876198057,15.288,0.0,6.96646903064838,0.0908673132543842,1.1787971489504538e-07,-0.0047194023074239,0.011754894404585,0.0003867428558839,12.90898318250544,28.34201725175813,32.80200545002385,36.597195942964156
0.81,31.22216732859009,131.010436332365,14.926564057188674,4.550016085596449,11.971694054494696,23.95256105280852,-2.1732475892838594,2.531963771006032,273.9374926939919,31.22718148480411,12.723005986429603,69.94574882630715,0.2664845784315521,113.98367374793727,596.420700402775,15.288,0.0,6.9882146922466335,0.091780894182309,1.2597730378216852e-07,-0.0049121267536548,0.0122779803647352,0.0004065711742091,12.795382702585458,28.08041232194806,33.09403734851819,24.183858803146673
0.82,31.222166912740207,131.01043758246547,15.205589009481669,4.548562755539473,11.847683572328403,30.57683553285251,-2.21208829013735,2.5101810701121887,328.72500443277005,31.547775904500483,12.86040710908491,69.94285017965987,0.2860907295852165,114.0045461281582,608.7135801030271,15.288,0.0,7.009815085160861,0.0927234562880943,1.3440841939621925e-07,-0.0051102441708605,0.0128100255450495,0.0004273000986041,12.679163216480756,27.814422563563262,33.39557156513684,30.759343536740573
0.83,31.2221664937728,131.0104388456759,15.48735408429876,4.553799809439303,11.742939092371236,38.67638907765743,-2.2478472528963165,2.489393524717924,395.68750322465047,31.82120280945526,12.981129806004704,69.93983248543447,0.3065309201244838,114.02630680011546,619.29407857072,15.288,0.0,7.031292410219385,0.0935273946665529,1.4317828111698634e-07,-0.0053138944651796,0.0133512200224476,0.0004481674995592,12.583418244165852,27.591690129412196,33.652892672211244,38.821552898867914
0.84,31.222166071592653,131.01044012228425,15.771943328520772,4.557294540701949,11.63602901337931,24.148311099405944,-2.2846258868104434,2.4680212301038686,275.4593748256452,32.103055344651885,13.104700168886032,69.93669219831088,0.3278185606739064,114.04897009314706,630.2960851702325,15.288,0.0,7.052664185590504,0.0943561054622052,1.5229190125613806e-07,-0.0055232517350259,0.0139018328372563,0.0004699375818732,12.485177746001346,27.364792776163235,33.918300108664475,24.38137759005057
0.85,31.22216564650612,131.01044141150203,16.059133965018567,4.554715780787845,11.51632701170585,26.26871810443159,-2.324731080756044,2.4451406633257338,292.96093233939376,32.42319741933449,13.24160038659228,69.9334257938324,0.3499669716970377,114.07255023741052,642.912067679701,15.288,0.0,7.073913316426792,0.0952973639286367,1.6175484159857686e-07,-0.0057381651836958,0.0144612892037264,0.0004930782898926,12.372993928042195,27.110030190006334,34.22002191128004,26.48449807550398
0.86,31.222165218349584,131.01044271380033,16.34906232871113,4.556102688566262,11.40861570003948,32.71686409937893,-2.3630288729076168,2.4227715299996806,346.2265619465587,32.71365534996069,13.367970367812749,69.93002946683622,0.3729899744312545,114.09706201144672,654.4642852271619,15.288,0.0,7.095054291643136,0.0961513843693215,1.7157206661132853e-07,-0.0059589199585229,0.0150301452641005,0.0005166203718004,12.2735244702195,26.882499510863987,34.493898044227514,32.891441498329044
0.87,31.222164787157567,131.0104440291173,16.64171289579293,4.559201012307746,11.30711239627365,30.5127589286597,-2.4006084334687245,2.400493032371181,327.964078366998,32.98926388121884,13.489022069290389,69.92649950829616,0.3969012091681514,114.12251999339628,665.5195954740598,15.288,0.0,7.116086023847726,0.0969617681477097,1.817488257472498e-07,-0.0061856036263137,0.0156084381920528,0.0005407759978899,12.180576474919135,26.669418769808907,34.75387472085782,30.701038176058574
0.88,31.22216435297563,131.01044535736003,16.93706128662899,4.559118964886555,11.19987975625,26.465121017634484,-2.440075390868751,2.377252619864307,294.4828134710418,33.283942358670345,13.616655432856472,69.92283207794138,0.4217142253930092,114.14893867428084,677.4430649862348,15.288,0.0,7.136971443000018,0.0978282106680381,1.9229041700264882e-07,-0.0064182704039361,0.0161961197407885,0.0005661130262605,12.081280682346502,26.44419809973335,35.032032991518214,26.683476692699053
0.89,31.222163915895543,131.01044669831217,17.235047988630757,4.555925010126605,11.087266416744212,28.956678156120567,-2.4814868759160684,2.353014183272806,315.028134248087,33.597825841479974,13.75091165049444,69.91902320071456,0.4474426585055634,114.17633264435926,690.2607817204263,15.288,0.0,7.157741474574969,0.098751109471045,2.032021925689872e-07,-0.0066569703171848,0.0167931327932197,0.0005926874658204,11.975979739305185,26.20744882532078,35.32856072902058,29.1579090934034
0.9,31.22216347585115,131.01044805217853,17.53573362629668,4.559576381802708,10.992785679319516,31.91037481422921,-2.519323695568888,2.330029798332516,339.37814235421445,33.86028593494704,13.867034012498696,69.91506890651864,0.4741004923750463,114.20471685877013,701.0670416808889,15.288,0.0,7.1784054010515135,0.0995228727965683,2.144892926900083e-07,-0.0069019037353659,0.0173997914687348,0.0006192769636919,11.89013229063014,26.0119521736184,35.57645447737866,32.094361678163445
0.91,31.22216303292191,131.01044941877183,17.83906703680523,4.5600924702257215,10.892712143071977,24.44815144081108,-2.5590772026781416,2.306058225271357,277.7421810230789,34.14193127702001,13.98977460477446,69.91096511396911,0.5017011149189949,114.23410565215404,712.7575458680997,15.288,0.0,7.19895711020952,0.1003510342402411,2.2615703320198765e-07,-0.0071530991862597,0.0180159786104712,0.0006471352920416,11.79806697262578,25.804484464572827,35.842666129470146,24.689651466564726
0.92,31.22216258731996,131.01045079755352,18.144896898839896,4.557564752113048,10.787370897282624,28.96974841465449,-2.600778224577513,2.2810687865684933,315.02813424806214,34.44271198784054,14.119115953673196,69.90670763992684,0.5302579664266169,114.26451342049664,725.3499408877144,15.288,0.0,7.21938693296288,0.1012354476736385,2.3821106256739042e-07,-0.007410455462845,0.0186412700699778,0.0006763044411878,11.700113287726582,25.5856859537746,36.12719514145044,29.17556589666891
0.93,31.222162138961902,131.01045218876808,18.45329530034398,4.561294518061875,10.698167593185277,34.32397657648306,-2.639030070650304,2.257311028703619,359.1625070654728,34.694894247592714,14.23133059951294,69.9022923545441,0.559784477753593,114.29595454443132,735.9887440094958,15.288,0.0,7.239705286227933,0.1019770270915927,2.506561918159477e-07,-0.0076742074326223,0.0192760540298455,0.0007054824854174,11.61954162749527,25.40389023735696,36.36561095604368,34.49920724911025
0.94,31.222161687743263,131.01045359271134,18.76434895379258,4.558876430829625,10.596550425602222,25.102530073289,-2.681078302327458,2.231752991784034,283.0687504837787,34.98897476423023,14.358114276624857,69.8977149765247,0.5902937734266088,114.3284430927587,748.496021228823,15.288,0.0,7.25991191145964,0.102841764704671,2.6349730335036264e-07,-0.0079445372998404,0.0199205788923572,0.0007365020930349,11.525303988075065,25.19459736504477,36.6440043054807,25.343755016964767
0.95,31.222161233964734,131.0104550086103,19.07783980156529,4.55705339294996,10.497964232338653,32.30439161574486,-2.722998245388629,2.2060308104476967,342.4218736174873,35.27586951457709,14.482280794633375,69.8929710967663,0.621799437171668,114.36199362551469,760.7981374408822,15.288,0.0,7.279998733737936,0.1036853903164503,2.7674030626645933e-07,-0.0082212857503387,0.0205742899785865,0.0007683844274671,11.43420230797078,24.99268818129594,36.91567482004082,32.49392264784972
0.96,31.22216077733541,131.0104564372514,19.393994564494285,4.5582553667453904,10.407758995497185,31.662836311102872,-2.763263573773283,2.1808015601751274,337.09533515678345,35.53700071123482,14.597322983153436,69.88805624742739,0.6543148646946143,114.39662050898856,772.0800670985388,15.288,0.0,7.299981375655194,0.1044532986669987,2.903894985986461e-07,-0.0085048863108858,0.021238019845188,0.0008007504288181,11.352092673095964,24.810378750993888,37.162871760986285,31.857914625516514
0.97,31.22216031788144,131.01045787858277,19.71280093558432,4.557634244372379,10.314993084000935,20.493127493447865,-2.8048229724077847,2.154807540808452,245.02188719299323,35.80855016604493,14.715908553635508,69.88296583091889,0.6878536828191489,114.4323383610538,783.9005609773694,15.288,0.0,7.319857883621584,0.1052518379642543,3.044502161525084e-07,-0.0087954313908106,0.0219117920594647,0.0008344080416904,11.267036767118464,24.622821001089385,37.42008720261884,20.79611747195087
0.98,31.222159855901428,131.0104593318358,20.034042197639977,4.551176470444896,10.210884339688112,29.54687833917449,-2.8502988726399736,2.126895773563279,319.5937466429581,36.12166977188833,14.848943725335022,69.8776951848732,0.7224293348343434,114.46916160991404,797.6451640984917,15.288,0.0,7.339604621371782,0.1061725732386029,3.189286387327101e-07,-0.00909269752618,0.0225949108395223,0.0008701252285447,11.169401260630474,24.409903361718072,37.71711509318028,29.76013959787408
0.99,31.222159391250788,131.0104607974078,20.357834220875,4.554054794394804,10.128719287045351,32.229954980405,-2.889985762431765,2.1012774482581382,341.6609485517054,36.36013766465096,14.955755260733568,69.87223950692054,0.7580555254142926,114.50710496916952,808.186575314942,15.288,0.0,7.359246962207727,0.1068738933813866,3.338293798382637e-07,-0.0093970252935668,0.0232879731040718,0.0009051563596151,11.095665148630376,24.24767633102147,37.94287930659273,32.42741714445586
1.0,31.22215892393184,131.01046227530324,20.684180824278545,4.551253083709785,10.03556927948742,28.90672583575296,-2.933517511042983,2.0737638040377058,314.2672081822764,36.63909340297583,15.076633530535,69.86659404163947,0.7947450896227845,114.54618223271848,820.60927158899,15.288,0.0,7.378780832388268,0.1076942287161729,3.491576310406188e-07,-0.0097084781288706,0.0239909323128522,0.0009423016576367,11.009732337771217,24.060859237918685,38.207429027563535,29.129106059848805
1.01,31.222158454132988,131.01046376504272,21.01294786889531,4.549200612813957,9.945433637436302,30.20405934502301,-2.9767415923220417,2.046159790869387,324.9203161036979,36.90913638087096,15.194297237771243,69.86075384347659,0.8325113920560305,114.58640776507444,832.7239097525194,15.288,0.0,7.398203525110502,0.1084883754550981,3.6491913314764244e-07,-0.0100269901585505,0.0247034594844573,0.0009803583174849,10.926962996599975,23.881474624325893,38.46352822498288,30.41928600928862
1.02,31.222157981780096,131.01046526683027,21.34419621326847,4.548409213674937,9.859320228602297,25.305936963734087,-3.019276046064807,2.018638483473804,284.59063161540416,37.165980220350136,15.307246919500365,69.85471393869743,0.8713673591231635,114.6277954715816,844.3269136457144,15.288,0.0,7.417519708707504,0.1092437342920627,3.811186592194288e-07,-0.0103527679013221,0.0254258303307896,0.0010192215959851,10.848480838871982,23.711884327166167,38.70704692070003,25.56523762419949
1.03,31.222157506945585,131.01046678048516,21.67787691980705,4.5436895784351,9.76619982154632,20.77487964553586,-3.064669574518767,1.9896139372393773,247.30469339049705,37.45077057444992,15.429875807258716,69.84846929244132,0.911325664843442,114.670358995971,857.2885969893628,15.288,0.0,7.43672595704335,0.1100812466262665,3.9776151990523993e-07,-0.0106858304383853,0.0261579019099475,0.0010600385652682,10.76212623601029,23.52664800375159,38.97742395520614,21.09375233349293
1.04,31.222157029695623,131.01046830584497,22.01394635869085,4.542395234510432,9.681578920775603,32.711592031999785,-3.1078854580706827,1.961333905878936,345.46563688072297,37.70504434789784,15.541738143895964,69.84201469057098,0.9523993924877832,114.71411242562786,868.9412694752427,15.288,0.0,7.455824963105677,0.1108290687433358,4.148529961933694e-07,-0.0110262509033806,0.0268996537056741,0.0011011993257204,10.68501234698413,23.361558186057984,39.2185964774041,32.917381973340916
1.05,31.22215654974212,131.01046984366212,22.352621847530013,4.537899948979843,9.591542183979625,19.942442772591207,-3.15351149869269,1.9317354177458057,240.45625879819983,37.98173533946496,15.661340406639097,69.83534487566715,0.9946012458672832,114.75906945224574,881.7124862791494,15.288,0.0,7.474827040875643,0.1116427925610474,4.3239701321175014e-07,-0.0113744992418563,0.0276519106609138,0.0011442780623122,10.601764692920746,23.18444668370689,39.48134409790168,20.282437236058094
1.06,31.222156067328747,131.01047139331135,22.693727788352827,4.530668039405465,9.497150477861831,28.181925026620057,-3.201348591944712,1.900887288304952,308.17968365593924,38.277746576652085,15.787603917848136,69.82845437291152,1.03794450457406,114.8052443885263,895.4799802686349,15.288,0.0,7.4937242879871215,0.1125133154666116,4.50399911413525e-07,-0.0117303940880495,0.0284140934378259,0.0011892392076468,10.51353425670179,22.997670340983955,39.762733564261225,28.426799037106157
1.07,31.222155582339884,131.0104729550983,23.037354123495984,4.529229430757363,9.415892020249697,33.092122595323495,-3.2451631497154048,1.871636031691988,348.5093681440308,38.52302256365335,15.896031172848588,69.82133755183807,1.0824426525639284,114.852651774145,906.9629185506902,15.288,0.0,7.512527354225814,0.1132347169158183,4.688663528828826e-07,-0.012094265512526,0.0291867157470746,0.0012339449154103,10.439725002669608,22.84195214530607,39.99541895987293,33.303493557993555
1.08,31.22215509467296,131.01047452928776,23.383579214383413,4.526369749919233,9.33286618074866,22.44265723929359,-3.290159589199404,1.84160903708326,261.00157857466235,38.776390206701485,16.007190328431747,69.81398876535948,1.1281085970870843,114.90130554346077,918.9018633708282,15.288,0.0,7.531237411370472,0.113979912040436,4.878012243941439e-07,-0.0124663435575268,0.0299700621923466,0.001280229836593,10.36382244217642,22.682662602240462,40.23591910588752,22.75718651169965
1.09,31.222154604609727,131.01047611515543,23.73219924203852,4.516964552019761,9.237812340354065,20.68188244256081,-3.340276489853055,1.8089631898403755,246.54375332474407,39.08122067857288,16.13625141661272,69.80640224675801,1.1749552211176952,114.95121961384496,933.3748092130786,15.288,0.0,7.549843648008085,0.1148763873085226,5.072112556606806e-07,-0.0128463558639297,0.0307633692275432,0.0013295816169059,10.274384288318013,22.495689754981345,40.52601419777799,21.02784002742002
1.1,31.22215411222917,131.01047771250103,24.08315995245324,4.510702716409189,9.150288204597173,40.97962118748057,-3.3882588839558614,1.7770485541301195,413.1890617385841,39.35677795504725,16.254989207694695,69.79857210903343,1.2229953702996117,115.0024078729184,946.5515426985642,15.288,0.0,7.568349229755032,0.1156868259343765,5.271018413339874e-07,-0.0132343703202262,0.0315665931045955,0.0013793520092183,10.193177571107585,22.32677782783269,40.78799984225593,41.1578370726384
1.11,31.22215361711884,131.01047932237967,24.436765131198094,4.5108979784372165,9.07665988584488,30.137155939433,-3.4313405113821607,1.7471836979768596,324.1593910376397,39.57379482138055,16.35316424552364,69.79049231465342,1.2722419973443155,115.05488433317204,956.9865607406094,15.288,0.0,7.586758955371296,0.1163251978398107,5.474760655040315e-07,-0.0136311158455316,0.0323810342671485,0.0014284881689984,10.127357964235756,22.19110599070769,40.993597196322405,30.38214799347193
1.12,31.22215311933999,131.01048094462584,24.79297045897668,4.498586235292277,8.979443477125132,11.684028488441342,-3.484465300659569,1.712337356729433,172.73281794065943,39.89431181799625,16.48742874184149,69.78215680159663,1.322707479081586,115.10866240330968,972.517756094048,15.288,0.0,7.605076036649715,0.1172678129722243,5.683398241346781e-07,-0.0140365791606812,0.0332064520298755,0.0014828422057886,10.035021577459297,22.00032417055559,41.29903265623404,12.312193930143424
1.13,31.22215261950207,131.01048257768892,25.15133661615448,4.4928378851579565,8.896238801794409,35.4278362665066,-3.532596051510027,1.6795807163246104,367.5328077900705,40.15542628068054,16.600845695068404,69.7735591305051,1.374405429910254,115.16375682103036,985.2560605330992,15.288,0.0,7.623288427023283,0.1180358263709897,5.897017878662541e-07,-0.0144500753605769,0.0340412755554515,0.0015364629222675,9.958218501522824,21.84302678978011,41.54723606014667,35.64311727069048
1.14,31.222152116919343,131.010484223304,25.51236138018886,4.4916566862129805,8.822896459914617,19.84264250275519,-3.5771018839213737,1.648301568532497,239.69531773195544,40.3728396829188,16.698888255502958,69.76469307208697,1.4273476533170537,115.22018040723256,995.9193424008045,15.288,0.0,7.641420077533477,0.1186753908994751,6.115630146497312e-07,-0.0148727418637447,0.0348875857547523,0.0015899117105602,9.89235551726149,21.70965614748653,41.75326632953288,20.22975574348161
1.15,31.22215161208991,131.01048588019535,25.875683824474137,4.4777997044506845,8.726138566147073,19.562007091024544,-3.632269973541269,1.6116484061154437,237.41251153546767,40.69817858802324,16.83458186176909,69.75555229558309,1.4815457465193635,115.27794577291186,1011.9996495714169,15.288,0.0,7.659449180323125,0.1196322105244017,6.339319859439778e-07,-0.0153038825560676,0.0357437898898668,0.0016491270340668,9.80004359418981,21.52108867559168,42.06358442259532,19.961535942279554
1.16,31.222151105156296,131.01048754800172,26.24120389307513,4.477455561250582,8.656266066964594,50.38289805288776,-3.6762730514142015,1.5800990145126377,490.0437743845894,40.900614032751626,16.927225508491325,69.74613009312017,1.5370124650238304,115.33706677605744,1022.056308144467,15.288,0.0,7.677383351043233,0.1202277650343969,6.568142920689257e-07,-0.0157435261620933,0.0366097630623501,0.0017048811270495,9.737850140569025,21.39700851313941,42.25517035258165,50.54154838003976
1.17,31.22215059520848,131.01048922899994,26.60957387832408,4.470355530307093,8.574466486663724,9.34411175308056,-3.726068665333632,1.5454927440093555,153.70937929486794,41.15900147731488,17.03933227074312,69.73641994691211,1.5937588665396851,115.39755547886172,1034.9740469419232,15.288,0.0,7.695246053571346,0.1209878004941109,6.802095316194351e-07,-0.0161931635380694,0.0374882047565733,0.0017645884378751,9.66209517997106,21.24502505515764,42.50085373575446,10.177650022211658
1.18,31.222150083436983,131.0104909201824,26.979939025564693,4.454303966516206,8.476846510223991,24.75779490343508,-3.7839068002381193,1.506673760493405,280.02501822196746,41.49525976361608,17.17860132665528,69.72641502980848,1.651796775109616,115.45942477036472,1051.916635572679,15.288,0.0,7.712999116080224,0.1219767490450195,7.041310621968979e-07,-0.0166509782444323,0.0383753822270816,0.0018292357775127,9.568318366420067,21.05544962778389,42.82194736225734,25.090564461047975
1.19,31.22214956930108,131.0104926229006,27.35268779708048,4.4573999897986365,8.415988425219117,42.87538286703708,-3.82500587666932,1.4757757024511655,428.4078130529292,41.653952176259885,17.25569252891569,69.7161082965533,1.7111383000973828,115.52268785938152,1059.9398623185912,15.288,0.0,7.7306733849550655,0.1224437459598768,7.285794925100695e-07,-0.0171181453897284,0.0392733760202042,0.0018876819364765,9.515992893722112,20.954694002296637,42.97118389599736,43.07095355196489
1.2,31.22214905232609,131.01049433831395,27.72815376059664,4.44474224246802,8.326719491509845,4.867612161045473,-3.8802083665810674,1.4376710049810548,117.1843741360236,41.952345819685775,17.381548169364777,69.70549297907193,1.7717934351421238,115.58735571277208,1075.1415180504853,15.288,0.0,7.748270974955923,0.1233214106350112,7.535573915368241e-07,-0.0175954156667528,0.0401833889636041,0.0019541415180601,9.431365548605504,20.78604537342415,43.2557046139987,6.388784159525717
1.21,31.2221485337148,131.01049606341175,28.1054814360716,4.432713712524901,8.239612385234537,34.51621034024262,-3.9351115411505866,1.3994054358658494,359.92343213200894,42.24227109337623,17.50438358885157,69.69456174638225,1.8337740756824987,115.65344133682508,1090.0135828344592,15.288,0.0,7.765763025874005,0.1241741919785414,7.790785531260981e-07,-0.018080935863745,0.0411017119898184,0.0020218673264419,9.349035769662256,20.62290884513958,43.53208987302308,34.76797685611142
1.22,31.222148012541243,131.01049780048075,28.485325936112098,4.433862210315742,8.177406351091369,25.12599643413,-3.977864596505497,1.3669081499490918,283.0687504825761,42.40534325997052,17.582760061625233,69.6833074120763,1.8970906245444588,115.72095616379949,1098.4055282848478,15.288,0.0,7.783159365363279,0.1246540887145761,8.051402690554142e-07,-0.0185765199762589,0.0420315618599273,0.0020852281727364,9.2949120519683,20.520746603299404,43.68549084571347,25.475626419117596
1.23,31.22214748916364,131.01049954860244,28.867428282144672,4.420223998531781,8.089136207923845,10.05630714640512,-4.034485854074808,1.3271899944458527,159.79687382222795,42.702829755208185,17.708087875991176,69.67172293575744,1.9617520108566715,115.78991006762604,1113.8300037748547,15.288,0.0,7.800455778108973,0.1255291167338225,8.317509533168265e-07,-0.0190815115365504,0.0429714890393237,0.0021568608610635,9.210996970012978,20.355722188988583,43.9692513638257,10.916401550461837
1.24,31.222146964091248,131.01050130650404,29.25142865037285,4.411505494373329,8.010633361156195,41.68313758141936,-4.086599533873835,1.2894289976389472,418.51563019980495,42.95068046861999,17.815991884944605,69.6598008186699,2.0277684876726183,115.86031434897292,1126.7554805401985,15.288,0.0,7.81765394830212,0.126258245174945,8.589190884787085e-07,-0.0195951849739283,0.0439199654461363,0.0022276968761322,9.138085453622196,20.21486605489959,44.20489238505139,41.90282665312383
1.25,31.22214643645428,131.01050307630305,29.637933804793388,4.410278679974658,7.946272667416965,20.375520489999843,-4.131427535621756,1.2550755697315297,244.26094612573488,43.122609143360975,17.897241926513928,69.64753367355021,2.0951489809505826,115.93217891072103,1135.752015841938,15.288,0.0,7.834782701345552,0.1267642013788211,8.866417271846578e-07,-0.0201192884327583,0.0448799946176807,0.0022963506287217,9.081238382357098,20.109211386346164,44.36680916520055,20.828003826728906
1.26,31.22214590681435,131.01050485658646,30.0265438309074,4.393603201704083,7.855282162063158,12.180107820902688,-4.19144861759979,1.2126956781760203,177.29844633640863,43.43880601284671,18.0289249617452,69.6349141250329,2.163901556845796,116.00551275280309,1152.4258774055884,15.288,0.0,7.851818155721602,0.1276942609451958,9.149292021476616e-07,-0.0206527574341858,0.0458494134930592,0.0023744348863484,8.99377895153141,19.938602728603826,44.66884895358992,12.938079411205544
1.27,31.22214537535675,131.01050664688523,30.417128128694586,4.38923602985576,7.786806501205514,40.10717032186818,-4.239320253087336,1.1762117381477355,405.5796860799648,43.6323724236058,18.11762110571441,69.62193418791438,2.2340361839038283,116.0803269212934,1162.6757164828134,15.288,0.0,7.868768537962469,0.1282638410862994,9.437869241367684e-07,-0.0211955335010063,0.0468279305050237,0.0024476043975402,8.932017881094003,19.823850070354563,44.85175928765776,40.347743697616316
1.28,31.22214484137577,131.01050844888456,30.810170091001776,4.38187244510276,7.713785591564739,13.287790799019914,-4.290129736890697,1.1379302055342069,186.4296881246888,43.85039748901208,18.214801621807936,69.60858633162748,2.3055599732733096,116.1566294324568,1174.2798729708322,15.288,0.0,7.885648222752746,0.1289053299933889,9.732134765572177e-07,-0.0217489682787179,0.0478177484078778,0.0025239679774921,8.864936588480806,19.698444821437132,45.05841903321016,14.009478314003674
1.29,31.222144305720548,131.01051026048825,31.205075132552345,4.366707194271787,7.627955296204275,21.572161144599832,-4.348992190988977,1.095157501458517,254.15312898457216,44.14140238020203,18.33749541527992,69.59486270823113,2.37848060333497,116.23442892282657,1189.8722199285935,15.288,0.0,7.9023900021163715,0.1297613642667759,1.0032215308431628e-06,-0.0223114899048243,0.0488158582848926,0.0026063327954508,8.782994930561358,19.54171149539854,45.33606238393456,22.0334118891938
1.3,31.22214376808543,131.01051208241304,31.602050671607014,4.365762519817033,7.567331901036739,30.980166950424245,-4.393002843551682,1.0597890074987644,331.0078106278993,44.28734490077048,18.409313376349857,69.58075521860715,2.4528059888098097,116.31373430037924,1197.7075785884597,15.288,0.0,7.919055751847061,0.1301909711331021,1.0338114708348004e-06,-0.0228839565815386,0.0498235846031473,0.0026819419058825,8.730028477580893,19.448224900007787,45.47256580429025,31.308024067322215
1.31,31.222143228080647,131.01051391555515,32.00135504694536,4.3517091139545245,7.484961768591433,6.467457799858681,-4.450753803547218,1.0169447825349252,130.8812523207192,44.559184170482894,18.525172688245817,69.56625613611857,2.528541605090944,116.39455188854365,1212.4094424204527,15.288,0.0,7.935646789753857,0.1309906841010385,1.0649848986165426e-06,-0.023467085031907,0.050841952259836,0.0027670583937348,8.651828238582102,19.300954890566132,45.73157786910872,7.916526795474637
1.32,31.22214268664112,131.01051575763765,32.40234237511318,4.339376427236664,7.406291592386779,36.57044704314593,-4.506738603384776,0.9746850661288348,376.6640645805601,44.81032488315628,18.633743691840312,69.55135707291632,2.605694884623279,116.47689011586804,1226.0672813860458,15.288,0.0,7.9521463759362785,0.1317295589365858,1.096755133706688e-06,-0.0240591473503007,0.0518677582770125,0.0028527488595042,8.577779818901881,19.163261772612525,45.97046529515272,36.85998237591703
1.33,31.22214214281245,131.0105176109126,32.805657490564954,4.337118419500392,7.34523231676082,17.362573898530346,-4.551605416747644,0.9379799924878772,219.91093801978792,44.95453225017182,18.70475763744928,69.53604980571164,2.6842716923940606,116.56075575970424,1233.9235592166265,15.288,0.0,7.968584085112162,0.1321540890125666,1.1291157670963204e-06,-0.0246622879536592,0.0529044923119392,0.0029335617561657,8.524073664298328,19.0704742076214,46.10516085559452,17.973755609721675
1.34,31.22214159698956,131.0105194743874,33.21102037604712,4.318043342100422,7.256697283158503,11.013851758969784,-4.6149840193295,0.8911234159129888,168.1671895463213,45.265858540239606,18.834323797545945,69.52032623391938,2.76427653322055,116.64615416324476,1251.024745061745,15.288,0.0,7.984907993987639,0.1330699124156476,1.1620765571606117e-06,-0.0252756014575282,0.0539503676624739,0.0030272182643538,8.43832397744773,18.90877383884315,46.402692850631794,11.97485319365615
1.35,31.2221410494912,131.01052134727783,33.6182107322112,4.310225273712747,7.187558470729987,43.19275067185733,-4.665751640437152,0.8506286146563163,430.6906502517929,45.45763394493959,18.92192167661588,69.50417735792023,2.8457167131498453,116.7330936798062,1261.5981413907316,15.288,0.0,8.001135265181217,0.1336342966790841,1.1956440839891168e-06,-0.025898702738493,0.0550045374834936,0.0031148656702675,8.37504903799681,18.796647335607982,46.58369411991678,43.452347669735246
1.36,31.22214049949093,131.01052323149403,34.02777564693896,4.30238940527694,7.118986697594109,12.96062741623122,-4.7163269171482165,0.8099181921667191,184.14688192685685,45.644362498724696,19.007678782794688,69.48759477981726,2.928596189953917,116.82157911054392,1271.9340355729823,15.288,0.0,8.017303398157107,0.1341838531574164,1.2298135775877908e-06,-0.0265333997921718,0.0560698136073409,0.0032041839576837,8.31234846273172,18.686567674407407,46.75973528233162,13.815844892361225
1.37,31.22213994786585,131.01052512491808,34.43911466994509,4.2848323565731405,7.035199340172835,16.49944243510308,-4.778067852341739,0.7628456841707131,213.06250343083377,45.928459253552376,19.127578260167727,69.47056986460944,3.0129190006605846,116.91161535965196,1287.7657992616173,15.288,0.0,8.033388251067601,0.1350196587044857,1.2645999239476744e-06,-0.0271777549897849,0.0571427273689024,0.003302293634482,8.231732641277908,18.53794929491533,47.0307710232286,17.194285870856042
1.38,31.22213939447991,131.01052702783653,34.85231247612074,4.280065525790121,6.97279815747857,37.686230581219625,-4.824679833274874,0.723610432817761,385.7953213659793,46.07342697911326,19.198590774003154,69.45309361548676,3.0986897134061167,117.0032079209111,1295.8565431411375,15.288,0.0,8.049404462830582,0.1354464639398719,1.3000038502326948e-06,-0.0278323500311007,0.0582240469233902,0.0033923713357237,8.176081859391685,18.4446856241432,47.16600994009253,38.00069898005753
1.39,31.222138838730352,131.01052894160455,35.26775782698502,4.266327026463506,6.896452180782349,8.177347890158702,-4.8816774206920845,0.6783808311385773,145.33906257168647,46.30819676397164,19.301086745568423,69.43515752059304,3.1859101060905703,117.09635933058208,1309.0441600353213,15.288,0.0,8.0652999948688,0.1361372775550303,1.3360231314155507e-06,-0.028498474086028,0.0593156536701477,0.0034911228570751,8.103985480173046,18.31616167438492,47.388875057533376,9.547774269872228
1.4,31.222138281546005,131.01053086401072,35.684823848947865,4.24980205699972,6.816335757040863,28.810013673989616,-4.941995766939617,0.6309584971776331,313.50625311863485,46.56887384117042,19.41267016317423,69.41675248336138,3.2745833390203085,117.19107362108576,1323.7702789570988,15.288,0.0,8.081113403516147,0.1369042630184563,1.3726728691410707e-06,-0.0291740750677374,0.0604139795942605,0.0035938594170774,8.027324116200614,18.17816473076434,47.63705747668784,29.237618211493874
1.41,31.222137722191466,131.01053279672064,36.103987796260576,4.245227700883341,6.7557505743842015,17.689976541390376,-4.987414226872753,0.591368759967769,222.9546852836364,46.695679942946704,19.47715081353805,69.39786928623252,3.3647121119580845,117.28735435752029,1330.9356912142837,15.288,0.0,8.096871326246754,0.1372777000842371,1.4099461110112915e-06,-0.0298611124344847,0.0615219841702952,0.0036883612326968,7.973612578049384,18.091504845275043,47.75441355159994,18.38910785534797
1.42,31.22213716081504,131.01053473932808,36.52513669166001,4.226581088254196,6.673591660812689,8.80519108358864,-5.050096604695542,0.541890168451762,150.66563203211305,46.97006688917413,19.593484668531808,69.3784991499297,3.456296572642644,117.38520240031282,1346.5684913719167,15.288,0.0,8.112562030312501,0.1380850095000273,1.447850252566092e-06,-0.0305590885857337,0.0626386152668361,0.0037965993132498,7.89429704697828,17.94897149050822,48.015983529054765,10.165063240823
1.43,31.222136597952304,131.01053669055923,36.94791088959089,4.213837782369788,6.601243967896076,44.033976518313054,-5.1051920386708165,0.4962163433566785,437.539069843865,47.175784004008136,19.68565523887605,69.35863239962511,3.5493393086534484,117.48462123905792,1358.3344080972013,15.288,0.0,8.128128961730255,0.1386904490903548,1.4863947765893134e-06,-0.0312669408039049,0.0637619728285118,0.0039013962755341,7.826505337631217,17.832596718198083,48.210412465245305,44.331707664226826
1.44,31.22213603241607,131.01053865307884,37.373071622823474,4.203664027776397,6.533419549160823,12.995231306043255,-5.1566892114512655,0.4521784371258388,184.90782199166685,47.34749869285344,19.76580201482781,69.33825966690749,3.6438408305835166,117.58561217007173,1368.1848889665664,15.288,0.0,8.143638248181102,0.1391959351840515,1.525567197615254e-06,-0.031987651579334,0.0648965274550869,0.0040056887769676,7.763998880939104,17.728767055292447,48.37154322892421,13.988278866968091
1.45,31.222135465085245,131.01054062481631,37.80003233673806,4.181018265461719,6.447050123113142,11.95643290584797,-5.224271314703925,0.3987249723269934,176.53750627236283,47.6534442954878,19.893196082116,69.31737138195318,3.739801464220756,117.68817631369096,1385.8667768218609,15.288,0.0,8.159079882846145,0.1400960535692543,1.565384916527274e-06,-0.032718982402833,0.0660385046295742,0.0041235766687078,7.679290576306511,17.57611703291137,48.66400890340498,13.05405225227935
1.46,31.222134895972644,131.01054260570254,38.22877633440417,4.173817930750449,6.384854720993342,44.21821992351189,-5.27124227156868,0.3564774144284154,439.06095097160846,47.78140160058604,19.957878100351685,69.29595724338301,3.8372232001868016,117.79231659564164,1393.261930024318,15.288,0.0,8.174466145860041,0.1404729142919737,1.6058494833982147e-06,-0.0334612360069462,0.0671881615321207,0.0042282724410477,7.623314864760676,17.488227924923788,48.782257766771245,44.532730035746
1.47,31.22213432402626,131.01054459804448,38.65996247999846,4.15514589178798,6.305743831031805,1.929190873940332,-5.333206580056729,0.305341464051947,95.11718822828608,48.03309463353379,20.066114923977963,69.27400783300445,3.9361039242814018,117.89803158035488,1407.9205339290845,15.288,0.0,8.189740553182281,0.1412135559484247,1.6469516051079867e-06,-0.0342169301141173,0.0683491059178962,0.0043463602068508,7.547042767066334,17.355805221392508,49.02160021859699,5.679621753543492
1.48,31.22213375054232,131.0105465988652,39.09274678576121,4.132921495344954,6.221977411083674,28.867512897868384,-5.399979729805574,0.2510222667854493,314.26720818612995,48.32160522408722,20.18735058176702,69.25151266114827,4.036444344185001,118.00532287167928,1424.8254146372417,15.288,0.0,8.204945761104826,0.14206244865903,1.688713964275421e-06,-0.0349828331313373,0.069516136856512,0.0044701528824065,7.4650400729221476,17.211023592437403,49.29703136544812,29.36930530620925
1.49,31.222133174584023,131.01054861021458,39.52771505024968,4.126517000403588,6.1623489851302455,26.710380837376583,-5.44452262096514,0.2089987136625736,296.765619663911,48.422266678667576,20.242281520608145,69.2284611267063,4.138244528469008,118.11419141958612,1430.708067902537,15.288,0.0,8.220113892620018,0.1423590859567655,1.7311239583994744e-06,-0.0357617164803676,0.0706932210749806,0.0045790076040713,7.4119467990897725,17.1320426696121,49.38838105540659,27.260428307534127
1.5,31.22213259613837,131.01055063204,39.9648547038656,4.102046991301259,6.076507979893396,4.513712602673065,-5.514088693432526,0.1521776056611093,116.42344107135528,48.72690200448695,20.369178607412884,69.20484336803644,4.24150103856607,118.22463444890398,1448.7056515647953,15.288,0.0,8.23520555539541,0.143255405791187,1.774188536080252e-06,-0.0365533714468163,0.0718797381944809,0.0047096202660968,7.327181069985103,16.982356757749617,49.679609341991664,7.127547516659207
1.51,31.22213201606858,131.01055266237356,40.40360916563522,4.084337903130328,6.001194350671267,40.55697999244728,-5.573868217926002,0.1005253468971328,409.3843734110053,48.94831766851482,20.466712968847823,69.1806481535755,4.34621408445636,118.33665311277416,1461.8398063964544,15.288,0.0,8.250191326975715,0.1439070729654175,1.81792311246764e-06,-0.0373557087390399,0.0730723277186092,0.0048346617237511,7.255003880461889,16.861721750126218,49.88926041814687,40.93832847545126
1.52,31.222131433135807,131.0105547038858,40.844740011306776,4.0719143541149725,5.9340986276800045,13.670900475620758,-5.625562348596481,0.0531341962744967,190.99531651748063,49.10096888769797,20.53990676912556,69.15586497799737,4.452380405351679,118.45024488204096,1470.9095197519412,15.288,0.0,8.265146486685374,0.1443565833803046,1.86231095831322e-06,-0.0381722417637367,0.0742759157117258,0.0049555362860647,7.192681439016418,16.76426474024624,50.03142938177558,14.783209894846518
1.53,31.222130848375613,131.0105567542206,41.28758008580617,4.0472611413404,5.849905332093801,15.907934093704169,-5.694933787142467,-0.005014210023693,209.25781510265423,49.39445790746032,20.662907467492225,69.1304833850306,4.5599956137554445,118.5654060466718,1488.482733899443,15.288,0.0,8.280045268302588,0.1452201655131864,1.907374728311813e-06,-0.0389999242185093,0.0754857268040703,0.0050930323986124,7.109482267958962,16.619868446633554,50.311763216657525,16.896587321464487
1.54,31.222130261520864,131.0105588139095,41.73228316760196,4.0352896353502015,5.784355639836195,32.29948165082553,-5.744935127046601,-0.0522975936924482,342.42187361453745,49.529867306403766,20.729986770434337,69.10449205860152,4.669057111034968,118.68213484032916,1496.590984533843,15.288,0.0,8.294824006049613,0.1456190014685047,1.953110447809829e-06,-0.0398398244822989,0.0767030757709142,0.0052167554044006,7.048897456523691,16.52787487912396,50.43692911702809,32.806455608070415
1.55,31.22212967200256,131.01056088410851,42.17917979915615,4.014225726183272,5.706380854875618,5.2034098590135285,-5.808250508899032,-0.1078706599351733,122.51094359707427,49.76938718258791,20.833898500090527,69.07788065669916,4.7795581637155165,118.80042509981952,1511.0357237132414,15.288,0.0,8.309562199089097,0.146323933900106,1.999514055617256e-06,-0.040693403237444,0.077929765050379,0.0053540638819067,6.973052320074323,16.40167798465911,50.66426227126165,7.79890275707294
1.56,31.22212908101289,131.01056296216723,42.62751992797217,3.9936764705271486,5.629713409599272,30.59905951357388,-5.870413186328884,-0.1632449097700904,328.7250044353954,49.99790133113708,20.933951938988503,69.05063799926876,4.891493732210366,118.92027250092592,1524.8776010934885,15.288,0.0,8.32424565339869,0.1469965184134686,2.0466083963936382e-06,-0.0415572730313724,0.0791606697753665,0.0054925921209284,6.898677225086321,16.279382885370655,50.88079240663066,31.157516637145942
1.57,31.222128487575453,131.01056505012414,43.07788461549052,3.981127254342669,5.564642014148748,15.96387049417332,-5.919414853678282,-0.2112689968925069,210.01875616350367,50.12103363524632,20.99663692339772,69.02275334938898,5.004856386863306,119.04167019123612,1532.3313151329344,15.288,0.0,8.338833303384764,0.1473592832498626,2.094377302365875e-06,-0.0424344499085947,0.0803998091132091,0.0056220969807552,6.83847455432216,16.190631287114464,50.99375205388224,17.02730947489158
1.58,31.22212789202867,131.01056714716583,43.53004507614874,3.9564226754538177,5.483190676904694,6.196818066057667,-5.987196391431013,-0.2709983562860053,130.881252323257,50.389807153021536,21.110996423018523,68.99421631511403,5.119636702642383,119.16460920741042,1548.74230485438,15.288,0.0,8.353351441193935,0.1481502521364516,2.1428321541021e-06,-0.0433237016125711,0.0816451392503082,0.0057704425190637,6.758019641726967,16.055669790460758,51.24979064220948,8.620934687288434
1.59,31.22212729478182,131.01056925235713,43.98373850475708,3.9385677767592737,5.411716973268232,37.52094509379178,-6.043447466651833,-0.3243076760430937,385.03439630430495,50.56716259073218,21.192945863885107,68.96501541497985,5.23582761372331,119.2890831406646,1559.5956133307775,15.288,0.0,8.367825350215064,0.1486724534936011,2.191980473006065e-06,-0.044224007029824,0.0828949758824273,0.0059108318938261,6.689755234371363,15.949604570510818,51.41596972253818,38.00591734825326
1.6,31.222126694749875,131.01057136792068,44.43959738457672,3.921465236186077,5.341665266898144,10.582964095894722,-6.097755461081181,-0.3769437750023352,166.64532341110595,50.72799613171929,21.26901098124578,68.93513988431023,5.353418914164168,119.41508224847814,1569.463511585623,15.288,0.0,8.382215254806413,0.1491460875931549,2.241804932383128e-06,-0.0451386448757901,0.0841535503499394,0.0060520029492232,6.623192886338387,15.848384038238724,51.565847982328,12.21981330985278
1.61,31.22212609293604,131.0105734916517,44.896998589118354,3.8953216736143217,5.259883750829435,14.511213166324591,-6.166560152986516,-0.4388964138489753,198.60469218265743,50.999239496893935,21.384375446013905,68.9045787196654,5.4724001762980095,119.54259657606468,1586.2225485924823,15.288,0.0,8.396525312577069,0.1499443483146367,2.2923283902161475e-06,-0.0460644015638782,0.0854161425027103,0.0062088754893619,6.541960343572926,15.713402597964569,51.824300075553,15.773217862598703
1.62,31.222125488995623,131.0105756242102,45.356131566548754,3.8813884134375134,5.19496632568333,26.4244685939721,-6.214032992397136,-0.4883583835190989,295.2437695318118,51.106190900987166,21.44131016182092,68.87332024865555,5.5927619409577805,119.6716172364402,1592.812234427029,15.288,0.0,8.41080369113463,0.1502595781518192,2.34354323069543e-06,-0.0470025600935743,0.0866842263458233,0.0063483327343566,6.481630404429498,15.628256774760692,51.921096686063045,27.149682142065153
1.63,31.22212488259653,131.0105777661963,45.81716806367553,3.8572349597975215,5.116845983386705,5.380087053197423,-6.278251400388721,-0.5486011725456345,124.79374979481824,51.33966714024376,21.54330677604469,68.84135409121076,5.71449008907475,119.8021303754158,1607.3276378112705,15.288,0.0,8.424986535690035,0.1509468177120965,2.395447751741852e-06,-0.0479539523623895,0.087958590306189,0.0065061319858749,6.404747252815477,15.50484160322788,52.14235146232772,8.286298364950657
1.64,31.22212427465612,131.01057991562888,46.27954908262622,3.8342523477132624,5.040775664981816,37.770294806540505,-6.339811101027899,-0.6077632343929296,387.317202502268,51.552439415548,21.63800113917508,68.8086687761753,5.83757269768532,119.93412451871929,1620.6060581948143,15.288,0.0,8.439093629242656,0.1515731934556331,2.4480606094477967e-06,-0.0489156356408101,0.0892350233963749,0.0066638166137155,6.330319808711304,15.38778272793614,52.34322155451707,38.303495280702215
1.65,31.22212366379672,131.0105820752769,46.74406056263615,3.8174518307886567,4.973231476970946,10.801688101824128,-6.389580861628779,-0.6601642110121385,168.9281306090331,51.675526703987934,21.700705630764784,68.77525298318267,5.961996453935256,120.06758673194066,1628.2813681624295,15.288,0.0,8.453183678359078,0.1519358884652659,2.501353946288025e-06,-0.0498922616998433,0.0905193669763607,0.0068127873162855,6.266525555469837,15.296863459200535,52.45573951399143,12.567379449267975
1.66,31.222123050740528,131.010584243555,47.210255311981335,3.786982355620464,4.888424306370643,8.812277746233475,-6.46326449197019,-0.7280295851425173,152.94843823292413,51.97621235531398,21.82686982604172,68.74109567745495,6.0877463550847,120.2025022929914,1647.2117370374056,15.288,0.0,8.467160009788588,0.1528207659312538,2.555348341301552e-06,-0.0508811328174955,0.0918077166921021,0.0069879319949979,6.180865817403824,15.154312834286491,52.74315298753873,10.952627723371556
1.67,31.22212243565245,131.01058642006095,47.67802179124198,3.769277393964884,4.820491628086766,44.60953432961044,-6.5128463039976126,-0.7814177713077193,442.8656393001777,52.097474510352725,21.88899171717801,68.70618420256288,6.214810815608127,120.33886017466452,1654.832303335958,15.288,0.0,8.481088803048939,0.153178110636977,2.6100443327624303e-06,-0.0518820519788857,0.0930995330445994,0.0071416993205027,6.116456811710523,15.063436150442536,52.853782580677446,45.08922636082264
1.68,31.222121817133434,131.0105886075375,48.14813699080678,3.743479907715909,4.742721862289331,0.1359710134054506,-6.576599882206491,-0.8442895468461815,82.94219117491815,52.32183463917401,21.987984030385,68.67050748632472,6.343173024456192,120.47664377236748,1669.0408041456228,15.288,0.0,8.49500445368295,0.1538385956733846,2.6654178375213968e-06,-0.0528994805134014,0.0944001628120821,0.0073127797873712,6.0394554500167565,14.943007159196132,53.06596918005551,6.631966447897536
1.69,31.222121197089745,131.01059080204192,48.619488079240654,3.71624956822182,4.663586359235774,27.763865795949457,-6.642306521929265,-0.9090324048765114,306.6578325295533,52.560747733152006,22.0923019531964,68.63405317269681,6.472818631477542,120.61583914662349,1684.2417266322325,15.288,0.0,8.508780765603934,0.1545418792765769,2.7215110485166795e-06,-0.053926836215017,0.095700865229578,0.0074885016110576,5.960623098425588,14.818675706275684,53.29249355457372,28.561842023578794
1.7,31.22212057416136,131.01059300623012,49.09282728398894,3.697891079980757,4.5959743224604,14.023063780285336,-6.689979895118856,-0.9629285427262678,195.56094491290364,52.667690264818944,22.14935955808152,68.59680961472327,6.603730445052947,120.75642933833564,1691.025442083492,15.288,0.0,8.52254431655491,0.1548571449818353,2.7782924689554866e-06,-0.0549689920734348,0.0970074728727945,0.0076484026024376,5.89644203819134,14.73084498127842,53.38885026693086,15.566932265589193
1.71,31.22211994879583,131.01059521910008,49.567872636545125,3.667390394892172,4.51379258460254,8.174616506694996,-6.760419679881121,-1.0319678034680149,148.38280983672328,52.93944369011963,22.26559556316309,68.55876582396719,6.73588872769847,120.8983946778458,1708.44308117645,15.288,0.0,8.5362490325189,0.155657007911226,2.8357774835272646e-06,-0.0560240247042206,0.0983171714680631,0.0078350639207084,5.813452671314358,14.597604892639406,53.64773538661096,10.657982305626561
1.72,31.22211932137848,131.0105974398113,50.044388770568965,3.6463423273111273,4.443602008917066,34.50669523184923,-6.811096130214936,-1.0889858178601834,361.44531325985855,53.06939336178381,22.3310100033524,68.51990913605647,6.869277026704868,121.04171904950783,1716.7621293469745,15.288,0.0,8.549857686235761,0.1560399364495747,2.893971668742524e-06,-0.0570907321079494,0.0996281576455874,0.0080034771891184,5.745845093623138,14.502907951938996,53.76669321621509,35.189329866171875
1.73,31.222118690845207,131.01059967036468,50.52294123115964,3.620341928255221,4.367835821610838,5.321529762989381,-6.870635451351314,-1.1523415105015018,125.5546908582312,53.26265785312447,22.41921046504588,68.48022872825052,7.003873408145619,121.18638047529936,1729.2093360458484,15.288,0.0,8.56345463885347,0.1566090382790124,2.9528535896427703e-06,-0.0581727448256225,0.1009444804385081,0.008184485645631,5.670931025508664,14.390925318811824,53.94809155089697,8.766538740037152
1.74,31.222118058451542,131.01060190819769,51.00280857402671,3.590260306990647,4.28761635402384,27.51967828574828,-6.937572804530157,-1.2211743588275064,305.13595139666023,53.50949789412935,22.52681767734661,68.43971280395894,7.1396574831745365,121.3323586583024,1745.1936514158272,15.288,0.0,8.57694873748647,0.1573356784896177,3.012453350074001e-06,-0.0592652967563607,0.1022599731651628,0.0083764559699665,5.590129389786392,14.26481252796127,54.18236667678907,28.4069335934715
1.75,31.22211742310925,131.0106041553538,51.48456831110671,3.5697068549097155,4.219131692219032,17.52874691801051,-6.98344120255083,-1.2769625587885278,224.4765664120468,53.60741368933412,22.58083656613901,68.39834927670773,7.276608619436151,121.47963306615992,1751.5053716490663,15.288,0.0,8.590400902641331,0.1576244408785326,3.0727417354788715e-06,-0.0603726089224788,0.1035793548639395,0.0085481800330978,5.5245662530744175,14.177663096523498,54.26955455533642,18.911796660330694
1.76,31.222116785278963,131.01060641082583,51.96793722305093,3.538756263821231,4.138845908303712,4.705117521862525,-7.050110431889075,-1.3470249985073914,120.98906246686956,53.85285044605892,22.688133295218005,68.35612750455373,7.4147019634933855,121.62817864792515,1767.498190891955,15.288,0.0,8.603819716741443,0.1583469745852376,3.1337346830864608e-06,-0.0614924781030901,0.1048995596329393,0.008746199423026,5.443440681588695,14.051977921333355,54.50241358161182,8.582346086180209
1.77,31.22211614549616,131.01060867349923,52.45260292583343,3.5143473891651205,4.066554020751957,35.773179542217854,-7.101427922277964,-1.4076956302147725,372.0984511817177,53.99252123217526,22.757370526933546,68.31303543778829,7.553915093566598,121.77797298844132,1776.5955551797224,15.288,0.0,8.61711902842191,0.1587585263749571,3.1954405833701334e-06,-0.0626229669746934,0.1062179710100745,0.0089296759990548,5.372778478181177,13.953448516192031,54.63075788501106,36.49838708877954
1.78,31.222115502413736,131.0106109458563,52.93926463676056,3.4873849340707967,3.991736186755933,4.01236234119441,-7.156958253303218,-1.471844515331424,115.66250100244405,54.16222706151798,22.83751129250129,68.26906246397205,7.694221486022324,121.92898928084615,1787.6976455806002,15.288,0.0,8.630413786649955,0.1592584011856079,3.257827362160316e-06,-0.0637690221226402,0.1075399197245274,0.0091212510636895,5.298690718011105,13.846999596817952,54.78874040399042,8.335912024120177
1.79,31.222114857362826,131.010613225254,53.42717965240512,3.454442576443381,3.9105417926585018,24.347520162815616,-7.2245964603550705,-1.5447890747038329,280.02501822604995,54.41772789076377,22.9488585718648,68.224197281748,7.835595422128061,122.08120159937648,1804.519100515698,15.288,0.0,8.643615859671874,0.1600105564290766,3.320928663173198e-06,-0.0649252256411874,0.1088587383339232,0.0093300000119184,5.21603018571524,13.719042547638466,55.03151756269443,25.44372035255482
1.8,31.2221142091762,131.0106155138214,53.91694758569927,3.4317440561439145,3.841294305311035,15.946750845583583,-7.267593349700222,-1.6020168178720604,212.3015623593172,54.5043929816869,22.999109014199856,68.17842773790039,7.978012177512927,122.23458510967092,1810.186175221328,15.288,0.0,8.65677289538894,0.1602662739020696,3.384709212634258e-06,-0.0660963739655469,0.1101795015304388,0.0095129774949933,5.149247986939186,13.63290053204154,55.10733016335938,17.59781899874165
1.81,31.22211355813935,131.0106178109001,54.408383415121634,3.396885365650076,3.7589241917823295,8.009437301597503,-7.337203377818836,-1.6778845056696912,148.3828098364039,54.77511030112591,23.11624272064913,68.1317435055288,8.1214423334028,122.38910993702063,1828.126467014996,15.288,0.0,8.669899932398371,0.161063192664917,3.44918177036464e-06,-0.0672807928995688,0.1114998098399633,0.0097310829460515,5.064758424266141,13.50134314498882,55.36513726443841,10.990947898614754
1.82,31.22211290475708,131.01062011546048,54.901199244717375,3.3704808467833804,3.686264322580461,35.90450572557363,-7.385544345643565,-1.7401849678954366,373.6203323127005,54.90297766171663,23.18163560831406,68.08413184083392,8.26586077084831,122.54475085398532,1836.584608552396,15.288,0.0,8.682918226715682,0.1614400780323695,3.5143528597903376e-06,-0.0684765695540297,0.1128171396374285,0.0099266825789131,4.993295853522686,13.4045165802124,55.4816153214126,36.69752090266734
1.83,31.22211224775645,131.0106224297606,55.396028523759206,3.339702683615331,3.609259629578215,2.0328187191265603,-7.442718441716611,-1.8092754173696235,100.44374968807423,55.09211890309104,23.26939025691785,68.03558238376941,8.411236604038628,122.70147643529576,1849.1725499196443,15.288,0.0,8.69593928118783,0.1619971457574864,3.5801906991420545e-06,-0.0696885882928486,0.1141363519052399,0.0101367031079921,4.915852792173873,13.29270734638044,55.65868520055962,7.9246379906843645
1.84,31.2221115888058,131.0106247506087,55.89197675615409,3.3067184196165105,3.530289128149545,29.27563742101519,-7.5037212977644465,-1.88179708517566,320.3547027125185,55.31039253837363,23.36794949137404,67.98608375870059,8.557540326128148,122.8592567504968,1863.7654789656688,15.288,0.0,8.70885278162875,0.1626398854011469,3.6467381217039774e-06,-0.0709096034422822,0.115449102397745,0.0103546798870127,4.835647242356008,13.174021731027404,55.864578248050094,30.280520801185773
1.85,31.222110926403285,131.01062708067465,56.38979241683575,3.280282588761802,3.45868169712112,9.920219384089217,-7.546802148000741,-1.9428411506077443,164.3625022151224,55.41011598238547,23.4233578062336,67.93562489040393,8.704741029889478,123.01806037259348,1870.4026910470748,15.288,0.0,8.721742703245026,0.1629340375898311,3.713948246166484e-06,-0.0721460175744864,0.1167618184839058,0.0105537188558012,4.76546502083002,13.082973513372252,55.95307453770634,12.615054776972745
1.86,31.222110261465463,131.01062941816207,56.88897209923466,3.2444816281620787,3.377637617327007,9.33359106696355,-7.611671358705117,-2.019755818055732,159.7968738257949,55.658990329116,23.533406099856258,67.88419613019171,8.852804400866054,123.1778522037872,1887.1516839664907,15.288,0.0,8.734573641739189,0.1636667778994536,3.7818491451051488e-06,-0.0733932872740741,0.1180691315018979,0.0107838769381415,4.682189377233218,12.957145734211698,56.18924115879062,12.211997242171469
1.87,31.222109594043385,131.01063176289333,57.389466793987424,3.217549884516335,3.306173854525819,32.16019807114896,-7.651989386248502,-2.080467487529248,343.9437557428203,55.74793302951967,23.58510590665047,67.83178610279477,9.001698736112607,123.33859997012873,1893.096734996736,15.288,0.0,8.74732692538155,0.1639292428943732,3.8504324037561805e-06,-0.0746512945375089,0.11937050643759,0.0109857187955989,4.61214889631486,12.86795451135396,56.266977447863,33.12339998414202
1.88,31.22210892313216,131.01063411656554,57.8917501838469,3.184300446974828,3.2286236013015905,0.7066059539233349,-7.70672052034133,-2.1520899039696726,90.5515668317428,55.93550552036192,23.67303468121535,67.77838598711135,9.1513869181273,123.50026555627396,1905.765378379096,15.288,0.0,8.76007406946979,0.164481741049311,3.919671403818051e-06,-0.0759238334468907,0.1206692963204788,0.0112100381692611,4.533546385000799,12.756041659693544,56.44238817658698,8.032703412148257
1.89,31.22210825013269,131.01063647656113,58.39509101948588,3.14921156623076,3.149601400215348,27.881371989635827,-7.764484484135122,-2.2267485049487448,309.70156479092924,56.14768859698838,23.770223523755764,67.7239855532472,9.30183388211227,123.66281306003512,1920.1583709297183,15.288,0.0,8.772694895647414,0.1651066167775536,3.98960051729039e-06,-0.0772044593099751,0.1219584401234218,0.0114418078775047,4.452811341058056,12.638636210743387,56.64217769888116,29.027857865042606
1.9,31.22210757369682,131.0106388451896,58.900133880636986,3.121234666135523,3.0780837006236443,10.96124993096819,-7.800952401291593,-2.287257021507863,173.493759003727,56.22325307850515,23.81732159077553,67.66857481168292,9.453003459076877,123.82620538734533,1925.236738993658,15.288,0.0,8.785326075524406,0.1653297629742898,4.060171946449502e-06,-0.0784991985875651,0.1232434963273586,0.0116487812905094,4.38261669897809,12.551380592143843,56.70652479325472,13.64680926439599
1.91,31.222106894485343,131.01064122115503,59.40651608660999,3.0824775464433825,2.996311536995913,8.955733204021449,-7.864884308606613,-2.3682057053595544,157.51406662904287,56.48331592811503,23.93251304484452,67.61214576171974,9.60485553472862,123.99040117219168,1942.993861367192,15.288,0.0,8.797850267705275,0.1660954521305852,4.131407741926057e-06,-0.0798042359597284,0.124520071123213,0.0118966390727443,4.297776822767438,12.423415028283568,56.95376094493554,12.151952957129003
1.92,31.22210621260616,131.01064360418124,59.914161002729,3.052974026757441,2.9239518327092524,33.316105582828854,-7.900828520844159,-2.430089062749526,353.8359375978539,56.56554890716494,23.98234025898044,67.55468760599946,9.757354197763124,124.15536358509704,1948.5604218375568,15.288,0.0,8.810352907057235,0.1663382209833593,4.203297429643103e-06,-0.0811192201147945,0.1257873508310115,0.0121096819225655,4.226351908880791,12.334067419287292,57.02464285482328,34.32624819835222
1.93,31.222105526823103,131.0106459963095,60.42363539281699,3.01683106594874,2.8455745652099447,-1.0998167270751351,-7.953272537566926,-2.504822023535036,76.85468964740448,56.75908463817788,24.07338775175388,67.4961926400532,9.910457825303304,124.32104961039828,1961.820917861516,15.288,0.0,8.822794116299667,0.1669082979079072,4.275805192264452e-06,-0.0824492144596798,0.1270495442993208,0.0123497338496119,4.146212570402351,12.220480787743911,57.205882715796925,8.410604868828202
1.94,31.22210483892764,131.010648394319,60.9340428396813,2.980152656540175,2.7671480512573026,28.8424062567796,-8.005109079015769,-2.580082332672508,318.0718965145692,56.95465571070041,24.165457719501106,67.43665144326647,10.064127147389208,124.4874187612214,1975.26672274838,15.288,0.0,8.835173294718118,0.1674843684138733,4.348977071690221e-06,-0.0837854626981399,0.1282977928480848,0.0125925094858779,4.065896050081058,12.106590115024142,57.38914935560853,30.043684775530256
1.95,31.222104147351985,131.01065080082094,61.44610824463129,2.948784770767136,2.694007150706505,12.282530050514255,-8.038750084721185,-2.643132919556966,184.9078219909956,57.0378173271836,24.21602126828325,67.37605576720237,10.218320466771376,124.65442790984488,1980.9417367260369,15.288,0.0,8.847521055915864,0.1677298886325254,4.422754650680558e-06,-0.085135234700635,0.1295382994761879,0.0128134252575573,3.993318939907837,12.016062598385576,57.46083507170858,14.915367880036897
1.96,31.222103452858125,131.01065321438205,61.959431856209,2.908986775163045,2.6135480743391546,8.289115923907088,-8.095223793109566,-2.723903754013285,152.94843823482103,57.273733852706286,24.32349808784197,67.31439882437617,10.372993488031256,124.82203109057409,1997.2639748950369,15.288,0.0,8.85978549182161,0.1684246197795503,4.49716143019719e-06,-0.0864940194003392,0.1307662465037925,0.0130711304488294,3.909855059334787,11.893714013318338,57.68412667021908,11.90217386537539
1.97,31.222102755483256,131.01065563484772,62.47397042332599,2.8766563546872743,2.540218655952544,21.984888515300764,-8.126262712540397,-2.7869816806899035,263.28438576860447,57.353109803463695,24.3729849921202,67.25167166707513,10.528104709764037,124.9901853410084,2002.7047788455352,15.288,0.0,8.872035005506934,0.1686590204466529,4.572182661290742e-06,-0.087861636069593,0.1319809003617498,0.0132955512028733,3.836983070005954,11.803449321636824,57.75199571133017,23.60378646725836
1.98,31.222102054400256,131.01065806349956,62.99007690522468,2.838276788227493,2.46185754877948,-0.2645245826922365,-8.173354142008245,-2.863041853164852,84.46406530793345,57.54103345812445,24.463073732290848,67.18786862320891,10.683607445613744,125.15884205126392,2015.750418321048,15.288,0.0,8.884187584192544,0.1692126363107892,4.64779056570793e-06,-0.0892413493997177,0.133184452868227,0.0135479107635516,3.7565407925842527,11.690882706313865,57.92762215812578,8.664334933421346
1.99,31.222101350966184,131.01066049794835,63.50708899412219,2.800718539608859,2.384701294242789,30.274439628596305,-8.215229425721946,-2.9362478361651645,330.246885567478,57.703238094273416,24.543848301484022,67.12298232148018,10.83945712972927,125.32795487545684,2027.0302333864945,15.288,0.0,8.896337328541481,0.1696906272435677,4.724016460102728e-06,-0.0906259973967308,0.1343700288546726,0.01379621452102,3.6778110282160967,11.583610680189423,58.07771795728913,31.50639999584457
2.0,31.22210064348115,131.01066294093505,64.02576279216136,2.7655125166831422,2.3098257112899647,7.546616763680029,-8.2464777765018,-3.0026770647134966,147.6218847660987,57.804649834947554,24.602061117262608,67.057006714305,10.995606962687509,125.49747501084155,2034.059954579604,15.288,0.0,8.908377505699475,0.1699898493830123,4.800794401386535e-06,-0.0920237066528376,0.1355439011310752,0.0140329117942815,3.602667058547814,11.488098114965585,58.1673781381562,11.574622665605604
2.01,31.222099933055432,131.01066539048955,64.5455518727483,2.7233485350023345,2.229635532566132,12.350356886304576,-8.297921584968222,-3.0854486981231672,186.4296881318677,58.04120508663229,24.71117404931926,66.98993650234524,11.152008915283847,125.66735227588336,2050.639597240776,15.288,0.0,8.920425358554889,0.170686504722252,4.878156205509095e-06,-0.0934280873298869,0.1366999156764049,0.0143046578432032,3.519113120098181,11.366210016967466,58.39134702934073,15.195618168344529
2.02,31.22209921915603,131.01066784740078,65.06667279898113,2.688787541508961,2.1559909652502927,18.770000745786103,-8.320681291678376,-3.1476731937022566,238.1734365950983,58.10486750242898,24.75562755996033,66.92176438412649,11.30861714938886,125.83753882627424,2055.0375832624213,15.288,0.0,8.932363189610706,0.1708747277720331,4.956065666457997e-06,-0.09484170284263,0.1378395129351552,0.0145362938812831,3.44593418633648,11.27766099438367,58.44344985536851,20.77148313647461
2.03,31.222098501181577,131.0106703125281,65.58935919459188,2.6458934132555267,2.076107715209952,-2.0833358408273868,-8.368966126321993,-3.230638398402735,70.76718712607814,58.336123110323406,24.86332849293352,66.85248659510405,11.465381076503007,126.00798160826623,2071.3240172529127,15.288,0.0,8.944311076262297,0.1715558168453271,5.034501587024278e-06,-0.0962667409005517,0.1389635537773617,0.0148126869454515,3.3627236835691456,11.15699878498866,58.66216598933114,9.209609476543243
2.04,31.22209778046912,131.01067278359147,66.1129822067944,2.607675269021241,2.0002901559493167,36.72526230701006,-8.397786028539718,-3.299878197501695,382.7515591016225,58.45468884824153,24.928886122177687,66.78209621381947,11.622253628390345,126.17863134073907,2079.647633803784,15.288,0.0,8.956152540457596,0.1719055136317553,5.113489886970755e-06,-0.0976959275436663,0.1400655575524806,0.0150623925443767,3.286086997735445,11.057719756888911,58.76882986838532,37.8174152715145
2.05,31.222097055133524,131.01067526353353,66.63834782678484,2.568528127908092,1.924145140388248,1.376987846504253,-8.4264362290835,-3.3703106350428422,98.92187555189255,58.57993948724149,24.997142371823923,66.71058976833012,11.779183284527688,126.34943384631067,2088.4637936279014,15.288,0.0,8.96800118183423,0.1722748772497769,5.192958754744619e-06,-0.0991383274172186,0.1411516238142497,0.0153167532987938,3.208923588568612,10.95702598612774,58.88212669074197,9.17932006354034
2.06,31.22209632724309,131.0106777489029,67.16450573143082,2.5250550729173824,1.845176790726884,18.406341475817136,-8.467609256408796,-3.4517388891102905,235.890630410218,58.79380173482146,25.09928438284425,66.6379639166432,11.93611827479824,126.52033460809304,2103.6342346924166,15.288,0.0,8.979746042471373,0.1729048418946476,5.272967669982012e-06,-0.1005821674247793,0.1422120012528177,0.0155957682956107,3.1270394739567045,10.840109602525043,59.08359132998327,20.55257439841059
2.07,31.222095595497294,131.01068024168993,67.6919997943769,2.488117212378293,1.7713970008954008,13.55647691040916,-8.480800120257854,-3.512552409287633,197.0828110428685,58.84291064094869,25.13918259235515,66.56421524166527,12.09300656380188,126.69127875318492,2107.0430558666403,15.288,0.0,8.991486908634313,0.1730502958470808,5.353449308368734e-06,-0.1020340683650466,0.1432508015080989,0.0158333045290493,3.053948553803837,10.753187983244072,59.12111670601795,16.371929065635932
2.08,31.222094859909312,131.01068274174557,68.22078524283228,2.443282319026616,1.692350543124958,0.7385155111990885,-8.520331050478813,-3.5955521403860824,94.35625516513028,59.06579490831262,25.245393382892804,66.48934336180648,12.249792915347092,126.86220784406906,2122.927399531863,15.288,0.0,9.003139522519072,0.1737068106560513,5.434399644050084e-06,-0.1034928413586497,0.1442661188430978,0.0161196830268138,2.971858424120059,10.634899404762724,59.33159005768711,9.27736177823577
2.09,31.22209412124697,131.01068524776198,68.75050250708249,2.4033563608236883,1.617183795512984,28.303117394796327,-8.53717394953373,-3.661857336076281,315.78905931083045,59.15908801841884,25.30257932491056,66.41334456254394,12.40642515244769,127.03306669619056,2129.5304642053206,15.288,0.0,9.014776269801528,0.1739822177640953,5.51582099109707e-06,-0.1049538884831883,0.1452539318702711,0.0163722368383134,2.8965274198724407,10.539848914403173,59.41308092748901,29.78857150750931
2.1,31.22209337803405,131.0106877619426,69.28174955237888,2.361232426581282,1.5408529038972223,0.315924621793357,-8.558623061376345,-3.7333551128314193,91.31249989625807,59.29145072845321,25.374897175245728,66.33621913642452,12.562847066709066,127.20379564440836,2138.961098445429,15.288,0.0,9.026335440131833,0.1743725324908137,5.597650341483032e-06,-0.1064242928934132,0.146217955179807,0.0166379065503324,2.819273296685531,10.437776087099694,59.53345816293148,9.342792808998965
2.11,31.222092632059823,131.01069028138178,69.81373064590018,2.316760140025543,1.4634887233574043,23.14630849299748,-8.585818194639375,-3.8108272652791455,274.6984487617491,59.47182174703041,25.46596112799116,66.25796696577281,12.71900278034866,127.3743352875058,2151.8847218380265,15.288,0.0,9.037871566306968,0.1749040437069454,5.679934331189275e-06,-0.1078931741698505,0.1471500729143136,0.0169179924994014,2.7400746948875763,10.32760762186892,59.70168102173345,24.979797344458238
2.12,31.222091881763987,131.0106928084039,70.34707588902978,2.276170874985062,1.3889245310916187,8.333467781066016,-8.59264646682489,-3.8733357121358623,155.99218548998823,59.538224842341855,25.51357765051136,66.17858834766582,12.874835802151273,127.54462545701364,2156.5821673455494,15.288,0.0,9.049329865742848,0.1751003872911496,5.76259209756718e-06,-0.1093687733458827,0.1480545313524141,0.017167638789653,2.6662802200488573,10.236954084980482,59.75637523035782,12.581056716381603
2.13,31.22209112774908,131.01069534195548,70.88149414507406,2.228839544190371,1.3107265528546548,4.704463443328784,-8.623968810712046,-3.9574045465755,127.07656400030532,59.768367336371504,25.62448689841971,66.09808619791609,13.030287533923758,127.71460357398264,2173.1750697140087,15.288,0.0,9.060773661564706,0.1757782916380264,5.8456362592727615e-06,-0.1108463184086115,0.1489271919856451,0.0174659291006024,2.5855102202902533,10.11874594411789,59.9742378242373,10.590838733689013
2.14,31.222090370137348,131.01069788175923,71.41690764581648,2.187929917226862,1.236704112705084,22.23862326285792,-8.623106126343275,-4.016532601399328,267.8499991619534,59.81367345907028,25.66450858367425,66.01646023679133,13.185301507929273,127.884209276831,2176.358926875927,15.288,0.0,9.072130512415344,0.175912600578509,5.9290386370481e-06,-0.1123247575071833,0.1497664191389475,0.0177113894757745,2.5131117909300125,10.03159655349483,60.00791940303086,24.18774189608464
2.15,31.222089607808147,131.0107004294001,71.95374088294196,2.1418054334102714,1.1601430904640788,-3.877631927384144,-8.640681534230174,-4.092645976783748,58.592187067308245,59.98555418614432,25.753676230042664,65.93371534435158,13.339817439098672,128.05337791073077,2188.771891814953,15.288,0.0,9.083487389488992,0.1764191733846564,6.012748918786208e-06,-0.1138089915176864,0.1505736484727301,0.017996062812647,2.435700207926517,9.923551893001097,60.16777658436276,10.317323191193507
2.16,31.22208884241484,131.0107029822728,72.49128512337586,2.095642464668609,1.0840331512538612,29.98396472764923,-8.654173585200853,-4.16696159753707,330.2468855659735,60.14751803847728,25.83945060178947,65.84985402206064,13.493776503675992,128.22204629159836,2200.4936804046906,15.288,0.0,9.09474183558536,0.176896587782664,6.09680076937704e-06,-0.1152887342488199,0.1513420893751577,0.0182783245192996,2.359305221312124,9.817459152183904,60.31778740886829,31.484860332976705
2.17,31.22208807165588,131.01070554373612,73.03044374773985,2.0510287996694907,1.0091799526041365,5.095415591298228,-8.655593044065705,-4.233052301492579,130.88125231851762,60.24881636510887,25.90195806154592,65.76488025419616,13.647118512897237,128.39014961106585,2207.797443048053,15.288,0.0,9.106014230191525,0.1771955900617561,6.181083900598008e-06,-0.1167764830545758,0.1520768661727091,0.018544417500703,2.2857664453388176,9.721305288055982,60.407329784984185,10.899600120173918
2.18,31.222087297494834,131.01070811073535,73.57038742560414,2.0027804843010526,0.932979780920856,17.985998940624704,-8.669681179665904,-4.311619475321635,234.36874927713336,60.44447473834346,26.001617827418315,65.67879949191868,13.799782367312336,128.55762192099536,2222.0450223512885,15.288,0.0,9.1171738882716,0.1777721181383801,6.265654938898848e-06,-0.118259206367929,0.152770008216617,0.0188398874694784,2.2093497644257094,9.61042004735909,60.591020383218414,20.42668823253488
2.19,31.222086518798736,131.01071068486175,74.11154102309801,1.958952064647141,0.8593299810127835,7.903460989444282,-8.657062195029914,-4.369184924131843,153.70937929308252,60.49131479644758,26.04352626251936,65.59161691849384,13.951706561429926,128.72439668205013,2225.3743948434967,15.288,0.0,9.128358423983034,0.177910966243978,6.350435365122197e-06,-0.1197429458231625,0.1534230252640338,0.0190900514431873,2.1390777079364254,9.523173849952292,60.626292973657975,12.509963963239251
2.2,31.222085735815,131.01071326562865,74.65376757437518,1.9096865616146967,0.783673670470119,-2.0921551974985246,-8.666461049780143,-4.447690216658498,73.81094238931682,60.69098629050408,26.14559125426757,65.50334200129076,14.102827626823156,128.89040504343336,2239.9730029382654,15.288,0.0,9.139422050582496,0.1784993134016014,6.435420070131039e-06,-0.121224498364163,0.1540327927595331,0.0193890299915479,2.0641753186127696,9.412394555719995,60.81408162462451,9.96326295754238
2.21,31.2220849492296,131.01071585193912,75.19676895157853,1.86420587868014,0.7101340623123032,20.21357629569498,-8.651303650691968,-4.506613899509462,252.63126284538905,60.75694345481971,26.195612237101088,65.41398146928742,14.253082670008745,129.0555786206081,2244.727104738793,15.288,0.0,9.150504424041472,0.1786943973926519,6.520595421970038e-06,-0.1226989505307338,0.1545959076204359,0.0196451604121537,1.994837331356034,9.322539978817767,60.86848819659366,22.44422621427636
2.22,31.22208415757651,131.01071844582157,75.7410826490691,1.8157110272306765,0.6358027144658873,-2.4178165511168688,-8.646286221507838,-4.576598003468224,71.52812818788428,60.90362273403787,26.27769764915003,65.3235469950091,14.402406893379547,129.21984676477712,2255.460555462219,15.288,0.0,9.161483974658063,0.1791269025661107,6.605884190043463e-06,-0.1241734931146839,0.1551133397645053,0.0199282015152246,1.9237765704292096,9.220631397202816,61.003492341194494,10.077169820164801
2.23,31.2220833626692,131.0107210445443,76.28597308077764,1.7667111614790532,0.5619097100881995,31.677866394802,-8.638901713518049,-4.646333247085384,344.7046808185258,61.05523958232703,26.36222044914061,65.23204903292196,14.55073551902482,129.38313866505194,2266.585497728416,15.288,0.0,9.172461642223125,0.1795739364735879,6.6913225017196044e-06,-0.125635867322077,0.1555791123058664,0.0202120286957584,1.8538907127550617,9.118568228008508,61.143502738302566,33.16181923214892
2.24,31.222082562110536,131.01072365146672,76.83233174179078,1.719377883583333,0.4889421342233192,6.096426966830673,-8.6161351864851,-4.7047759805004254,140.01250910530104,61.13098293599347,26.41705703945957,65.13949934200657,14.698002765681748,129.5453822184388,2272.0933228757126,15.288,0.0,9.18336309589322,0.1797978205332175,6.776781621740304e-06,-0.1270993400705066,0.1559955950744253,0.020471759932694,1.7875270490506303,9.027954667428556,61.207784854670834,11.555912960055583
2.25,31.22208175770101,131.01072626389174,77.37943318116281,1.6680277188347328,0.4154181211515703,8.07171944695123,-8.61082155922891,-4.781034649081874,155.99218550271715,61.33615091432421,26.52369970954157,65.0459117552181,14.84414223667858,129.70650444451064,2287.24978364512,15.288,0.0,9.194243588571808,0.1804023736070058,6.862307028563777e-06,-0.1285512358031022,0.1563569395134334,0.0207740144974342,1.7189647841610365,8.919071509227459,61.40140406848949,12.734095769660817
2.26,31.222080948925647,131.01072888246935,77.92744586486502,1.6210554428536843,0.3434838008685269,16.99476143401969,-8.573668523877778,-4.8305787642226266,227.5203136714266,61.364818530771245,26.560546434282017,64.95129948930035,14.989086561192485,129.86643108236967,2289.267684538544,15.288,0.0,9.205062904343752,0.1804878085463442,6.947830423617152e-06,-0.1299933906948244,0.1566618787764788,0.0210157790277681,1.6570366284426763,8.836012495094844,61.41877251686535,19.63833494352141
2.27,31.22208013517997,131.01073150794448,78.47656016300688,1.5704835932470813,0.2712351014237021,-7.080716348294684,-8.551757355774985,-4.896500033737613,35.00312702946996,61.51094306058081,26.644573398580565,64.85568084339391,15.13276794216616,130.0250871840716,2300.061802856071,15.288,0.0,9.21584500756228,0.1809187162855974,7.0333021030304735e-06,-0.1314277495578485,0.1569083580432395,0.0212971401911995,1.593727947802491,8.736666113090024,61.55354841154912,12.13444726625204
2.28,31.222079318019585,131.0107341380331,79.02616560334116,1.5200833075751294,0.1996489423628791,18.390208441080848,-8.523004964198465,-4.958197050928256,238.93437766866384,61.637999818736446,26.721494611255554,64.75907312325752,15.275117746214876,130.18239665094129,2309.4515402253337,15.288,0.0,9.226582585424298,0.1812935470602172,7.118740339981778e-06,-0.1328429363408533,0.1570924084029501,0.0215697882240574,1.5331352222672272,8.640697382533688,61.66936053780414,20.866842073538262
2.29,31.22207849623985,131.01073677433496,79.57667938114682,1.4715345443522323,0.1287679964934399,14.00268793762484,-8.475521799915176,-5.004755013059822,203.93126162897704,61.671586739875806,26.761264149251183,64.66149695295593,15.416066965316112,130.33828273496795,2311.846691066045,15.288,0.0,9.237256290359271,0.181393463310337,7.204050868044458e-06,-0.1342447962344117,0.1572126804356685,0.0218081319512185,1.4771565476289863,8.55813155603062,61.69181355243852,17.115995793411756
2.3,31.222077669929504,131.01073941662185,80.12803377360031,1.4202257089277723,0.0581822955563806,-7.893858941198458,-8.439541546700449,-5.064588504943592,28.91562550114089,61.80283703944945,26.84069970860802,64.56297517255177,15.555546552780283,130.49266840008187,2321.574260955002,15.288,0.0,9.247920329463406,0.1817806397582823,7.2892033050975266e-06,-0.1356307001717702,0.1572662793524747,0.0220789934257403,1.4214167406052798,8.462784417108162,61.81197629149319,12.617009440688733
2.31,31.222076839871093,131.01074206372115,80.67991405935075,1.3682732313122714,-0.0117929541974956,5.790265701165911,-8.401877207519817,-5.125245863686201,138.49062798801748,61.95019122638034,26.92718951498633,64.46353094808732,15.6934865656853,130.64547536462652,2332.5341351404577,15.288,0.0,9.258482317724892,0.1822151887671983,7.374180688972378e-06,-0.1369940955465218,0.157250581267773,0.0223529220804405,1.3683240416130495,8.366054120766856,61.94833879347987,11.41870669837753
2.32,31.222076005608013,131.01074471618043,81.23245831130892,1.3181938018915047,-0.0811326977052893,21.576633226664928,-8.344175111422661,-5.1690178246144125,264.8062669041958,61.99696693772908,26.97339896223185,64.3631894216452,15.82981655799544,130.79662452691463,2335.933701905976,15.288,0.0,9.269058754356836,0.1823539094838513,7.458911143399653e-06,-0.1383359566844092,0.157163266100439,0.0225877121836581,1.3206877952549283,8.28350913260082,61.98422264763427,23.704326713899466
2.33,31.22207516684206,131.0107473743144,81.7857415910116,1.2676105783699672,-0.150007121072306,7.00504399960098,-8.282678704531158,-5.211611223258258,148.38280982659873,62.04753364364324,27.02147314707596,64.26197878628919,15.964466773101202,130.94603727848738,2339.621276977708,15.288,0.0,9.279523501204688,0.1825037841219481,7.5433394442797985e-06,-0.139655759539891,0.1570014647305643,0.0228205962933818,1.2764540897618224,8.201021227521963,62.02397060708489,12.034712273304713
2.34,31.22207432411044,131.01075003730048,82.33954151818986,1.2155699874781711,-0.2180512090019705,-4.810861071796932,-8.22530661253815,-5.26069283083178,54.026562674543406,62.15345423871022,27.0925144821893,64.15992881591272,16.09736729711897,131.0936345580968,2347.490933278414,15.288,0.0,9.289987695971568,0.1828164781297872,7.627438689957749e-06,-0.1409483004401677,0.1567628672817078,0.0230698937873637,1.2349694694024764,8.112153987628067,62.119202917574505,10.884619524023787
2.35,31.22207347793144,131.01075270435814,82.89364828475136,1.1637591283122166,-0.285452342524489,7.839809058875119,-8.15955777923846,-5.30377161993345,155.23126043312428,62.23494283926296,27.15407537686685,64.05707123904956,16.22844834455903,131.2393371611237,2353.5250667421024,15.288,0.0,9.300371149942745,0.18305731263961,7.711173465376494e-06,-0.1422084725798773,0.156445947561792,0.0233054290694738,1.1982517026347748,8.027330371602531,62.190104275643066,12.49683890544976
2.36,31.222072627796248,131.01075537609594,83.44821367989341,1.1125189363618813,-0.3523566306047462,10.879240858879108,-8.081925294176974,-5.337327581320234,179.58125353103176,62.2694225904459,27.19676890820337,63.95344044712429,16.357641125286474,131.38306669685866,2356.0079450241687,15.288,0.0,9.310717452140752,0.1831598788403003,7.794466040570098e-06,-0.1434371721079065,0.156047748082357,0.0235185598546141,1.1669781383044413,7.94935085763763,62.21407488921335,14.565797741163506
2.37,31.222071773919243,131.0107580521446,84.00313444365861,1.06078241746036,-0.4184697262906722,2.873513914667145,-8.001246243716652,-5.370105949543726,115.66250100150394,62.314816709612415,27.24431881666532,63.84907291368519,16.484877733490002,131.52474546155136,2359.318305588902,15.288,0.0,9.32102473014796,0.1832945508977123,7.87727224651224e-06,-0.144630810003357,0.1555664124147193,0.0237302947115702,1.1403316359734044,7.870884727609636,62.24908422312475,10.055598519218062
2.38,31.22207091665806,131.0107607319511,84.55826039010333,1.0087473896533987,-0.4837928310641276,-2.180697265104792,-7.916268818601899,-5.400706914958205,75.33281551688272,62.3634189448566,27.293605272803863,63.74400717780711,16.61009130814466,131.66429661379027,2362.873858706361,15.288,0.0,9.331249109364547,0.1834386615782623,7.959547506649856e-06,-0.1457853120414816,0.1550006784365414,0.0239370975600565,1.118750470621984,7.792967570795471,62.28742584768575,9.828040890822626
2.39,31.222070056304148,131.01076341505836,85.11346675539892,0.9567179467494203,-0.5483218574210617,4.671611988596565,-7.824582312232618,-5.426363389624504,130.12031125441527,62.39882080649292,27.337850092292044,63.638284131861454,16.733216811226264,131.80164504019183,2365.430963317241,15.288,0.0,9.34147517329304,0.1835439458040792,8.041243020535358e-06,-0.1468970138375995,0.1543497300552283,0.0241320357597559,1.1026958534908995,7.717767018565642,62.31269192524328,10.60629372444304
2.4,31.22206919270733,131.0107661015969,85.66878040586937,0.904746650935858,-0.6122159616615903,4.192227405780168,-7.725462881927792,-5.446325379856085,126.31563092509812,62.41680924407874,27.37525717083732,63.53194674513355,16.854191072554492,131.9367174067008,2366.668565179083,15.288,0.0,9.351573114129597,0.1835980102823399,8.122290822948068e-06,-0.1479646389010606,0.1536116002947413,0.0243131324096683,1.092402733685125,7.645679955823919,62.3206444156319,10.340213126676012
2.41,31.222068325915608,131.01076879143514,86.22416041055963,0.8525361346865143,-0.675132899163596,-0.0968312926868216,-7.622075323515376,-5.46377198861764,92.07344096205104,62.438400530178455,27.41453537611293,63.42503973581542,16.972952484021846,132.06944181941623,2368.1796961737004,15.288,0.0,9.361672118511478,0.1836626733696104,8.202631535460351e-06,-0.1489858118910668,0.1527849473367585,0.0244880889411099,1.0874689205186976,7.574315565945428,62.33235335644487,9.378603994208742
2.42,31.222067456112537,131.0107714842679,86.77952146104423,0.8000619327256198,-0.7370118688341387,-0.4796127053178702,-7.515208194297376,-5.479495549571557,89.02968570019311,62.46944824139623,27.45816882663286,63.3176094626902,17.08944107574793,132.19974791169807,2370.4088235416857,15.288,0.0,9.371690406806168,0.1837551535031891,8.282209005605096e-06,-0.1499576597591334,0.1518691838912803,0.024658765875041,1.0877730855666266,7.502992088587423,62.35368188034982,9.313068990859632
2.43,31.22206658326627,131.01077418007563,87.33485173290514,0.7476397419522522,-0.7980265132843513,0.1873829532488028,-7.401701866481637,-5.489968946933479,94.35625516198084,62.48823907863376,27.497075513500967,63.209703770588895,17.20359809822762,132.32756637911748,2371.7083847359254,15.288,0.0,9.381659826120629,0.1838115806701207,8.360955701321629e-06,-0.1508783853712467,0.1508629945208321,0.0248163055841297,1.093515136331735,7.434377387720337,62.3628894200073,9.217378256843965
2.44,31.22206570735264,131.01077687882926,87.89013674783546,0.6952486487505034,-0.8581190185179871,-1.049655395429543,-7.281875773245842,-5.4954130479383805,84.46406530816766,62.49677405043507,27.532052960009583,63.101372089372894,17.3153666510166,132.4528296859852,2372.229597371296,15.288,0.0,9.391602162876914,0.183837840242734,8.438804130246739e-06,-0.1517461838416375,0.1497651421128653,0.0249611158331544,1.1044015532924811,7.368278345833162,62.36198606940492,9.182976412557666
2.45,31.222064828340823,131.01077958050925,88.4453642352427,0.6427279482437432,-0.9170948030063796,-2.4764147022029777,-7.15801458975112,-5.498375717968494,73.0500013181566,62.51162096359764,27.57007512903255,62.99266533231077,17.424691779741558,132.5754721794536,2373.230084350628,15.288,0.0,9.401442662398605,0.1838826670859393,8.515688070618134e-06,-0.1525590934670922,0.1485745173525822,0.0250994544440118,1.119878034989478,7.302751780478357,62.36757020001831,9.359590705812007
2.46,31.222063946274805,131.0107822850027,89.00049838106531,0.5901826292353815,-0.9748854447184488,-0.8522287393026114,-7.02935389723798,-5.497856152071245,85.98593843764652,62.527079074272976,27.608749151789613,62.88363567943632,17.531519334038354,132.6954288132029,2374.2771617119806,15.288,0.0,9.411281602163015,0.1839292921997664,8.591540294320932e-06,-0.1533151156242699,0.1472903190832973,0.0252287275413391,1.1395979781516572,7.238621021450806,62.37395181557877,8.964626724274455
2.47,31.22206306103285,131.01078499241055,89.55555745904387,0.5376525247168836,-1.0315428807256517,0.392395114217354,-6.895682494489424,-5.49367542615824,95.87812829277556,62.54242054600092,27.64777331451008,62.77433668909895,17.635796791096297,132.8126360752194,2375.315566542811,15.288,0.0,9.421024311354849,0.1839755746429794,8.666287127509197e-06,-0.1540127313322371,0.145910976580285,0.0253483882426099,1.1632367422046763,7.175941749765165,62.380394922631744,8.825241111632275
2.48,31.22206217264102,131.01078770264635,90.11051219567376,0.485207585645584,-1.0870322815574278,0.3042877172528157,-6.756481633277644,-5.485071029929439,95.11718822806812,62.55346202454309,27.685362874107625,62.66482322979007,17.73747286045473,132.92703154935737,2376.027489166732,15.288,0.0,9.430734656414865,0.1840092084632625,8.739859627280665e-06,-0.154649919564679,0.1444357715852324,0.0254563953142948,1.1903937728437517,7.115302325981059,62.38272163641554,8.70796412940822
2.49,31.22206128112077,131.01079041563153,90.66533541290607,0.4329062087579344,-1.1413945498402125,-2.07000512774289,-6.611242501162984,-5.471275672136224,76.09374858278413,62.55596249100231,27.719689112174688,62.555151495511886,17.836498133032023,133.03855465143843,2376.0906272362326,15.288,0.0,9.440410042141815,0.1840177177747175,8.812188465924026e-06,-0.1552246789431991,0.142864305383475,0.0255506621156163,1.2207229465825673,7.057220517700372,62.3766845126627,8.827701066448464
2.5,31.222060386635818,131.01079313110975,91.21995527528397,0.3806770404370134,-1.1943497205201952,-4.443488890227809,-6.462107065671878,-5.454722421174778,57.07031394300064,62.565738822326566,27.757527704775352,62.445378930250726,17.932826379711997,133.14714810203364,2376.706553798818,15.288,0.0,9.449990857584934,0.1840476299556124,8.883210603700769e-06,-0.1557347494608517,0.1411972389582609,0.0256372602984306,1.2535410936529596,6.9999427072078815,62.378144393463614,9.552874851993572
2.51,31.222059489031857,131.01079584922925,91.77440150352224,0.3286745917581308,-1.246147072310274,-0.5223269800068652,-6.306526534793015,-5.432196149580085,88.2687526322175,62.563023633622336,27.79037795840041,62.33556413138276,18.026412394289604,133.2527555072898,2376.373519678136,15.288,0.0,9.459568779030798,0.1840407960226627,8.952847530262234e-06,-0.1561787472490803,0.1394330504656011,0.0257078648123273,1.288756175155972,6.9457823017992135,62.36729474119586,8.339895527859099
2.52,31.22205858838909,131.01079856984433,92.3286302111582,0.2768446679363115,-1.2965359441348752,-1.748307344984139,-6.146484596062542,-5.406034248263508,78.37656277911502,62.56291477055744,27.824729431845928,62.22576677133276,18.11721303378597,133.35532254077003,2376.2385520512985,15.288,0.0,9.469053559379542,0.1840416285993793,9.021031759305367e-06,-0.1565547595283446,0.1375721326722609,0.0257683396918106,1.325758402616165,6.893048247920558,62.35927276134347,8.37024836880947
2.53,31.222057684690164,131.0108012929339,92.88262863831768,0.2252610357074898,-1.345573868498509,-1.5422536281377992,-5.981096426002066,-5.374965470746553,79.89843690921948,62.557841913990266,27.85730635155228,62.11604754307605,18.20518728771289,133.45479703341576,2375.7265981970686,15.288,0.0,9.478501838788931,0.1840278580194379,9.087690323780684e-06,-0.1568611362274281,0.1356141653889048,0.0258152988031779,1.3642955107856691,6.842667480401207,62.3464990932484,8.187937134734035
2.54,31.222056778002127,131.0108040183736,93.43635836372712,0.1739258754445723,-1.392969375264422,-1.7163036210765583,-5.811797715770545,-5.340658244632752,78.3765627802707,62.55867710900788,27.89282639279745,62.00646802091038,18.290296701912148,133.55112946639784,2375.663478137802,15.288,0.0,9.487926363457332,0.1840314666767031,9.152755555040944e-06,-0.1570961396878291,0.1335600155145198,0.0258529422498284,1.4037834342774933,6.793534405943026,62.33989154557254,8.077457600923697
2.55,31.22205586824484,131.0108067462246,93.98982701910762,0.1229189772406526,-1.4390488266534884,-0.839310497396811,-5.636926074904771,-5.300922595387944,85.22499837146472,62.5519661863452,27.925439882668964,61.89709071094717,18.372504189529312,133.64427163912185,2375.027347355761,15.288,0.0,9.497245232574432,0.1840128759754823,9.21615074568454e-06,-0.1572583341481247,0.1314088675668656,0.0258754801954526,1.4442878602570348,6.747062580808054,62.32594469016094,7.783261401705345
2.56,31.222054955387502,131.0108094764879,94.543027173478,0.0722517851080133,-1.4834743047584231,-3.2990287317451887,-5.457682221236079,-5.257161611486474,65.4406256619233,62.54687600257199,27.95912704989497,61.78797892646831,18.45177465771976,133.73417739109888,2374.5144491087703,15.288,0.0,9.506559484175291,0.1839990523450265,9.277803502655703e-06,-0.1573461836558404,0.1291607020545759,0.0258864505265499,1.485232361201858,6.702410129236736,62.31387843817001,8.26484325381696
2.57,31.222054039490025,131.01081220905485,95.09592449504224,0.021975341101918,-1.5263433194989051,-2.8956782034074053,-5.27371148189747,-5.208745968118984,68.48437292375992,62.539728730570026,27.99228435734769,61.679196740048674,18.528074859715403,133.8208024482994,2373.8455317732223,15.288,0.0,9.515804549595035,0.1839791763832966,9.337643679156212e-06,-0.1573581915346949,0.1268165098761945,0.02588409089287,1.5265014675238076,6.659954893400769,62.29999963988495,7.957890399621103
2.58,31.222053120538728,131.0108149439097,95.6485075691551,-0.0278722559352513,-1.567609939734642,-1.8227538914009087,-5.085091904974648,-5.155613424481063,76.85468964629574,62.53038321640409,28.02484051244745,61.570808875734805,18.60137367602485,133.90410475706915,2373.00996283761,15.288,0.0,9.524989861984851,0.1839528327044674,9.395599293999348e-06,-0.1572929723018324,0.1243767188164945,0.0258681212834813,1.567857644032551,6.619760308294543,62.28417434288028,7.467324903427278
2.59,31.22205219851537,131.01081768104413,96.200766736574,-0.0772524135873551,-1.6071477063059023,-3.3238821044143845,-4.892093339136259,-5.097958481859084,64.67968559640212,62.52032542771289,28.05743955944128,61.46288064616036,18.67164200180517,133.98404437237076,2372.120604443563,15.288,0.0,9.534169846342529,0.1839243926370494,9.451597758639424e-06,-0.1571491765583088,0.121841663846828,0.025838942983695,1.6090028340588285,6.581758712689833,62.26790835982496,7.808325695411695
2.6,31.22205127341728,131.01082042043268,96.75268813461344,-0.1261204045622473,-1.6450036399890444,-2.056645848455344,-4.694771669446661,-5.035771262719158,74.57187544829654,62.50968511210231,28.09014289734307,61.35547782598864,18.738852954353227,134.0605837106581,2371.18733780436,15.288,0.0,9.54324132170422,0.1838942378115009,9.50556854000784e-06,-0.1569255289151748,0.1192122885236417,0.0257964090619364,1.6498299794871083,6.5458814337781845,62.25132404275353,7.185378583250551
2.61,31.222050345150823,131.0108231621627,97.30428533115708,-0.1744228134199525,-1.6808931140072492,-0.0244583133663147,-4.493773656190486,-4.969959340215319,90.55156683124268,62.50462564867876,28.125682555762346,61.24866687634686,18.802980623264546,134.13368614279318,2370.677695999667,15.288,0.0,9.552293376702782,0.1838805000860245,9.557435763231004e-06,-0.1566206218064978,0.1164876369817659,0.0257428364261715,1.6899160481934006,6.511610780812667,62.240629448343576,6.700380267235422
2.62,31.22204941356936,131.01082590638737,97.85558766229336,-0.2221363649031335,-1.7150028600074108,-3.620143730755771,-4.288225731048193,-4.8991567727316125,61.635938333987326,62.496704997166496,28.16030433624498,61.142515149069695,18.86399924425904,134.2033150639479,2369.9511939252607,15.288,0.0,9.56132062831526,0.1838583442867177,9.607121752285972e-06,-0.1562329494961842,0.11366681656016,0.0256745009930124,1.72932490781063,6.479841852132849,62.22735320309451,7.4495676139999
2.63,31.222048478934816,131.01082865276587,98.40650523991916,-0.2692350651296327,-1.7475159169266772,-2.633699391914583,-4.07792133269229,-4.822520075874872,69.24531398985869,62.48028897183645,28.191482380414858,61.03709013134339,18.92188589975998,134.26943698824215,2368.5807742833304,15.288,0.0,9.570246389228672,0.1838111948196343,9.654565981434836e-06,-0.155761853116866,0.1107546143910349,0.025589003499002,1.7681280840895923,6.451109372078928,62.20583237007062,6.842697915648059
2.64,31.22204754116644,131.01083140137544,98.95704904077556,-0.3156598428128301,-1.7781152784711538,-2.981523654341,-3.863697021954137,-4.7411403484593775,66.20156672372235,62.462591447192246,28.22241523971891,60.93245911473576,18.97662120840172,134.33202235973235,2367.113774168317,15.288,0.0,9.579166021466577,0.1837602739206473,9.699697306385429e-06,-0.1552061608704284,0.1077513341944847,0.0254891403571044,1.8059078297129747,6.4247867223222,62.18333058377664,6.80412005939355
2.65,31.22204660030201,131.01083415215177,99.50719607985349,-0.3613276249047029,-1.8066108051077363,-3.709777265822942,-3.646267334192048,-4.656036244795756,60.11406420199117,62.45037984777146,28.2561530061158,60.82868958820646,19.028187529193488,134.3910435234159,2366.063064823243,15.288,0.0,9.588031722397693,0.1837254908530777,9.742449093961474e-06,-0.1545649854440839,0.1046588093609969,0.0253775356843998,1.8423780781499532,6.400173148323527,62.16664510751327,6.981145059892718
2.66,31.22204565628474,131.0108369051468,100.05695125981408,-0.4062479120913788,-1.833273670072368,-3.6727259877760567,-3.4248085569909854,-4.565641893702103,60.11406420131667,62.4334448566751,28.28809447403128,60.72584925235533,19.076568718282285,134.44647446475426,2364.65491997392,15.288,0.0,9.596824972565736,0.1836768105081829,9.782751249750322e-06,-0.1538373079569738,0.1014778271377352,0.0252498756129812,1.8777309153402788,6.378302442635193,62.14552403608236,6.786996075941993
2.67,31.22204470914403,131.01083966031047,100.60629512134255,-0.4503423165629771,-1.8578368583201084,-2.488693490086116,-3.200032978109288,-4.470852852227733,69.24531398875841,62.41771125691147,28.32090382214291,60.62400567984041,19.12175086938288,134.49829167672556,2363.338333733754,15.288,0.0,9.605611665890429,0.183631663180704,9.820538894888192e-06,-0.153022400314472,0.0982104705307265,0.025108465259986,1.91162101660288,6.358656160672598,62.12593406121624,6.0350916790763725
2.68,31.22204375893384,131.01084241756584,101.15520200390968,-0.4936080464111775,-1.8805108182556007,-2.639203444492488,-2.9716432827300334,-4.370781694418673,67.72343985824304,62.3970174021393,28.351781862646806,60.52322633446936,19.163722028319217,134.54647385350776,2361.6467847048525,15.288,0.0,9.614322559006192,0.1835719213305358,9.855748987584244e-06,-0.1521198489057299,0.0948596888542654,0.0249507782415405,1.9441919519725637,6.341802667210237,62.10168048427242,5.907604526496413
2.69,31.22204280546199,131.01084517713232,101.70371629227108,-0.535915682568948,-1.900885789438464,-2.311126799841265,-2.7404608158709385,-4.267107245199158,70.00625405259574,62.3831950895144,28.386102680759148,60.42357837067633,19.2024724665294,134.5910022250942,2360.476001610009,15.288,0.0,9.622984058356046,0.1835323941223032,9.888310501353217e-06,-0.1511279566248878,0.0914235967347298,0.0247812884849545,1.974960004595803,6.326594379909845,62.08465942107037,5.573117333261492
2.7,31.222041848765663,131.01084793895689,102.25181808288312,-0.5772835917620114,-1.9191441251202648,-3.318045398767078,-2.506049129876964,-4.158583093115902,61.635938331148765,62.36771328498512,28.41997808790304,60.32512990547048,19.23799128245816,134.6318566696332,2359.180110704994,15.288,0.0,9.631639100546122,0.1834879832921498,9.918159585655192e-06,-0.1500462037541811,0.0879047507428457,0.0245965042161907,2.004057353681566,6.313932455061815,62.06631119734348,5.880775531508228
2.71,31.222040888938054,131.01085070292177,102.799472394002,-0.6177332585859006,-1.9355479858362408,-3.6549246861481537,-2.2682138822449,-4.044269420700613,58.59218706674122,62.34354834848221,28.45017579954797,60.22794813420375,19.270271055561395,134.66902107917096,2357.228071335792,15.288,0.0,9.640203089129963,0.1834180247558633,9.945237935669228e-06,-0.1488746846068311,0.084307375265375,0.0243937202933565,2.0316976185643227,6.3044440415654615,62.03957100613687,5.904183586596688
2.72,31.222039926079088,131.01085346890355,103.34664312585316,-0.657154690647803,-1.9497921270507763,-4.9452408836835104,-2.027864749153731,-3.9253197768585655,47.93906414673634,62.31800954921525,28.4800267656466,60.132098850553575,19.29930846961753,134.70248410645388,2355.173202056181,15.288,0.0,9.648733292886734,0.1833440223557328,9.969493128360251e-06,-0.1476139901065361,0.0806366166527778,0.0241759692920001,2.0575166847637827,6.297458285447884,62.0117960283952,6.63142354167732
2.73,31.22203896030217,131.0108562367653,103.89329124866154,-0.6954919321100628,-1.9617965899131715,-4.515605772661356,-1.7853946990942893,-3.801954922164823,50.982815411735935,62.29205673193408,28.509965333566385,60.03764630516768,19.32510417306554,134.73223903463216,2353.0881712501687,15.288,0.0,9.657255508119142,0.1832687998861206,9.99087419534938e-06,-0.1462647143879903,0.0768972227637256,0.023943751451412,2.0813855585684737,6.292902351696048,61.98395865297904,6.167105557376157
2.74,31.222037991495835,131.01085900663955,104.43944070561606,-0.7327139315588721,-1.9716521024972304,-2.843178622429439,-1.5407807217371772,-3.6740520830728713,63.918752526855165,62.2647689170848,28.539559981243887,59.94465395553991,19.347660829041505,134.75828155509856,2350.9034705313143,15.288,0.0,9.66567649923276,0.1831896477543693,1.0009324471810148e-05,-0.1448261668136471,0.0730900938697833,0.0236966279852933,2.103347280914186,6.2907776448546775,61.95512364977911,4.894520264607023
2.75,31.22203701971283,131.01086177846562,104.98507049734124,-0.7687333902487345,-1.979149497308177,-3.174946180167592,-1.2945258883375867,-3.542185061056821,60.87500126416428,62.239785113645446,28.57048898841208,59.85318454805399,19.366982668960848,134.78060927269843,2348.8939128282605,15.288,0.0,9.674074253592554,0.1831172722674339,1.0024795388205056e-05,-0.143298860452344,0.0692192742172492,0.0234360897577073,2.123145943228264,6.2907879611662105,61.928962858195774,4.929823072820272
2.76,31.22203604486747,131.01086455234926,105.53019823052968,-0.8035326266544255,-1.9843196957894456,-3.601111636864839,-1.0465921780684295,-3.4060623290716947,57.07031393551561,62.21505537942166,28.60179413061232,59.76330012619488,19.383075402941408,134.79922162046273,2346.9045966598387,15.288,0.0,9.68246427118288,0.1830456423635864,1.0037233733679723e-05,-0.1416820846412141,0.0652857178211432,0.0231612492224566,2.1407781688255367,6.293140167484937,61.90342147682908,5.0660261347409845
2.77,31.222035067062617,131.01086732817427,106.07479048648857,-0.8371440846708178,-1.9874226698189463,-3.834999544628528,-0.7970342922067635,-3.2650122032036,54.787502739389765,62.18455455610452,28.630658884728486,59.675061975048806,19.395946195339512,134.8141198498805,2344.481160408673,15.288,0.0,9.690749614853056,0.182957030997093,1.0046595965819045e-05,-0.1399770800156734,0.0612950290562579,0.0228701096688743,2.156473507959685,6.298334249992573,61.8724335322308,5.099293074272451
2.78,31.222034086412734,131.01087010581304,106.61881141350224,-0.8695433049638421,-1.9883929597826369,-6.264492428861364,-0.5463782258053829,-3.119121225065957,35.003127028307844,62.147390023892,28.65663309588117,59.58852873916289,19.4056069538005,134.82531086085885,2341.5570565558787,15.288,0.0,9.699016028659372,0.1828488115335588,1.0052845919604144e-05,-0.1381859178609209,0.0572542959450122,0.0225627865938757,2.170140214271986,6.306525113936755,61.83511667895375,7.019352660577223
2.79,31.222033103425325,131.0108728846743,107.16211963682288,-0.9007815664103213,-1.9874247506355425,-5.158758237294009,-0.2955237200063583,-2.968037273173867,43.37343975468588,62.096840725703615,28.67653461432058,59.50375479827994,19.412076790334144,134.83281008802203,2337.6272419456927,15.288,0.0,9.707271884311712,0.182701208639637,1.0055970368700744e-05,-0.1363154011303361,0.0531804920116072,0.0222381050926914,2.1819576327592003,6.318376021854444,61.7847193751726,5.958973575615565
2.8,31.22203211794083,131.0108756649597,107.70475509866168,-0.9305240576989028,-1.98391769821686,-5.963033806309166,-0.0452356866783495,-2.8145438351410266,36.525001161149824,62.05427067471214,28.70039103602144,59.420788957923726,19.41538372959713,134.8366435227302,2334.301353006691,15.288,0.0,9.715423442755608,0.1825770792207496,1.0055940832988215e-05,-0.1343654202238023,0.0490746210560598,0.0219038198416194,2.191223031502055,6.3316483117504445,61.742699879892406,6.594048486511576
2.81,31.22203112992176,131.01087844672773,108.2467253196101,-0.958928105267666,-1.978211541236923,-3.805274518430144,0.2047047820860545,-2.657053439446815,53.265625602936126,62.00661556733947,28.72203349221968,59.33968080676272,19.41555314448809,134.83683431962794,2330.595877760355,15.288,0.0,9.723553772941258,0.1824379854863406,1.005272810988298e-05,-0.1323365669066169,0.0449391724349945,0.0215553911677809,2.198294473408918,6.347695563146237,61.695940557836245,4.64563786669805
2.82,31.22203013941821,131.01088122993505,108.7880146961654,-0.9857836998018206,-1.9699347261762417,-4.990641809230659,0.4536646355635387,-2.497122203056384,43.3734397523079,61.96518941352311,28.74680368069018,59.260477421333086,19.412613452451463,134.83340941905087,2327.361571980484,15.288,0.0,9.731673880200583,0.1823172158030541,1.0046313538370522e-05,-0.1302309057252947,0.0407797745031382,0.0211971384588831,2.2027322527226647,6.365365510633179,61.65581375148973,5.5989228041293115
2.83,31.22202914658304,131.01088401441845,109.32858086602694,-1.0113014512662089,-1.9596732967350463,-3.0227503569757888,0.7014825224289424,-2.3331160096108747,58.59218706620188,61.914087994162095,28.767161325952795,59.18322312402452,19.40659631611465,134.82639979941547,2323.4036277886185,15.288,0.0,9.739698147193932,0.1821679759129293,1.0036686442389155e-05,-0.1280525420184026,0.0366056576358931,0.0208243035277921,2.205141993049058,6.386151969176905,61.60632324604303,3.882335349267642
2.84,31.22202815131615,131.01088680031603,109.86844949131223,-1.0351895507355366,-1.946849255553356,-4.589569010284297,0.9477324014027964,-2.167048108491428,45.6562499505332,61.869834722246445,28.79093478319484,59.10795882627162,19.39753740009692,134.81584137680932,2319.9629568106207,15.288,0.0,9.747693744373167,0.182038881992719,1.0023832165888809e-05,-0.1258016729156379,0.0324182255056439,0.0204425754360653,2.2048643883048906,6.408417043685747,61.5640831993642,5.163180987467607
2.85,31.222027153532643,131.01088958774992,110.40764258427276,-1.0575110273317887,-1.9316414488249984,-5.774178278124335,1.1923834401932236,-1.998280192596932,35.76406409430929,61.82656110447768,28.81533051287458,59.03472491057844,19.385471771947703,134.80176966389945,2316.598573257552,15.288,0.0,9.755679168475684,0.1819126675560442,1.000773727137457e-05,-0.123479113473554,0.0282202924503612,0.0200500885176418,2.2020773192847853,6.432735306067867,61.52319705012831,6.225434666281156
2.86,31.222026153364165,131.0108923765868,110.946125205452,-1.0783124266186277,-1.9142706792588096,-4.283392002920049,1.435070191884707,-1.8265301773957645,47.17812708140805,61.77958011869708,28.838103637103064,58.96355995679061,19.370435924332863,134.78422213150387,2312.959351100932,15.288,0.0,9.763583760115807,0.1817755418487738,9.988398453862044e-06,-0.1210883626397596,0.0240193971563344,0.0196459282100643,2.19698821975486,6.459488801331828,61.47894312183724,4.872687758850637
2.87,31.22202515069074,131.01089516699386,111.48392951020432,-1.0974345971425907,-1.8944741574803567,-4.130312359623424,1.6756345210295824,-1.6527047581724894,47.93906414598076,61.736629670854505,28.86294427115265,58.894499225452186,19.35246986684992,134.76324065918436,2309.624886790325,15.288,0.0,9.771447109801692,0.1816502723058132,9.96581014370289e-06,-0.1186298346321567,0.0198174292480142,0.0192326689740946,2.1892820930726424,6.4878878050729165,61.43910058684633,4.753805239364571
2.88,31.22202414543528,131.01089795908885,112.02107670156306,-1.114897123754217,-1.8723223685839576,-5.983930813952497,1.913995557141652,-1.4765343488762377,32.72031283152717,61.695040645253215,28.8885659239478,58.827577770196974,19.331612609702177,134.73886627362933,2306.394930645988,15.288,0.0,9.77930089729397,0.1815290056911595,9.93996661668592e-06,-0.1161038527913019,0.015616397839599,0.0188094956072043,2.1790236702849946,6.518198385533795,61.40098927634269,6.453755547147688
2.89,31.22202313769968,131.01090075277884,112.5575413013743,-1.1306863913112053,-1.8479108516910825,-4.30230111949076,2.1497225967841858,-1.2981739152448497,45.6562499486834,61.6538045070819,28.914483229160275,58.76282820735936,19.307905397843207,134.71114292905736,2303.193913664561,15.288,0.0,9.787094424780706,0.1814087745378991,9.910875003196992e-06,-0.1135145190747794,0.0114245922589231,0.018376768090571,2.166283201085162,6.550442671092454,61.36358566964334,4.981601919073635
2.9,31.22202212748582,131.0109035480911,113.09332471647836,-1.1448909224572563,-1.8214405180664293,-4.818458750221714,2.3824925657790668,-1.1171629094256628,41.090625555050096,61.60680978041255,28.937729914622626,58.70028053730992,19.28139186282317,134.680117692663,2299.56551515126,15.288,0.0,9.794828401831692,0.1812715964915762,9.878541078315203e-06,-0.1108639218350082,0.0072466347745488,0.0179330600578457,2.151273850925283,6.585226789543871,61.32074676171873,5.4901610650123125
2.91,31.2220211149446,131.01090634487727,113.62838976035124,-1.1574103410131389,-1.7927634769426375,-3.9971213108439647,2.611717584451508,-0.9342950582602544,47.17812707951601,61.55821956193712,28.96029634604003,58.63996039381819,19.25212015170718,134.6458432446759,2295.8213084260424,15.288,0.0,9.802552039501451,0.181129720722005,9.842985242059464e-06,-0.1081575488888462,0.0030924842902087,0.0174805851661105,2.133814042378754,6.6221289295782935,61.27665888197151,4.865280543856205
2.92,31.222020100072,131.01090914317487,114.16274039236158,-1.1681774399202836,-1.761856457660277,-4.7053837318814935,2.837189581415429,-0.7499759555573662,41.09062555313811,61.510560556645125,28.983396427731385,58.581889696930325,19.22014198037587,134.60837678050245,2292.1498996689384,15.288,0.0,9.810240968520288,0.1809905818105945,9.804226350063616e-06,-0.1053977281049353,-0.0010330451572022,0.0170204750960167,2.113846386805186,6.660823295130668,61.233852404284725,5.545515730665764
2.93,31.222019083056963,131.0109119427924,114.69633069451802,-1.1773017982626892,-1.7289964219902736,-5.796422766018531,3.058168043550486,-0.5639849341895506,31.95937576639485,61.45685568936067,29.003633594651447,58.5260869869596,19.185512026322407,134.56777930648283,2288.0315848763944,15.288,0.0,9.817845178316876,0.1808336500300418,9.76229635928742e-06,-0.1025911884566607,-0.0051189300691641,0.016551937488539,2.091661394697028,6.70196767111659,61.18530678439125,6.5779166664685045
2.94,31.22201806398096,131.0109147436681,115.22914335924916,-1.1847044979018326,-1.694050367329217,-5.741359842095144,3.274205727371166,-0.3769780696259516,31.959375764299384,61.40055506181093,29.022659402321768,58.47256486405031,19.148290849133527,134.5241190677119,2283.7242540370994,15.288,0.0,9.825438251212992,0.1806690768357115,9.717232543701016e-06,-0.0997428860521121,-0.0091570922026655,0.0160768291102056,2.067104829229262,6.745227075709713,61.13449302125744,6.6201018456328775
2.95,31.222017042838527,131.01091754584533,115.76118422164778,-1.1902641611944875,-1.6569002796307273,-5.209463869096905,3.4852324982366847,-0.1896189457153574,35.76406409142815,61.34738901187042,29.04325649140561,58.421332692937455,19.10854152741167,134.47746761023103,2279.6543212755346,15.288,0.0,9.83302037771782,0.1805137235343995,9.669072244718522e-06,-0.0968553313600511,-0.0131430599229937,0.0155970887288898,2.0400128316314228,6.789942211216867,61.08715999846488,6.270670993981858
2.96,31.222016019631024,131.01092034936053,116.29245779584753,-1.19396433201287,-1.6176730809828113,-5.443341057335051,3.69106445575096,-0.0020998856560413,33.48124989822239,61.297534921461725,29.06551715325974,58.37239753311568,19.066328575340982,134.42789850767875,2275.834314185379,15.288,0.0,9.840501848920049,0.1803681122523946,9.617857178014984e-06,-0.0939318394899292,-0.0170713727098928,0.0151132392267065,2.010482082152859,6.835960695352607,61.0434651862313,6.576771479418862
2.97,31.22201499433806,131.01092315427763,116.82297465889576,-1.19598683734025,-1.5765942736197198,-5.678052559099136,3.891100723448991,0.1862020628216288,31.19843769831812,61.24130978727533,29.084681645616048,58.32576372572103,19.021718392861303,134.37548788462882,2271.545216124439,15.288,0.0,9.847965833728823,0.1802037507641278,9.56363115851027e-06,-0.0909752712669837,-0.0209372894666954,0.014623366771196,1.978805946580858,6.884374764417754,60.9936901890946,6.885899862190601
2.98,31.22201396713802,131.0109259604228,117.35269420869857,-1.1962168700343174,-1.533561266439684,-6.583103886581204,4.084922838458602,0.3743764290468843,23.589064040646782,61.18416132914423,29.10340340783928,58.28143125402894,18.974781073776548,134.32031653603593,2267.192123480165,15.288,0.0,9.85541859851362,0.1800366687717394,9.506453287502192e-06,-0.0879930060748528,-0.0247302033318405,0.0141300781976157,1.944840153709657,6.934552874253435,60.94329885019828,7.756546208739244
2.99,31.222012938225504,131.01092876760325,117.88157215390882,-1.1947380884380991,-1.4887898818367058,-5.004034589706968,4.271780725973288,0.5622827633496416,35.76406409072257,61.12149775148728,29.11941610178404,58.239394125545246,18.92559202699452,134.26247182878777,2262.435299631059,15.288,0.0,9.862808309849113,0.1798533545307619,9.446390812404342e-06,-0.0849929516828908,-0.0284393895340475,0.0136336515566974,1.908814589357145,6.986914341570279,60.88766549904783,6.6033805472455365
3.0,31.22201190768589,131.01093157575824,118.40959299229615,-1.1914227126336383,-1.4421672235819785,-6.1030263961174285,4.451555632117316,0.749078910204995,26.63281330541912,61.05991270398347,29.13594894881364,58.19964063737488,18.87423140916178,134.20204703064726,2257.7636541431625,15.288,0.0,9.870142574901154,0.1796732100147694,9.383515626528475e-06,-0.081980824923029,-0.0320574237295244,0.013136560804953,1.8705706572908165,7.040683074705452,60.83340152598152,7.591073570401974
3.01,31.22201087542016,131.01093438505134,118.93678938505482,-1.186255023430351,-1.3936903788839134,-5.1006437506096844,4.624222843921816,0.934617601731592,34.24218696007312,61.00060595557389,29.153582078165183,58.16215572122201,18.820781642092395,134.1391383822119,2253.265558791704,15.288,0.0,9.877465299990446,0.1794997657799839,9.317896748198072e-06,-0.0789582235164187,-0.0355818165556442,0.0126392905063943,1.830108274415131,7.095708225615379,60.78170717064125,6.9479143375799115
3.02,31.22200984142249,131.010937195534,119.46317019285084,-1.1794015065174177,-1.3436176368713753,-5.055544138268375,4.7891765834566895,1.1192687936624772,34.24218695837674,60.93531100638874,29.168220040524982,58.1269237605235,18.76532484869788,134.07384206720195,2248.330433809589,15.288,0.0,9.88476909089992,0.1793086969053531,9.24960592243132e-06,-0.0759283206237788,-0.0390081544928443,0.0121406516858261,1.7877475408727368,7.152878679662796,60.724275385180974,7.053190874630876
3.03,31.222008805923103,131.01094000697236,119.98868356087748,-1.1706275448653023,-1.2918177234373056,-7.306886935369354,4.946520328379371,1.3016889704534145,15.979688387736632,60.87634383651224,29.185952907448367,58.093923001906354,18.70794814757447,134.00626043105538,2243.867604470479,15.288,0.0,9.89197542356512,0.1791362442858125,9.17873423310464e-06,-0.072900448940853,-0.0423253335449508,0.0116446373560991,1.7432526090770817,7.210649904328796,60.67344277461562,8.919251886853615
3.04,31.22200776890667,131.01094281943116,120.51334155132352,-1.1602251425816967,-1.2385939752222244,-6.213722919243017,5.095204271284896,1.4825457604419832,24.35000010511094,60.80928894808684,29.199623936616696,58.06312752392941,18.648741676767607,133.93649964096693,2238.814044137006,15.288,0.0,9.899169982348033,0.178939988628306,9.105368032586957e-06,-0.0698788583380784,-0.0455283273638605,0.0111491304354795,1.6970644405927642,7.270717513563646,60.61474621447156,8.17125455576133
3.05,31.22200673039223,131.01094563293432,121.03714767666114,-1.1479508698305163,-1.183736484431989,-6.269882438062944,5.235821877139113,1.6608413167331464,23.589064040145303,60.7476673456304,29.21592509526201,58.034508054590646,18.587797904528127,133.86466885922775,2234.16624559726,15.288,0.0,9.90635287656706,0.1787597172380125,9.029598802491186e-06,-0.0668669544053163,-0.0486129492546993,0.0106572344695082,1.6488892499403431,7.331447800954286,60.561739681009854,8.335685358482921
3.06,31.222005690464982,131.0109484474253,121.5600886362936,-1.1340026277881687,-1.127564267385477,-7.7619241342603935,5.367508438271088,1.8367769749888387,11.414062989657848,60.68186754337742,29.230080501407407,58.00803229555983,18.52521140868376,133.7908799669351,2229.2166997135214,15.288,0.0,9.913473624589738,0.1785671468774577,8.951524509953856e-06,-0.0638710334571341,-0.0515722088033703,0.0101682072830891,1.5991238583942071,7.393866782808063,60.50476159487228,9.614123088289148
3.07,31.22200464930012,131.01095126273736,122.08212812457572,-1.1183936199831264,-1.0701388171513793,-6.292013406818096,5.489829963627361,2.009839083174124,22.828124973290755,60.61208348450359,29.242171100114447,57.983662480232645,18.461080745699345,133.71524974960272,2223.9806895522875,15.288,0.0,9.920541074768863,0.1783628479763314,8.871253961932627e-06,-0.060899565571295,-0.0543975059465804,0.0096835163875161,1.5478552657411129,7.457909071893747,60.44399624537483,8.588778660634683
3.08,31.222003606961824,131.01095407884014,122.60325888110287,-1.101112623612182,-1.0114653550994417,-7.501161165355386,5.602649751793842,2.179629904646297,12.935938119230494,60.54018536107407,29.25311060795398,57.96135608932997,18.395507734038343,133.63789903397767,2218.596338909601,15.288,0.0,9.927596298889403,0.1781523237548913,8.788897052092958e-06,-0.0579577877858645,-0.0570836378723226,0.009204356769437,1.495120469557759,7.523333812134973,60.38131300682484,9.612902245999374
3.09,31.22200256350308,131.01095689571736,123.1234768071274,-1.0821137457547354,-0.951563243266,-6.991550285849909,5.706029810854094,2.3456753745888617,16.74062444709442,60.47018761251108,29.264892135192603,57.94106663630188,18.32859682024803,133.55895192136757,2213.3580886992067,15.288,0.0,9.934639136970755,0.1779473875094199,8.704568812318908e-06,-0.0550511228653005,-0.0596254102063121,0.0087321994266802,1.44094937457393,7.589586502796603,60.32072327895206,9.32430933446956
3.1,31.222001518967616,131.01095971336434,123.64278046063473,-1.0614218478368296,-0.890602004360109,-4.858727774054507,5.799892146763029,2.50772661484662,33.48124989417879,60.40241119397344,29.277678044649875,57.92274463555564,18.260454361115823,133.47853492078767,2208.288900831601,15.288,0.0,9.941585089481825,0.1777489838316099,8.618386756931326e-06,-0.052184468119712,-0.0620184224790268,0.0082678002108584,1.3855314973959392,7.656474076360545,60.26252139164588,7.970864273795045
3.11,31.22200047317825,131.010962532051,124.16122598864123,-1.039054541569186,-0.8285837565357073,-6.839663639831473,5.884391232508194,2.66582551610389,17.501563513783047,60.33806121513852,29.29205788920228,57.906338798297135,18.191187850848152,133.3967760168066,2203.476207606736,15.288,0.0,9.948514288665663,0.1775606593084978,8.530462193833785e-06,-0.0493573100222984,-0.0642627773604301,0.0078111610970772,1.3289507575508526,7.723846855086494,60.20791211959239,9.408171159452968
3.12,31.221999426311047,131.0109653516089,124.67877801595628,-1.015159744892336,-0.7656929440142766,-7.866547873207329,5.958757703563591,2.8198312729619834,9.131249795289026,60.270496819557046,29.30470286164492,57.891796410006044,18.12090586719149,133.3138045866258,2198.434684115912,15.288,0.0,9.955431700148395,0.1773628714658286,8.440919686278163e-06,-0.0465773061932153,-0.0663518355179364,0.0073625839735011,1.2715241407757991,7.7924693364429265,60.15022563316924,10.26356747038843
3.13,31.221998378513927,131.0109681719038,125.1954086437052,-0.9898936213534716,-0.7021278001856978,-7.843392646352152,6.022142433726432,2.96953590449947,9.131249789799783,60.19216293563357,29.31181587773001,57.879059338194125,18.049720456229128,133.22975419420763,2192.614707405577,15.288,0.0,9.962314443227212,0.1771333870365781,8.349890677918668e-06,-0.0438527319219255,-0.068279065751379,0.0069225503862713,1.2135995128074226,7.863227496209982,60.08187571906466,10.324880201970918
3.14,31.22199732986161,131.01097099289322,125.71110921612588,-0.9629218327999352,-0.6377531909593604,-6.101800750969806,6.076160820586926,3.113908250625956,22.828124974320747,60.12566173023013,29.32472194005756,57.86806426643329,17.977746632549007,133.14476197862965,2187.663901348098,15.288,0.0,9.969119096449823,0.1769387194581964,8.25750968683052e-06,-0.0411885497399454,-0.0700408874390311,0.0064944791965289,1.1549499099514593,7.933113226218677,60.025485761863926,9.15686230733474
3.15,31.22199628022079,131.01097381479462,126.22592539234016,-0.934525111573161,-0.5727737106047496,-6.4660047381788734,6.119784824782142,3.253470081925053,19.78437571123297,60.0568529441403,29.33631980367433,57.858747658109976,17.90509987198209,133.05896567365045,2182.551393469857,15.288,0.0,9.975912148776098,0.1767372570233608,8.163901925603992e-06,-0.0385851924368008,-0.0716367448413908,0.0060767263114392,1.0960738179862122,8.003924713929656,59.96688335861722,9.478715690944995
3.16,31.22199522972845,131.0109766374866,126.73983254544903,-0.9047447153609914,-0.5072840236980095,-7.310485576743141,6.152834306978187,3.3878546445335247,12.935938121950784,59.98568975155892,29.3465770821926,57.85104341466812,17.831897357557704,132.97250506045083,2177.274388978297,15.288,0.0,9.982693260745728,0.1765288617688822,8.069205749759964e-06,-0.0360495656920926,-0.0730618977911094,0.0056703862393317,1.037245723698044,8.07559735500266,59.90600680451096,10.137954846485785
3.17,31.22199417848815,131.01097946088896,127.25281484866116,-0.8736541972481897,-0.4414344517999064,-6.5313367405586815,6.175049978648736,3.516791663310213,19.023437646140785,59.91006209157935,29.354427337466785,57.844881624100005,17.75825839496935,132.8855224385124,2171.6805446058497,15.288,0.0,9.989420328486087,0.1763073239208203,7.973562275081102e-06,-0.0335878815883327,-0.0743125611389443,0.0052762562836968,0.9788365179858068,8.148302158835136,59.84072241603322,9.651809439711792
3.18,31.22199312650228,131.01098228504935,127.76488306805072,-0.8411766282710966,-0.375259789729039,-6.997743583583293,6.187105579816024,3.639916069595917,15.218750315058047,59.83857392895246,29.364190784716705,57.84018900004424,17.684303955479017,132.79816206631696,2166.394079934769,15.288,0.0,9.996090940832818,0.1760979637463394,7.87711228710657e-06,-0.0312035523676936,-0.0753868189350249,0.0048956161904819,0.9210797533833758,8.22081105617795,59.77962868044572,10.024853101720458
3.19,31.22199207383957,131.0109851099306,128.2760306419978,-0.8074238206349638,-0.308854718486698,-7.944524118120909,6.188641193727803,3.7571233285526735,7.609375658349378,59.76736065242833,29.3739154962744,57.83689074250465,17.610156065244286,132.7105694223195,2161.1343845364368,15.288,0.0,10.002749623731304,0.1758894082832218,7.779998979495583e-06,-0.0289012203575795,-0.0762822460488288,0.0045287774018703,0.8644756494986207,8.293593815250704,59.71884610165253,10.748521712033902
3.2,31.221991020540127,131.01098793553143,128.78625859334232,-0.772487050563015,-0.2423356682339965,-6.024358358748641,6.179417452794767,3.8682623469767607,22.828124967330115,59.69360129171525,29.38217451919529,57.834909533294336,17.53593808156294,132.62289151466408,2155.697631302759,15.288,0.0,10.00939628083188,0.1756733556705337,7.68236759759854e-06,-0.0266855058996487,-0.0769966938643406,0.0041762126303301,0.8096043854701995,8.366953636761503,59.65553540745846,9.45735413715524
3.21,31.22198996667411,131.01099076181163,129.29556008120198,-0.7363922890733073,-0.1758422825317209,-8.027287322471665,6.159635760798133,3.973087851287576,6.848437594563942,59.61934260177497,29.38999704161517,57.83416554880321,17.4617745111195,132.5352766504465,2150.2321620758444,15.288,0.0,10.015977660602568,0.1754558292376803,7.5843649814472144e-06,-0.0245608320513358,-0.0775284322155506,0.0038387368696443,0.7570947161138247,8.440479844408925,59.591721403985744,10.870321133125112
3.22,31.22198891238081,131.01099358864167,129.80391009133243,-0.6992090568701526,-0.1094618475480671,-5.346082852865923,6.129230463262373,4.07132470602992,28.15468843280438,59.543633323664686,29.396897023308448,57.83457596145484,17.387790557623113,132.4478738862468,2144.669593144856,15.288,0.0,10.022515435822797,0.1752340294073859,7.486144243395619e-06,-0.0225333672679375,-0.0778758752757987,0.0035172096507569,0.7077249511419518,8.514238389242697,59.526439107318936,9.095259908513892
3.23,31.221987857522745,131.01099641624688,130.31135656346055,-0.6609212606538878,-0.0432539609321477,-6.396968310892572,6.088811605208023,4.162943792496856,19.7843757101158,59.47331355728736,29.40631794458372,57.836056567837446,17.314112135846337,132.36083303108117,2139.502431407066,15.288,0.0,10.029041559790048,0.1750280864062696,7.387848487476143e-06,-0.0206029838276019,-0.0780387024474172,0.0032119432847889,0.662335062440522,8.587209151005617,59.46651924163756,9.763448742824831
3.24,31.22198680220237,131.0109992445432,130.81788414892594,-0.621658645570966,0.0226599336297329,-6.589106825365362,6.0379882897073776,4.247827216645489,18.26250058128455,59.402837608364045,29.415459026363816,57.83852248416184,17.24086608625357,132.27430488914783,2134.33071568531,15.288,0.0,10.035555904226152,0.1748216795864032,7.28962861300399e-06,-0.0187745359157429,-0.0780158796329745,0.0029232828032351,0.6220714782530277,8.660075188206827,59.40639702232236,9.895335638834792
3.25,31.22198574647349,131.01100207350842,131.32349030146125,-0.5815539165338921,0.0881320377278181,-6.687222562458735,5.97632224585502,4.325890824847448,17.50156351152842,59.325022846644245,29.42069233284648,57.84188656684604,17.168179623266536,132.1884405978768,2128.639015220159,15.288,0.0,10.042001337623972,0.1745936704448109,7.191635106329311e-06,-0.0170520599487644,-0.0778069648026556,0.0026514781499892,0.5881938006921122,8.733733369729345,59.33886658929868,9.957344255104275
3.26,31.221984690499887,131.0110049029765,131.8281432593646,-0.5405842928179114,0.1530889797565301,-5.830818068265912,5.904578472300395,4.396783360063295,24.35000010368152,59.24805287646985,29.426144121938133,57.84605940849279,17.096179580537417,132.10339072714612,2123.015923548591,15.288,0.0,10.048408801600498,0.1743681430580362,7.0940232560176274e-06,-0.0154409994216999,-0.0774124725863358,0.0023977377118911,0.5618424315930074,8.806952272384796,59.272100008564834,9.391176188108652
3.27,31.22198363428296,131.01100773299112,132.331854230926,-0.4988273839419947,0.2174541710843244,-6.12394135198667,5.822803100444403,4.460473682952494,22.06718790678714,59.17107049036896,29.43137606925059,57.85095001454288,17.024992382343267,132.0193052381555,2117.399841265801,15.288,0.0,10.05480434465876,0.1741425747056718,6.996942284471359e-06,-0.0139433949943881,-0.0768327266133312,0.0021622657948888,0.5441634687812945,8.879789285624794,59.205228029685166,9.555287494650754
3.28,31.22198257785237,131.0110105635583,132.834626855913,-0.4563323120253908,0.2811138145844145,-6.897167966701142,5.7313307935688975,4.516857481253295,15.979688382530238,59.09665773725996,29.437691392174123,57.8564664323621,16.954744261287168,131.9363337355487,2111.975317291457,15.288,0.0,10.061187956189976,0.1739245645068001,6.9005423659781245e-06,-0.0125620238312378,-0.0760683718909348,0.0019455062465067,0.5359687349103824,8.951767390335306,59.140814814834485,10.040970079238027
3.29,31.221981521314262,131.01101339458276,133.33644426717615,-0.4132214343963124,0.3439462890713438,-7.289317730015569,5.62989469417148,4.56586272994487,12.935938119839436,59.017967763023066,29.441629949704858,57.86251571368295,16.88556089613384,131.85462503643947,2106.2528981057635,15.288,0.0,10.067506188335916,0.1736939617988012,6.804974779135368e-06,-0.0113004524377741,-0.0751211320175612,0.0017477092896814,0.5376327301498212,9.023762645630542,59.071994395286985,10.279930432900757
3.3,31.221980464682147,131.0110162260893,133.83731418342046,-0.3695327915551994,0.4058637156571467,-6.535288060857416,5.5189746224327125,4.607407227194783,19.02343764426463,58.93897353253933,29.44519618701019,57.86900386040571,16.81756668029809,131.77432630506877,2100.5170191633133,15.288,0.0,10.073784545291463,0.1734624591665179,6.710387744922694e-06,-0.0101608657448393,-0.0739925795058837,0.001569283642046,0.548887561971647,9.095121927146106,59.00272592274607,9.715825867040255
3.31,31.22197940799144,131.0110190580732,134.33723835104817,-0.3253174567970254,0.4667657339841871,-7.791587456749744,5.399021341932929,4.641425790537649,9.131249788835012,58.86355313301674,29.45034892718824,57.8758362089761,16.750884711537786,131.69558304117862,2095.043812772251,15.288,0.0,10.080051025348531,0.1732414702136239,6.616928213650017e-06,-0.0091453832499339,-0.0726843862621614,0.0014105732510285,0.5689458294621688,9.165186769928711,58.93687171206214,10.55467194733665
3.32,31.221978351342685,131.01102189044178,134.83620085511447,-0.2806878716310939,0.5266029420526237,-7.136221371107371,5.269850531229404,4.667899648993028,14.457812250903595,58.785155559815664,29.453771736300165,57.88291768045613,16.685637148453107,131.61853950334984,2089.366561946743,15.288,0.0,10.086305543566631,0.1730117147074387,6.5247430744992e-06,-0.0082564703528864,-0.0711994752248845,0.001271711187822,0.5967362243113363,9.234864181392908,58.86787299193575,10.024283875270973
3.33,31.221977294701983,131.01102472327926,135.33422170268102,-0.2357035823405875,0.5852338591361296,-7.151745779243819,5.131816245012631,4.6868210528231256,14.457812248569894,58.70549399683431,29.4563338751308,57.89015270125936,16.621944108229744,131.54333741177322,2083.6077460211686,15.288,0.0,10.092506054003785,0.1727782346787351,6.433974628098565e-06,-0.0074954493236135,-0.0695396482065137,0.0011528743761025,0.6309143495856193,9.30376864302388,58.79742071797083,9.972426848299936
3.34,31.22197623812153,131.01102755655447,135.83129760907403,-0.1904257378897516,0.6425395115712618,-7.551293496013505,4.985384815933073,4.698163176535807,11.414062985687238,58.62782119067004,29.45968142076737,57.89744554649178,16.55992419065911,131.47011657290477,2077.9983147630583,15.288,0.0,10.098657423525069,0.1725506033940014,6.344764758045532e-06,-0.0068639189897642,-0.0677077396770869,0.0010542914476247,0.670162267980438,9.371307788418251,58.72874894559504,10.195530023457778
3.35,31.221975181574606,131.01103039033984,136.32744633308403,-0.1449317150455414,0.6984466771918058,-7.856595376912675,4.830790642923813,4.701941904444798,9.131249790585125,58.55333826023982,29.4644197428924,57.904700388940725,16.499694590039873,131.39901501926624,2072.6227129885506,15.288,0.0,10.104797285454652,0.1723323560894627,6.25725167199018e-06,-0.0063629571039814,-0.0657055610491261,0.0009760558893874,0.7133245561678007,9.437230496339078,58.66304729054998,10.35233726387717
3.36,31.22197412518084,131.01103322451115,136.82264592689643,-0.0993200359459022,0.752978126316237,-6.249666609326213,4.6678682981823245,4.698192014854244,22.067187904939708,58.47257702745391,29.46575322136752,57.91182137527676,16.44137036494014,131.33016815647227,2066.8106571995454,15.288,0.0,10.110925445441517,0.1720956262851026,6.171574881854928e-06,-0.0059942309688587,-0.0635383387681291,0.0009181825371103,0.7594998093111326,9.50295015841142,58.590851150346666,9.106060365786224
3.37,31.221973068913258,131.01103605913866,137.31691382327298,-0.0536380570011464,0.8058482039007921,-7.992177202664496,4.497650401313753,4.6868816846908095,8.370312727943645,58.3997839301568,29.47090151247389,57.9187128062963,16.385063071400225,131.2637071610905,2061.5697476372807,15.288,0.0,10.11701817707842,0.1718823438519626,6.0878673782799535e-06,-0.0057584477220092,-0.0612081090295028,0.0008809257780654,0.8076312148366499,9.566082761761466,58.52636209672877,10.299058961745875
3.38,31.22197201274569,131.01103889429024,137.81026702454488,-0.0079808243434849,0.8570831718949261,-7.24852183717339,4.319758797560618,4.66810458963078,14.457812249522838,58.32409650169298,29.474364914506136,57.92527906915059,16.33088316324469,131.199761826116,2056.1318420133634,15.288,0.0,10.123045599068696,0.1716605386142325,6.006259431859231e-06,-0.0056563670436855,-0.0587172641731679,0.0008641469871566,0.8571203254803366,9.628250981936546,58.45872179054254,9.64326632178194
3.39,31.22197095673153,131.0110417299254,138.30270070145363,0.0375805001037407,0.9066340248627688,-5.836148212938864,4.134609986020849,4.641893250481667,25.87187623377196,58.24729386782848,29.4770409385048,57.93142470833944,16.278939001585805,131.13845940518195,2050.6230304134265,15.288,0.0,10.12906179897544,0.171435446811076,5.9268815784608976e-06,-0.0056887206532176,-0.0560701857074771,0.0008679041870524,0.9074124922821036,9.689140947782914,58.38970166431596,8.526593613440252
3.4,31.22196990093249,131.01104456599063,138.79420748242157,0.0829722270944653,0.9544145955350868,-6.624846468719833,3.942634805360316,4.608303404089827,19.784375708828303,58.16999802834975,29.479246284837046,57.93705485194008,16.229334699124625,131.07992208370283,2045.087368747401,15.288,0.0,10.135066629073236,0.1712088990816822,5.849860915838332e-06,-0.0058559224519041,-0.0532723147496428,0.0008921856467006,0.9580140781176136,9.74857023764186,58.31991018932297,8.981615679079912
3.41,31.22196884534027,131.01104740252552,139.2847987374011,0.1281155610943735,1.000316648393672,-6.936164647030468,3.7441617943043566,4.567383568781558,17.501563510963408,58.09426459277567,29.48202465208672,57.9420752202088,16.18217072078897,131.02426770440425,2039.66933633755,15.288,0.0,10.141060340998765,0.1709869456389941,5.77531859722143e-06,-0.0061583019730909,-0.0503265036572753,0.0009369892046271,1.0084866515408697,9.806118583497184,58.2513859821467,9.109891339473785
3.42,31.221967790078377,131.0110502393891,139.77444960361555,0.1729473599410932,1.0442710557018744,-6.769795697608294,3.539607936531483,4.519274989916234,19.02343764541628,58.01558626874128,29.48310007628729,57.946392214369325,16.13754395499181,130.9716098686576,2034.0524233278115,15.288,0.0,10.146967684122716,0.1707563202788742,5.703376203417096e-06,-0.0065953778359239,-0.0472412588443878,0.0010020842467388,1.058493984409371,9.86238241700694,58.17961090112465,8.875967810114838
3.43,31.22196673509991,131.0110530766698,140.2631813589454,0.2173731098074602,1.0861641889671012,-6.125961745425605,3.32941325414399,4.4640026586055885,24.350000103289528,57.940670006314335,29.485868802233146,57.94991367578528,16.095545029782176,130.92205478867797,2028.707133091312,15.288,0.0,10.152862476000672,0.1705367634704803,5.63414535195982e-06,-0.0071671795285972,-0.0440193006446678,0.0010875049048681,1.1076994420259096,9.916237851423276,58.11127405929752,8.2788718832535
3.44,31.221965680313463,131.0110559145149,140.75102714303722,0.261312179861942,1.1259354818415417,-8.54429980530301,3.1136142897350965,4.40161166126389,5.326562462958002,57.868940417051256,29.490041922142776,57.9525472624076,16.056264124508058,130.87570816333283,2023.592156445964,15.288,0.0,10.158746577935132,0.1703265819180405,5.567735236764184e-06,-0.0078742373999102,-0.0406610304088291,0.0011932544401072,1.1558572466177446,9.967697715609171,58.04579056599233,10.103159818824896
3.45,31.22196462581423,131.01105875281644,141.23796879077875,0.304696792160819,1.1635624075428592,-8.47596044396033,2.892645691663218,4.332258795020473,6.0875005314480175,57.797959376520325,29.49438670973322,57.95420127417493,16.01978797672605,130.83267166538093,2018.5363327824584,15.288,0.0,10.164619757395812,0.1701185995377686,5.504256991960841e-06,-0.0087154581748628,-0.0371747492900701,0.0013190503896639,1.2027904423246762,10.01709375300404,57.98071876938345,9.948757249632248
3.46,31.221963571625604,131.0110615915621,141.72400738341986,0.3475050873509406,1.1991211751002684,-7.738133341719515,2.666752734631673,4.256187998618168,12.175000055737364,57.719158887665166,29.494563490829524,57.95478522973235,15.986198060393823,130.79304081261392,2012.9418016648,15.288,0.0,10.170440715545489,0.169887597773433,5.4438147810639565e-06,-0.0096898256618037,-0.0335667661956614,0.0014644491163907,1.2484525407669178,10.065785788264456,57.90750265137643,9.225259564992092
3.47,31.221962517822448,131.01106443066774,142.20912954339707,0.3896099518473836,1.2323480058291596,-8.053272850456052,2.4367941016081485,4.173459693515157,9.892187856235902,57.64339700614162,29.49608311961456,57.95421144668016,15.955566706282053,130.75690041160868,2007.5671171609,15.288,0.0,10.176217346133992,0.1696655354434954,5.3865067856739904e-06,-0.0107953816936837,-0.0298463045243671,0.0016293170694991,1.2924604881663933,10.11186349301638,57.83695885326231,9.39206765898332
3.48,31.221961464425984,131.0110672701201,142.69333618899225,0.4309562782683283,1.2632864788690843,-6.742412880645222,2.202953751967358,4.084231601213542,20.54531277870677,57.56761872783516,29.49739669307744,57.95239310245843,15.927962407753313,130.72433083807317,2002.198901009986,15.288,0.0,10.181983155219225,0.1694434206634968,5.332425425439282e-06,-0.0120313275170229,-0.0260173758244444,0.0018133832531192,1.3347606320020555,10.155819224587171,57.766039226411145,8.184991414702218
3.49,31.22196041142571,131.01107010994747,143.17663655416078,0.4714949968346641,1.2919438903048812,-8.20634616887819,1.965641382084396,3.988719942635184,9.13124979042427,57.48938469167392,29.49727014492099,57.94924497193039,15.90344805546298,130.69540597399893,1996.6677068659988,15.288,0.0,10.187738069194989,0.1692140734494218,5.2816587425630095e-06,-0.0133959333515665,-0.0220867710131397,0.0020162213518288,1.3752777426417355,10.198019922861995,57.69230556677824,9.333688995632972
3.5,31.22195935895339,131.01107294998178,143.65900044715707,0.5110975418065166,1.3181080049843532,-9.383811711718137,1.725548485546527,3.887038570166727,8.97999656719861e-09,57.41620420478542,29.499520261531856,57.94468447256689,15.882078642271672,130.67019051947727,1991.495148534432,15.288,0.0,10.19348046247766,0.1689995966234401,5.234289815466828e-06,-0.0148860300752932,-0.0180647310699239,0.0022375397793205,1.413712603370595,10.237096717761606,57.62323386334543,10.302548648898203
3.51,31.2219583068952,131.01107579038913,144.14046466680645,0.5497660137752641,1.341853890916404,-6.447373639913227,1.4827938128116704,3.779424886264776,23.589064040525805,57.3399808477224,29.50004746622804,57.9386303145671,15.863904354249108,130.64874365879342,1986.118906712584,15.288,0.0,10.199140438259858,0.1687761592707511,5.190392809131023e-06,-0.0165012688303716,-0.0139533384090026,0.0024769209117055,1.450089401909628,10.274346166003234,57.55073949643842,7.619144099889306
3.52,31.22195725525721,131.0110786311696,144.62103270343104,0.5874408179127766,1.3632232946942806,-5.902940630624988,1.237756577648288,3.6660735596409593,28.154688431005614,57.26058368583806,29.49878237209251,57.93100199241312,15.848971511940505,130.63112018887583,1980.5307907952324,15.288,0.0,10.204789907950271,0.1685433758594167,5.15004121593395e-06,-0.018239866871107,-0.0097585627299227,0.0027339753219921,1.4843851742837904,10.309820327995691,57.474698097405465,7.0581048999638325
3.53,31.22195620414732,131.01108147218164,145.10067967355195,0.624007491044735,1.382059465859714,-8.037791628044577,0.9911357591160423,3.5471820386359045,11.414062987461,57.183370172748994,29.498451557477445,57.92172234939207,15.837317333942458,130.6173643577525,1975.101820153223,15.288,0.0,10.210428502032352,0.1683170156519918,5.113303275876766e-06,-0.020097359267096,-0.0054923211139898,0.0030081939668546,1.516376665519357,10.342527677871535,57.400442514105954,8.841433411166042
3.54,31.22195515358349,131.01108431340515,145.5794049559356,0.6593785975738213,1.3982872851701489,-7.589643823603944,0.7433073409318152,3.4228999927840738,15.218750318879632,57.11030098107821,29.500057777893417,57.91071740025304,15.828970562752083,130.60751061839875,1969.9666212832897,15.288,0.0,10.21605627802619,0.168102849953429,5.080237294144397e-06,-0.0220709583513283,-0.0011618712198899,0.0032992308750413,1.5459305112736816,10.37207359946184,57.32992163204651,8.358914016357259
3.55,31.221954103464057,131.0110871549825,146.05724037888794,0.6936477496214448,1.412181629259584,-7.23693042591448,0.4946086819668575,3.2937089299259186,18.262500574490247,57.02812278972593,29.49687171917932,57.89791356885444,15.8239568070463,130.60158994785837,1964.2109785299915,15.288,0.0,10.22164679823644,0.1678618679739919,5.050896796755274e-06,-0.0241600314363226,0.0032304483816467,0.0036061488673331,1.5733107511571915,10.40076737802019,57.24992530277003,7.966575064158842
3.56,31.221953053906248,131.01108999675338,146.53415721273723,0.726504366285961,1.423183246220871,-6.980477150184576,0.2454548489966743,3.1593324241974767,20.545312774054903,56.95811511882711,29.49971987215932,57.88324147770829,15.82229152439155,130.59962157699465,1959.301408416776,15.288,0.0,10.227181767674333,0.1676567056834465,5.025331961255541e-06,-0.0263590504578369,0.0076717493594637,0.0039293661638401,1.597858125895108,10.424741373975191,57.18164523284259,7.66607400784329
3.57,31.22195200467865,131.0110928390349,147.01022199222837,0.7580867111165668,1.4317270493358911,-6.723979273948591,-0.0041987438621598,3.020154031379472,22.828124966989147,56.88378358963004,29.50021609906442,57.866630923440816,15.823988906414106,130.601623491305,1954.1012820752408,15.288,0.0,10.232706902513678,0.1674388121857647,5.003584110214736e-06,-0.0286713088245591,0.0121674612482784,0.0042682830396164,1.620005611819244,10.446970280048314,57.10865534461527,7.371108822911104
3.58,31.221950956031137,131.01109568148067,147.4853688163639,0.7883247179755799,1.4377578365799184,-6.754427560845539,-0.2531064782888233,2.8767923933773702,22.82812497234356,56.80699677814665,29.49931721865326,57.8480149104492,15.829054934807663,130.6076042424868,1948.7400144578835,15.288,0.0,10.23822141767728,0.1672136873856487,4.9856992350546745e-06,-0.0310859768593503,0.0166953682934297,0.0046212949749228,1.6396563692295485,10.46709867052657,57.03281554998513,7.345902874300441
3.59,31.221949907953928,131.0110985240995,147.95960253406207,0.8171771487864334,1.441281748414416,-8.220035498521439,-0.5008276343892819,2.7295237647119506,11.414062986384712,56.727467475117,29.49688156794537,57.82733291898323,15.837482064085911,130.61755667462418,1943.198631756712,15.288,0.0,10.243725332164257,0.1669804857660047,4.971704582425556e-06,-0.0335996106114577,0.0212483420317432,0.0049877553467284,1.6567832419309974,10.485167273721403,56.95383960703631,8.675834939557568
3.6,31.22194886053983,131.0111013667573,148.432899470569,0.8445404592764258,1.4421520371614112,-8.537391589219837,-0.746798336177735,2.5785870507291007,9.131249790668926,56.64944541284719,29.49508351264401,57.80452838905185,15.849253962972524,130.6314635229162,1937.7686763185068,15.288,0.0,10.249175243379709,0.1667517165519767,4.96162149149816e-06,-0.0362057804667755,0.0258141419803652,0.0053669961098776,1.6711973110005232,10.500352147206693,56.8759542061274,8.949518092097877
3.61,31.22194781376843,131.0111042094737,148.90526653708784,0.8703993020550562,1.4404443986194475,-8.376172572349917,-0.990562925567226,2.424325843056085,10.653124922086985,56.57092470704319,29.492906414599915,57.77954830062293,15.864346315432403,130.6492983592566,1932.3126703884475,15.288,0.0,10.254587579076464,0.1665214753388059,4.955462077090257e-06,-0.0389006255134733,0.0303854329322119,0.00575821407242,1.6829484216942254,10.513029831456771,56.797165349952856,8.776037697309926
3.62,31.22194676760169,131.01110705229087,149.37671501078387,0.8946753026500054,1.4361388533370618,-9.171797305361512,-1.231922914667476,2.266853105591254,4.565625399279432,56.494205142660654,29.491526407610348,57.75234234957897,15.882728278422762,130.6710273120382,1926.9876415926744,15.288,0.0,10.259989437697412,0.1662965317860306,4.953232374461985e-06,-0.0416809364463536,0.0349562579574001,0.0061611189335898,1.6919725356423825,10.52280429934089,56.71976968517962,9.527755395718774
3.63,31.221945722093903,131.01110989512247,149.84723054726174,0.917442810278648,1.429430671447617,-9.297190181810034,-1.469880129419924,2.106960657957803,3.8046873330369513,56.41230534259889,29.487389371057336,57.72286399405724,15.904361161893688,130.6966075007018,1921.3174931977128,15.288,0.0,10.265380566818944,0.1660563354439833,4.954933762123762e-06,-0.0445395323873436,0.0395143925474095,0.0065738235081538,1.6984695213189027,10.53096299169782,56.63681649582072,9.64559879353223
3.64,31.22194467727647,131.0111127379122,150.31680464006214,0.9385528065730429,1.420157847514673,-5.594773250629538,-1.7043247278421427,1.9446151635090068,33.481249889092005,56.33254282152669,29.48423462919084,57.69107229313556,15.92919606502376,130.72598423015177,1915.8014963124808,15.288,0.0,10.270760910014504,0.1658224261504908,4.960557034916392e-06,-0.0474710255352975,0.044050937054462,0.0069962748849348,1.7022189274928277,10.536175622467866,56.55559785331078,6.163419394949784
3.65,31.221943633004464,131.01111558084324,150.7854762997197,0.9579107970244816,1.4082086955309157,-8.016672015483518,-1.9354652780191697,1.779632970235222,14.457812250959016,56.25830216849502,29.48380334256608,57.656927454379264,15.957180407732828,130.75909870385888,1910.6688947808825,15.288,0.0,10.27608035488269,0.1656047671328517,4.970086815318474e-06,-0.0504754716540013,0.0485654764130451,0.0074289305076529,1.7030737066290784,10.537776486842017,56.47948080358183,8.436832910221858
3.66,31.22194258930084,131.01111842386763,151.25323852039944,0.975680926256132,1.3939352990500122,-8.811330938554695,-2.162116650915576,1.6130541249314565,8.370312725762007,56.17801610019868,29.48018962818257,57.62039161121569,15.988256797865503,130.79588667467,1905.1335215426493,15.288,0.0,10.281371596928873,0.1653693084261036,4.983507705191583e-06,-0.0535467793043631,0.053048083986833,0.0078693610737048,1.701417367960122,10.537949109729055,56.39695334571805,9.215001081435418
3.67,31.221941546349186,131.01112126671654,151.72004040696507,0.991748608906342,1.377254238891393,-7.6917251548362575,-2.3835474839692234,1.44533598579666,17.50156351400608,56.0972861033934,29.47626180581528,57.58143499269256,16.02235518056898,130.83626913375412,1899.5765350421752,15.288,0.0,10.286651993688698,0.1651325386521655,5.00079470857384e-06,-0.0566713510684809,0.0574786557619277,0.0083162130997126,1.697116700077817,10.53570993129709,56.31360386027977,8.18125482904155
3.68,31.221940503914407,131.01112410969077,152.1859438382932,1.0059586238237528,1.3580277444458548,-8.103223058258257,-2.60062834789292,1.275788678732443,14.45781224962016,56.02333089689304,29.475720501187286,57.54003273285953,16.059397533898665,130.88015784217188,1894.4862404944704,15.288,0.0,10.291922187820976,0.1649157076338782,5.0219056469987565e-06,-0.0598532024246002,0.0618625755731535,0.0087711597115943,1.6899711819314382,10.529750555267375,56.2366294234448,8.605412743647712
3.69,31.22193946202828,131.0111269527262,152.65093832610515,1.0184851657203362,1.3365671953203917,-8.609922978567212,-2.812145990562201,1.1054956403326763,10.653124922556696,55.94510333476052,29.472917815461766,57.49615755993255,16.099307244219148,130.92746641872267,1889.1146231911985,15.288,0.0,10.297182101133092,0.1646862960528495,5.0468076844508604e-06,-0.0630864541613036,0.0661912250837767,0.0092316524414355,1.680337981130069,10.522146592401633,56.15503177810785,9.124749825605592
3.7,31.22193842076881,131.01112979569425,153.1150005158407,1.029308266851546,1.3128556273418128,-9.881659081686438,-3.0174306282379444,0.9349706124657494,0.760937067171013,55.86312164738606,29.46812699999388,57.44978958237134,16.141997146807817,130.978096149002,1883.4978795896288,15.288,0.0,10.30238227883614,0.1644458292032918,5.075457582269928e-06,-0.0663620240607582,0.0704519443886916,0.0096963136810226,1.6681966236683776,10.512795873104062,56.06932648184145,10.374306909335152
3.71,31.2219373801307,131.0111326385785,153.5781291113985,1.0382792760413384,1.286803025076955,-9.430554491592805,-3.216685057501686,0.7640189894818472,4.565625393994299,55.784805313076575,29.46515804476326,57.40091510658454,16.187371475443644,131.03193825941935,1878.1367136548856,15.288,0.0,10.307554259222949,0.1642161479558658,5.1078012610669874e-06,-0.0696735758829187,0.0746360405609396,0.0101654469698974,1.6533918522266962,10.50040218375198,55.98691886742497,9.993305048598522
3.72,31.22193634006375,131.011135481422,154.0403344784288,1.0454525045106071,1.258569100132787,-8.117687376375278,-3.4094536113047265,0.5930944464848972,15.21875031269427,55.706522057390046,29.462152736776645,57.34952316015492,16.235330266007647,131.0888791076716,1872.7858152024328,15.288,0.0,10.312716002499876,0.1639865599670955,5.143778746798861e-06,-0.0730178593173555,0.0787391036774871,0.0106379577437448,1.6360902538083233,10.485704715417222,55.90420173128259,8.824567031342252
3.73,31.221935300584107,131.01113832417713,154.50160893436433,1.0508672917461404,1.2282675864269064,-9.48381189187784,-3.595070311780048,0.4228102144017654,4.565625394671836,55.62588100973232,29.457888065123825,57.29560666754004,16.285768367970157,131.1487989792416,1867.284653552809,15.288,0.0,10.31786738112776,0.1637500270484528,5.183326785446474e-06,-0.0763875219050874,0.0827517957292012,0.0111122792014013,1.61641397943761,10.469202147990195,55.818802053833416,10.151156930348792
3.74,31.22193426177799,131.01114116670038,154.96192584809188,1.054413260851074,1.1958360254995994,-9.413994973285998,-3.773479595018423,0.2532275098325496,5.3265624657570285,55.54881492199288,29.455426305321744,57.23916600185678,16.33857213742082,131.2115681204043,1862.0316585189155,15.288,0.0,10.32300798714608,0.1635240138215834,5.226373170274736e-06,-0.0797719942354439,0.086661407180456,0.0115880353047262,1.5942552119793032,10.449860211431911,55.736642768310496,10.145273470084996
3.75,31.221933223374247,131.0111440093285,155.42135286724047,1.0561226729083977,1.1613441544642562,-7.716759511734522,-3.944881552513204,0.0842108374864977,19.023437639211988,55.473304250528,29.453737001465782,57.180203972638125,16.393625003861494,131.2770533121495,1856.890580911132,15.288,0.0,10.328099076956484,0.1633025754411082,5.272834184473738e-06,-0.0831766311229642,0.0904737558185917,0.0120656494195419,1.5697014323386644,10.428071672063728,55.65571527272437,8.667038669029601
3.76,31.22193218535623,131.01114685205457,155.87988995872664,1.056049463160746,1.124934687198624,-7.358714785775982,-4.108706225491195,-0.0836902586093259,22.0671878990034,55.39638607146279,29.45129715498385,57.118721449639374,16.450811779758332,131.34512296869198,1851.6628985072568,15.288,0.0,10.333154521613755,0.1630769896704024,5.322635009251938e-06,-0.0865963532216484,0.0941823181379774,0.0125437443049944,1.5429112770139015,10.404461719244416,55.57307904627506,8.428472827575245
3.77,31.22193114781225,131.0111496947299,156.33750913975732,1.054138520993687,1.0866430201743191,-9.584108929359704,-4.264648330196358,-0.2501419007098682,4.565625396751761,55.32136740930602,29.44982125601956,57.05472742112253,16.51000915032586,131.4156357893507,1846.56978190038,15.288,0.0,10.33819986311948,0.1628569917354216,5.375692710054094e-06,-0.0900189334316848,0.0977732592936977,0.0130212830355849,1.5138916204101505,10.378520357648934,55.49204666339874,10.493090122579227
3.78,31.22193011071612,131.0111525373586,156.79421225865704,1.050465323038945,1.0466165371258127,-10.181771938647154,-4.412168500649384,-0.4145873495890767,0.0,55.244804279715055,29.44753616769809,56.988236830540096,16.57108837015201,131.48844391667143,1841.3811037250784,15.288,0.0,10.343235094101642,0.162632443158276,5.4319136547520325e-06,-0.0934400593140179,0.1012417021425465,0.0134968507749887,1.4828219141795504,10.350961929955533,55.40919727812992,11.104395227079436
3.79,31.22192907403531,131.01115537995224,157.25000251137828,1.044981454398641,1.0048744062952624,-8.290365650674785,-4.551370936703169,-0.5770575331141082,15.218750315400364,55.1698539780153,29.44608209962365,56.919268231570186,16.63391782810113,131.56339594737173,1836.3074754837853,15.288,0.0,10.348260228503245,0.1624126385345037,5.4911999449397854e-06,-0.0968540656301986,0.1045815006909963,0.013970389721209,1.4497057786894847,10.321284356092423,55.327691188716656,9.475132475162464
3.8,31.22192803768456,131.0111582225918,157.70489651659184,1.0377428454572457,0.961518148821045,-7.54660694931466,-4.681939694585031,-0.7372157160078489,21.30624984146313,55.094215606178814,29.444274247030464,56.84784274859776,16.698364111769596,131.6403381629249,1831.1954847411887,15.288,0.0,10.35325385350018,0.1621908044052325,5.553449409970264e-06,-0.1002588488946591,0.107790077407614,0.014441041516991,1.41468239018629,10.289971284341892,55.24524343473311,8.911527521312172
3.81,31.22192700168296,131.01116106521877,158.1588834918983,1.028791418998651,0.9166325594195252,-8.237548009461449,-4.803358751595241,-0.8945037344337247,15.979688379801162,55.016690142162496,29.441496978834824,56.77398623128535,16.764290536806804,131.7191127340818,1825.965735267344,15.288,0.0,10.35819532506452,0.1619634109299339,5.618557134644767e-06,-0.1036462451259641,0.110858967518752,0.0149072946477804,1.3778739895914345,10.257311343615845,55.16066830598543,9.577556548286454
3.82,31.22192596602213,131.01116390781047,158.61195951934087,1.0180651952918816,0.8702761142326062,-9.310534061745637,-4.915927811956059,-1.049095567124322,7.609375658402095,54.941687220108086,29.440044973511256,56.69773018480118,16.831556813006866,131.79955727496133,1820.9110532629977,15.288,0.0,10.363126840832996,0.1617434395933293,5.686410863528009e-06,-0.1070097991108057,0.1137817527077817,0.015369416744825,1.3393123409191985,10.22263137698944,55.078384616047714,10.580784104982422
3.83,31.2219249307748,131.01116675023732,159.06409984727347,1.0057853884689183,0.822707428030313,-8.850821201700176,-5.017993854718992,-1.1992588597464937,11.4140629832285,54.85877865683632,29.434492693240028,56.61911081595447,16.900020326155747,131.88150632766332,1815.3405072038613,15.288,0.0,10.368048251946252,0.1615001906704015,5.756894515636541e-06,-0.1103394068499839,0.1165493935375698,0.0158230320225987,1.2993776330908282,10.187940393285157,54.98800479669613,10.244780138350622
3.84,31.22192389608896,131.01116959227087,159.5152604318928,0.9918116380368646,0.7738746475837746,-10.30429996235018,-5.110223070708814,-1.3453994477405855,0.0,54.77758329471648,29.42985682283151,56.53817432968472,16.969533311702893,131.9647879281197,1809.8921144562648,15.288,0.0,10.372959003570475,0.1612619810368547,5.829882845795296e-06,-0.1136211431423769,0.1191504607484417,0.0162688206824827,1.2579795210679017,10.151586805062829,54.899139544104905,11.580288304721744
3.85,31.2219228618832,131.01117243398383,159.96545558030917,0.9761920070159013,0.7238907849886203,-8.693875362884544,-5.192553066909655,-1.487334085670009,12.935938118883108,54.69747872046506,29.425820048269475,56.454973297510975,17.039946036180947,132.04922735844156,1804.52428341996,15.288,0.0,10.377859252040746,0.1610269784464319,5.9052380559899176e-06,-0.1168518798524205,0.1215828711901833,0.0167062210758754,1.2152851503726068,10.11379343813875,54.81118419397598,10.235147231986433
3.86,31.221921828033345,131.01117527550443,160.41471013912744,0.958983133848141,0.6728108213478218,-8.326511699253357,-5.264887229551335,-1.6249090639377883,15.979688380955173,54.61730488274264,29.42178515064868,56.36956105909553,17.11111044953197,132.13465148554693,1799.1602538674704,15.288,0.0,10.382690955823648,0.1607917678434068,5.982821907434052e-06,-0.1200305769998337,0.1238459594893157,0.0171347816378353,1.1714438869463233,10.074818212194508,54.7229873305807,9.984496185775372
3.87,31.221920794499823,131.01117811684944,160.86302721187693,0.9401735293191098,0.6207603692317722,-7.862287805954704,-5.327527821324063,-1.7582558586482204,19.784375708593785,54.53989488728989,29.419238637113363,56.28199466538114,17.1828785912541,132.22088681877025,1793.9864179082288,15.288,0.0,10.38750852229359,0.160564689861512,6.062494826730449e-06,-0.1231518299039398,0.1259357034071776,0.0175546761292431,1.1266033528164043,10.03431484911587,54.63740179044687,9.658653420385098
3.88,31.2219197612254,131.0111809580584,161.31041421130297,0.9198415634595816,0.5678759741017924,-9.02394818567733,-5.380202083597105,-1.8869783510753737,10.653124922636108,54.46319223351908,29.417110172175946,56.19233374198188,17.255103391024324,132.30776043770408,1788.8668782790346,15.288,0.0,10.392316045085805,0.160339690305492,6.144115558845161e-06,-0.1262120383396679,0.1278496424969618,0.0179648174611971,1.081001349508212,9.99277539867001,54.55239252250525,10.674216721406726
3.89,31.221918728262647,131.01118379902854,161.75685101616423,0.8981689266493073,0.5143443431171427,-10.375378841626112,-5.421691326357611,-2.0096101841698686,0.0,54.37915935770025,29.41117281932712,56.10064206995336,17.327638261617324,132.3950994711257,1783.274237719824,15.288,0.0,10.397113433574168,0.1600931064625822,6.227541384405151e-06,-0.129203242117908,0.1295828070381367,0.0183614153810348,1.0350052433176204,9.95176633490059,54.45995129305351,11.877784138377134
3.9,31.221917695740967,131.01118663955845,162.2022985311806,0.8750131405059952,0.4601575146056536,-9.236905800991403,-5.453376768833507,-2.127226210317545,9.131249791495827,54.29961749780274,29.40765590820504,56.00699077996022,17.40033650854542,132.4827303507234,1777.9848553732045,15.288,0.0,10.40190017293788,0.1598597400300461,6.312625567129927e-06,-0.132114315046545,0.1311291382229614,0.0187468481908165,0.9886235240180596,9.909281645099224,54.37189809413504,10.935485280000314
3.91,31.22191666339665,131.0111894799534,162.64681462964083,0.8504553164056604,0.4054201639516341,-8.192740011702536,-5.475235133534432,-2.239853277945329,17.501563510376773,54.2225021153706,29.40548001121462,55.91145362684064,17.473053363139275,132.5704812276017,1772.862381295481,15.288,0.0,10.406653652875894,0.159633513225056,6.399209405371081e-06,-0.1349496286125909,0.132491234186067,0.0191211611662741,0.942139948847828,9.865785184701048,54.28618483438448,10.105252662529717
3.92,31.221915631212383,131.01119232020136,163.09039630299017,0.8245722994940714,0.3502419275605435,-6.859880889091376,-5.487045417574672,-2.3470882946179965,28.154688432044395,54.14637565166014,29.40389595282481,55.81410416190697,17.545646740568433,132.65818286776457,1767.8122459920446,15.288,0.0,10.41135953198188,0.1594101938974752,6.487142397226564e-06,-0.1377039958437192,0.1336663454841395,0.0194832043961955,0.8958685259969664,9.821642932878811,54.20139118235908,9.09254951538792
3.93,31.22191459912593,131.01119516034768,163.5330513266456,0.7974465271822447,0.2947838413183391,-8.58839319378969,-5.488581471519621,-2.4485062773461226,14.457812250026349,54.06928306180788,29.401867924727355,55.7150199413456,17.617976176630886,132.7456673501034,1762.7066905077013,15.288,0.0,10.4160555863526,0.1591840263133884,6.576269938900281e-06,-0.1403735384137597,0.1346525949666867,0.0198317841647005,0.8501840187197537,9.777364067697706,54.11558739503827,10.482376028880328
3.94,31.22191356710574,131.0111980003985,163.97477985039677,0.7690979243506229,0.2391412248245852,-9.645276821516536,-5.480200621480348,-2.544301112245534,6.087500526287577,53.993665263795535,29.40069508229712,55.61428189435687,17.689903370825284,132.83276870204804,1757.7049092926063,15.288,0.0,10.420741786578072,0.1589621967189426,6.666436171342334e-06,-0.1429538343906683,0.1354480778155939,0.0201672212406878,0.8054171017382998,9.73263728276116,54.03122937048427,11.381451224036924
3.95,31.2219125351378,131.0112008403383,164.41557781221726,0.7395594960685097,0.1834218211931038,-7.350305720185853,-5.462218032771894,-2.634603131147285,24.35000010243256,53.92158080537506,29.401483658760768,55.511973786608365,17.761292478369153,132.91932323692112,1752.9403254715794,15.288,0.0,10.425418078607564,0.1587507657584482,6.757484375464e-06,-0.1454398820947897,0.1360510406225458,0.0204896777362931,0.7619645295165184,9.687226101041816,53.95039258846089,9.529110854449454
3.96,31.221911503083668,131.01120368030948,164.85547099349196,0.7089906572964443,0.12776001338231,-8.882279161979023,-5.433685454781212,-2.7183071005358554,12.175000051334887,53.84546720255645,29.400203525615016,55.40818109856338,17.83201005240051,133.00516947094147,1747.9209637391407,15.288,0.0,10.430084870615753,0.1585274687868754,6.849253272506891e-06,-0.1478312313411293,0.1364609810131509,0.0207962932990392,0.7204092864686935,9.642586192493855,53.86553568189906,10.761459669842717
3.97,31.221910471070057,131.01120652011932,165.29442164367103,0.6774010309136688,0.0722121865627432,-8.115055652176249,-5.395201430147233,-2.7956048566525844,18.262500578357788,53.76972208984648,29.39920864857532,55.30299362033643,17.901925722199657,133.0901489368038,1742.9330557730773,15.288,0.0,10.434701517741392,0.1583052527902427,6.941587536636968e-06,-0.1501173179690215,0.1366757203170764,0.0210872918812817,0.6812389548481467,9.598029416620204,53.78106515058374,10.13793535313379
3.98,31.221909439038207,131.01120935981007,165.73243632169675,0.6448604437612707,0.0169108128212141,-8.303164878073027,-5.346821175303178,-2.8663745845790003,16.740624446970063,53.69391857956364,29.39827056947724,55.19650547653986,17.970912651771215,133.17410673397535,1737.9488593724896,15.288,0.0,10.439289109166728,0.1580828609828118,7.034323442475883e-06,-0.1522956318691663,0.1366949207425733,0.0213622226876521,0.6450821307735987,9.55377651119927,53.69657492379135,10.283343178765179
3.99,31.22190840688801,131.01121219947626,166.16953124935625,0.6114055162466598,-0.0380152168601503,-10.403944708185964,-5.28897433291249,-2.93097378898329,5.5014048935193575e-09,53.620357267535546,29.398624501303587,55.08881214437815,18.038847015946043,133.25689089040867,1733.1171025955464,15.288,0.0,10.443867023397535,0.1578670667268883,7.127296918742467e-06,-0.1543645555034134,0.1365183344782172,0.0216218519499497,0.6125861630463894,9.509568410976827,53.61438585167304,12.033533244101871
4.0,31.221907374687763,131.01121503900177,166.6056830756292,0.577188307736282,-0.0924578772876531,-10.396568416087586,-5.220861095499075,-2.988034922066501,4.011835120811825e-09,53.54209981913648,29.396543752618022,54.98001153051889,18.105608678219664,133.33835318991152,1727.989295051468,15.288,0.0,10.448435111502132,0.1576374423971473,7.220347279062415e-06,-0.1563175485334185,0.1361463855856199,0.0218625331916757,0.584546416022818,9.466740692558698,53.52757657603692,12.011426980353946
4.01,31.221906342702656,131.01121787802663,167.0408229845463,0.5423654179313228,-0.1463327736860026,-10.386674889035692,-5.141765125458661,-3.0357943536370167,0.0,53.4514920615191,29.387889036646943,54.87020615307518,18.171083503881007,133.41835200369323,1722.0735812433315,15.288,0.0,10.452992707473166,0.1573714523193936,7.313318567845142e-06,-0.158143311290458,0.1355824305425989,0.0220795286267173,0.5617587450407403,9.4267446246591,53.42850618816848,11.980684922552713
4.02,31.221905311099366,131.01122071631585,167.47490559253546,0.5068750064226,-0.1995159224988039,-10.374805086591673,-5.053837444945244,-3.076173632972433,0.0,53.361746247494025,29.379777021223145,54.75950374920358,18.235165996032848,133.49675553634057,1716.2238742987363,15.288,0.0,10.457539233204589,0.1571079954840236,7.406052263996064e-06,-0.159836105917863,0.1348309197091869,0.022277471365146,0.5447273051705598,9.38740827099667,53.33040642301096,11.943228111565732
4.03,31.22190427985102,131.0112235538766,167.90793070982158,0.4708069144865723,-0.25195512145254,-10.360921153763666,-4.957277348879249,-3.1090853238666427,0.0,53.27208799721038,29.371796442694087,54.64801309889443,18.297757120099945,133.57343920453977,1710.3901586096763,15.288,0.0,10.462027924180616,0.1568447919921774,7.498386364760147e-06,-0.161394747878887,0.1338958812450068,0.0224559775509468,0.5339841806324327,9.348932770856331,53.23251110683444,11.89914691981327
4.04,31.221903248934417,131.01122639071238,168.3398973764199,0.4342398560587849,-0.3035127388966448,-10.34502163766456,-4.852435950853094,-3.1345799077019927,0.0,53.182524593428965,29.36394846994075,54.53584307815804,18.35876372527385,133.64828496300154,1704.572869070256,15.288,0.0,10.46649459591014,0.1565818632974393,7.590162031884948e-06,-0.1628183540515748,0.1327815797488723,0.0226150254160361,0.5297947446544146,9.31146664244496,53.134849146863175,11.84867918962483
4.05,31.221902218326765,131.01122922682697,168.7708046323431,0.3972534628563652,-0.3540803025157067,-10.327111956576246,-4.739670448290728,-3.1527230488531264,0.0,53.09305860002015,29.356234017881444,54.4231023965806,18.41809862078941,133.72118143319355,1698.772135422248,15.288,0.0,10.470950316651995,0.1563192169602239,7.681223824973907e-06,-0.1641063345289202,0.1314927264823202,0.0227546325579169,0.5321476913456676,9.27512926777337,53.03744015018197,11.79208971916472
4.06,31.221901188005784,131.0112320622245,169.2006515126292,0.3599276422825273,-0.4035642208237575,-10.307203179636534,-4.619342874518217,-3.1635950987100694,0.0,53.00369045898795,29.34865373255074,54.309899336329465,18.475680641934662,133.79202402293507,1692.9879507732308,15.288,0.0,10.475395076452216,0.1560568542937408,7.771420025355753e-06,-0.1652583923812285,0.1300343274772972,0.0228748565782947,0.5407493371713262,9.240024554470942,52.94029926357399,11.729667511368516
4.07,31.22190015794965,131.01123489690943,169.6294370612578,0.3223420171375112,-0.4518742555177743,-10.285312173628608,-4.491824143026662,-3.1672904036180927,0.0,52.91442061399155,29.34120799467912,54.196341508159854,18.531434638643223,133.860714953925,1687.2203081872904,15.288,0.0,10.479828865462467,0.1557947766161076,7.860602897428605e-06,-0.1662745189143288,0.1284116613504608,0.0229757949613619,0.555060865596609,9.20625197105421,52.84344110774296,11.661726250505167
4.08,31.221899128137128,131.0112377308865,170.05716032518555,0.2845757666824941,-0.4989236555338761,-10.261461653831011,-4.357492999956282,-3.1639167498127674,0.0,52.82524950980428,29.333896924146966,54.08253561347116,18.585291444063103,133.92716326702708,1681.46920065193,15.288,0.0,10.48425167375227,0.1555329852487389,7.948628936061684e-06,-0.1671549882142296,0.1266302629707034,0.0230575839749935,0.5743745590783222,9.173906334983853,52.7468797556884,11.58860257828605
4.09,31.22189809854749,131.0112405641607,170.48382036229748,0.2467090997905404,-0.5446750385373633,-10.235678896968624,-4.216711652989213,-3.153595583891675,0.0,52.73616921927633,29.3267203768756,53.96858721453777,18.63718781761481,133.9912847981284,1675.7340889552677,15.288,0.0,10.488620442539444,0.1552714568635863,8.035359097584022e-06,-0.1679003529819682,0.1246958542282257,0.0231203940879488,0.5979418399985702,9.14303335958045,52.65061315293975,11.510644845231084
4.1,31.221897069160665,131.01124339673729,170.90941624935715,0.2088187315794248,-0.5890169601375252,-10.207997179932237,-4.069878843324757,-3.1364596226208565,0.0,52.64718598249046,29.319677947297823,53.854600527976245,18.687066298271606,134.05300204456535,1670.0153362093083,15.288,0.0,10.492965136720336,0.1550102098450394,8.12065895853396e-06,-0.1685114395051442,0.1226142891156215,0.0231644387975561,0.6249357613756501,9.113748976131694,52.55466504443807,11.42823254878802
4.11,31.22189603995712,131.01124622862187,171.33394706411678,0.170981095818275,-0.6318596618077854,-10.1784568531702,-3.917396893114516,-3.112653290221544,0.0,52.55830281015467,29.312769003653685,53.74067820096647,18.734875158266696,134.1122441566916,1664.3130983058709,15.288,0.0,10.49729896180304,0.154749253069486,8.204398935270507e-06,-0.168989332996345,0.1203917662362535,0.0231899647332543,0.6545838236575702,9.08614670398894,52.45905253836277,11.341763215442194
4.12,31.22189501091808,131.0112490598202,171.75741191115927,0.1332720850234157,-0.673131368487272,-10.147103856614445,-3.759665970588183,-3.082332282371537,0.0,52.46952014677972,29.30599267627733,53.62692109004306,18.78056836668815,134.16894694302047,1658.6273676192527,15.288,0.0,10.50162190857471,0.1544885878577359,8.286454528611724e-06,-0.1693353746035395,0.1180346823104277,0.0231972511993564,0.6861971077700179,9.06030118205031,52.3637873509879,11.251647754274405
4.13,31.22189398202545,131.0112518903383,172.17980990996858,0.0957664160372233,-0.712764314754323,-10.113989721585824,-3.597089073387953,-3.0456627499686846,0.0,52.380838435666696,29.299347863488897,53.51342806060448,18.82410548417737,134.223052790965,1652.9581363001207,15.288,0.0,10.50593396801952,0.1542282155270783,8.366706502975308e-06,-0.1695511540077876,0.11554960691774,0.0231866099807379,0.7191687574716211,9.03628166417481,52.26888056665643,11.158310780614489
4.14,31.22189295326177,131.01125472018236,172.6011402048709,0.0585374976383288,-0.7506948190486332,-10.079171417689516,-3.4300710838365367,-3.0028206755364306,0.0,52.29225811848001,29.292833238498023,53.40029579551118,18.86545154592195,134.2745105733687,1647.3053962482788,15.288,0.0,10.510235131411347,0.1539681373900411,8.445041049839043e-06,-0.1696385013773867,0.1129432656072045,0.0231583839525408,0.7529735412986901,9.014151942647846,52.174342625776085,11.062188577165456
4.15,31.22189192461042,131.01125754935893,173.02140195708074,0.0216584608568393,-0.7868946885223819,-10.042710310049852,-3.2590028497311536,-2.953991800525756,0.0,52.203773883376456,29.28644725290117,53.28761861334267,18.904576933276708,134.32327554088545,1641.66877735322,15.288,0.0,10.51449620577432,0.1537083378186228,8.521349936555078e-06,-0.1695994798445313,0.1102224999362071,0.0231129432272669,0.7871926767046141,8.993939942743573,52.08017264044449,10.963721881902641
4.16,31.22189089605545,131.01126037787455,173.4405943596121,-0.014800412568091,-0.8213043911180036,-10.004672051209754,-3.0842849536764527,-2.899370110394764,0.0,52.1153868843174,29.28018813138185,53.17548830958024,18.94145717796495,134.36930912987492,1636.0483178266657,15.288,0.0,10.518720977082324,0.1534488202225117,8.595530597730552e-06,-0.1694363806432187,0.1073941495592122,0.0230506896396533,0.8214377274500745,8.975702466264991,51.98638111029973,10.863361522327383
4.17,31.22188986758169,131.01126320573604,173.85871663329957,-0.0507713915203015,-0.8538453005012597,-9.96512894376288,-2.906333614130355,-2.8391569174346394,0.0,52.027102577145655,29.27405391384963,53.06399399623701,18.97607281096724,134.41257882506136,1630.444325047616,15.288,0.0,10.52293496676595,0.1531896006780421,8.667486231462716e-06,-0.1691517049942649,0.1044652836329812,0.0229720530605185,0.8553533425197879,8.959513382235524,51.89298583525607,10.761569678455912
4.18,31.221888839174845,131.01126603295037,174.27576802083632,-0.0861875228869238,-0.8844705096761014,-9.9241576122131,-2.72555258692046,-2.773561241557983,0.0,51.93892139276856,29.26804244866369,52.953221932710726,19.00840928787831,134.4530581169439,1624.8567896652412,15.288,0.0,10.52713816718282,0.1529306804662977,8.737125968835375e-06,-0.1687481583712641,0.1014430873402709,0.0228774862437834,0.888659541966566,8.945414460508468,51.79999460782207,10.658807774642936
4.19,31.221887810821286,131.01126885952462,174.69174780466355,-0.1209837438827149,-0.913137423111136,-9.881838931751956,-2.542343192989225,-2.7027987890165592,0.0,51.85084375845392,29.26215139811526,52.84325538190075,19.03845684139513,134.4907263673948,1619.2857019604369,15.288,0.0,10.5313305710681,0.1526720608577203,8.804364970159901e-06,-0.1682286420326953,0.0983348191301347,0.0227674656701691,0.9211165944094666,8.933441979273153,51.70741453936896,10.555537450927671
4.2,31.221886782508328,131.01127168546608,175.10665529404886,-0.1550969816239905,-0.9398077736872203,-9.838257716105469,-2.3571035382717054,-2.6270913303296908,0.0,51.76287009744541,29.25637824695655,52.73417447756827,19.066210325689603,134.525568663741,1613.7310518257295,15.288,0.0,10.535512171420088,0.1524137431109622,8.869124501716687e-06,-0.1675962433869531,0.0951477946193676,0.0226424900222843,0.9525185393542448,8.923626786396687,51.615252057209055,10.45221798646274
4.21,31.22188575422406,131.011274510782,175.52048983701442,-0.1884660197320595,-0.9644535512605849,-9.793502258935469,-2.170225204112992,-2.5466661867448943,0.0,51.674999738923006,29.25072031110696,52.62605610204184,19.09166905799464,134.55757566774952,1608.1927609198067,15.288,0.0,10.539677507501,0.1521557252633078,8.931331998337215e-06,-0.166854226190157,0.0918893706882485,0.0225030781771471,0.9826936136460904,8.915988644081525,51.52351088355592,10.349303000639763
4.22,31.22188472595744,131.01127733547995,175.93325081536452,-0.2210302733849925,-0.987090828990656,-9.747662065791593,-1.982072876696647,-2.4617564275726944,0.0,51.587224655052765,29.245174730759366,52.51897377953762,19.114836635694854,134.58674343195636,1602.6702941155738,15.288,0.0,10.543784429148408,0.151897983689411,8.990921100391347e-06,-0.1660060248323286,0.0885668256026142,0.0223497655373423,1.011532428025374,8.91050355776611,51.43218046008829,10.247232472531518
4.23,31.221883697698225,131.01128015956743,176.34493764866335,-0.252735157947668,-1.0076423963384806,-9.700831869178868,-1.7930491435468148,-2.372597631202016,0.0,51.49955477413824,29.2397385006964,52.41299759032277,19.13572070785879,134.613073156377,1597.1642335564602,15.288,0.0,10.547880666494024,0.1516405476354141,9.047831624731176e-06,-0.1650552292953242,0.0851874696757302,0.0221831128168677,1.0388511315318163,8.907236983225067,51.34128283563049,10.146446851230028
4.24,31.22188266943705,131.011282983052,176.75554979820856,-0.2835264419282373,-1.026087183827122,-9.653108795758662,-1.6035323343214292,-2.279429743374324,0.0,51.411990500200446,29.23440848445108,52.30819406346157,19.1543328841649,134.63657111598127,1591.674567410685,15.288,0.0,10.551966214184125,0.1513834183036675,9.10200963957788e-06,-0.164005572314301,0.0817586943616123,0.0220036921591701,1.0645344325157653,8.906199152612635,51.25082171754359,10.047369074785056
4.25,31.221881641165407,131.0112858059414,177.1650867630564,-0.3133522924165521,-1.0424084040396684,-9.604592115192764,-1.4138941533664529,-2.1824957763372312,0.0,51.3245322316864,29.22918141306099,52.20462609076274,19.1706885958372,134.65724852581667,1586.201283376845,15.288,0.0,10.55604106716994,0.1511265968801737,9.153407496846385e-06,-0.1628609225578575,0.0782878723007163,0.0218120902309886,1.088482478526147,8.907395446193759,51.16080013543366,9.95040572991256
4.26,31.22188061287564,131.0112886282434,177.57354808200844,-0.3421633386399093,-1.0565935169493728,-9.55538284810963,-1.22449909298921,-2.0820412403350352,0.0,51.237180361233726,29.22405389437644,52.10235285613144,19.18480693486343,134.67512137643263,1580.744368671308,15.288,0.0,10.560105220843196,0.1508700845339124,9.201983827291113e-06,-0.1616252743590392,0.0747823430645893,0.0216089067014645,1.1106089944932092,8.910826551795855,51.07122044645412,9.855944152090908
4.27,31.22187958456092,131.01129144996565,177.98093333957507,-0.3699127294104414,-1.0686341876663354,-9.50558336940793,-1.035703879710865,-1.9783135876282216,0.0,51.149935275419374,29.21902242241861,52.001429775047136,19.196710494511308,134.69021026844106,1575.303810017347,15.288,0.0,10.564158671002236,0.1506138824160898,9.247703522966925e-06,-0.1603027374253803,0.0712493992888554,0.0213947527335598,1.1308397707841886,8.916488634324496,50.982084341772165,9.764349562065421
4.28,31.22187855621534,131.011294271116,178.387242160012,-0.3965551422139799,-1.0785522261720055,-9.455296251158163,-0.8478452602877479,-1.8715621796661364,0.0,51.06279254345984,29.214083384140583,51.901908444252335,19.20642521062199,134.70254024546935,1569.8792978104022,15.288,0.0,10.568177714314311,0.1503579774929331,9.290537707625232e-06,-0.1588975272163553,0.0676962579626948,0.0211702475847996,1.149135462052779,8.924348341637822,50.893383961456536,9.675960612513606
4.29,31.2218775278338,131.0112970917022,178.79247421725853,-0.4220487199780824,-1.0863518549278668,-9.40462375893625,-0.6612547092902129,-1.7620371182580628,0.0,50.97575169375892,29.209233054656373,51.80383661238572,19.213980157893555,134.71214056720535,1564.4707674135389,15.288,0.0,10.57215832608622,0.1501023683886499,9.330463661729356e-06,-0.157413959251686,0.0641299439735297,0.0209360214376714,1.1654458927716114,8.934389181229262,50.8051181675732,9.591088605774939
4.3,31.22187649941201,131.01129991173207,179.19662922301004,-0.4463556767410366,-1.092006358619671,-9.353670300222255,-0.4762742649172297,-1.649987992930852,0.0,50.888818737865854,29.20446763932712,51.70725815379555,19.21940737662176,134.71904451814913,1559.0785516854835,15.288,0.0,10.576128361010957,0.1498470728177259,9.36746473576453e-06,-0.1558564291776385,0.0605575008781864,0.0206927136042834,1.1796979074875384,8.946624555006375,50.71729716479897,9.510018172301162
4.31,31.221875470946586,131.0113027312134,179.59970694262176,-0.4694396970547237,-1.0955235545989448,-9.302539731172743,-0.2932249461113533,-1.5356647392499938,0.0,50.80199403619785,29.199783270897864,51.61221303116783,19.22274178919152,134.72328932787937,1553.7026352948883,15.288,0.0,10.580087816724555,0.1495920918546594,9.401530346937352e-06,-0.1542294056845323,0.0569859060690408,0.0204409664881327,1.1918551218049132,8.961034472282096,50.62992008394298,9.433000186072574
4.32,31.22187444243493,131.01130555015385,180.00170718019743,-0.4912671815194415,-1.0969151490257227,-9.251335298395208,-0.1124177370485173,-1.41931666562408,0.0,50.71527794217549,29.19517601512699,51.51873728165093,19.22402105822272,134.72491601467524,1548.3430023804635,15.288,0.0,10.584036691297948,0.1493374265534111,9.432655910734938e-06,-0.1525374218055922,0.053422027377385,0.0201814267225679,1.201888847185917,8.977595353116246,50.54298543878652,9.360251190446467
4.33,31.22187341387527,131.01130836856112,180.40262979350047,-0.5118072682430268,-1.0961966539747832,-9.200159263014246,0.0658467738077497,-1.30119198575488,0.0,50.62867080208662,29.190641880005494,51.4268630132261,19.22328544226444,134.72396922332788,1542.9996365452907,15.288,0.0,10.587974983225775,0.1490830779470211,9.460842755135237e-06,-0.1507850649418009,0.0498726118665397,0.0199147437925821,1.20977759189179,8.996280220716445,50.45649113896746,9.291951724274101
4.34,31.22187238526668,131.01131118644287,180.80247468103096,-0.5310318485295202,-1.0933872986888606,-9.14911253561416,0.2412787238400446,-1.1815373673101432,0.0,50.54217295498324,29.186176824883823,51.33661840975613,19.2205776547228,134.7204970643851,1537.6725208554576,15.288,0.0,10.591902691493324,0.1488290470472987,9.486098024830829e-06,-0.1489769670051578,0.0463442751134435,0.0196415686864679,1.2155066338018763,9.0170588920893,50.370434503803786,9.228245020710071
4.35,31.22187135660897,131.01131400380677,181.20124178997705,-0.5489142014571867,-1.0885427262769976,-9.098293310773377,0.4136139793148516,-1.0605981845289871,0.0,50.45577863074946,29.181776765154307,51.24802774498106,19.215942723817808,134.71455095204604,1532.361267208447,15.288,0.0,10.595790236746604,0.1485753168766808,9.508434575853155e-06,-0.1471177958851909,0.0428434656027152,0.0193625503940059,1.2190963105022523,9.039866439170169,50.28480102527888,9.169235857026168
4.36,31.221870327902792,131.0113168206602,181.59893112217827,-0.5654321655029328,-1.0816788450441697,-9.04779753849294,0.5825867610157146,-0.9386168282148608,0.0,50.369490048860406,29.177437570800773,51.16111141694184,19.20942780432611,134.70618537754956,1527.0659744489244,15.288,0.0,10.599646956413723,0.1483218939841315,9.527870820753318e-06,-0.1452122496113715,0.039376376463379,0.0190783406047995,1.2205345850426053,9.064676975982328,50.1995904259796,9.11499035555594
4.37,31.221869299149528,131.01131963701064,181.99554271623555,-0.5805668760917128,-1.072802751190962,-8.997720360248033,0.7479324002963103,-0.8158323927079881,0.0,50.283311721683965,29.17315510695293,51.07588597731231,19.20108204714617,134.6954577539041,1521.7868793131622,15.288,0.0,10.603493227151874,0.1480687916706346,9.54443058939667e-06,-0.1432650367860505,0.0359491537951887,0.0187895887962847,1.2198050049638456,9.091473779869087,50.11480610594196,9.065536776695941
4.38,31.22186827035132,131.0113224528654,182.39107666440648,-0.5943012866760957,-1.06194745665704,-8.948153956534952,0.9094064241133704,-0.6924811773243874,0.0,50.19724395868771,29.16892522737486,50.9923641549403,19.190956527615995,134.68242833368498,1516.5239627230762,15.288,0.0,10.607329049797704,0.147816010861185,9.558143052888526e-06,-0.1412808717373448,0.0325677927391922,0.0184969391459386,1.2169165850388175,9.12021576609865,50.03044319274649,9.020865227627523
4.39,31.221867241511045,131.01132526823167,182.7855331056484,-0.6066210993728525,-1.0491491735371083,-8.899187558552823,1.066776286002017,-0.5687959275500175,0.0,50.11128706179536,29.16474378088816,50.91055489922656,19.179104123827603,134.66716006049015,1511.2772050672468,15.288,0.0,10.611154425639212,0.1475635524586329,9.569042588228528e-06,-0.139264466328971,0.0292381112130703,0.0182010310996571,1.2118836647135909,9.150859527459248,49.94649630431537,8.980928663221588
4.4,31.22186621263228,131.01132808311658,183.17891222959364,-0.6175147483320513,-1.0344471973973872,-8.8509071811094,1.2198215250233706,-0.4450054843823053,0.0,50.025441325390894,29.160606619598457,50.830463430963846,19.16557939567286,134.64971841905515,1506.046586205499,15.288,0.0,10.614969356470793,0.147311417343697,9.577168632142978e-06,-0.137220521134435,0.025965742255631,0.0179024982381477,1.2047257092552592,9.183359492418631,49.86295956716933,8.945644323504855
4.41,31.22186518371932,131.01133089752713,183.5712142616408,-0.6269733781873039,-1.0178837871951665,-8.803395376044648,1.3683338985028453,-0.3213344505914677,0.0,49.93970703630272,29.156509606920142,50.75209129970296,19.15043846706698,134.63017128726548,1500.8320854734454,15.288,0.0,10.618773844472134,0.1470596063749049,9.582565528095855e-06,-0.1351537168288818,0.0227561268957792,0.0176019671838389,1.195467132540842,9.217668075690144,49.77982663519218,8.914895604206098
4.42,31.22186415477714,131.01133371147014,183.96243948879635,-0.6349896629205432,-0.9995303594421616,-8.756730294041839,1.512128799788014,-0.1980034326920424,0.0,49.85407955475888,29.152448622535008,50.67543644755559,19.13373891022825,134.60858878873054,1495.633386539944,15.288,0.0,10.622544423686552,0.1468081059032292,9.585282367276234e-06,-0.1330687065833606,0.0196144919105307,0.0173000549429053,1.1841587338517674,9.25371039180383,49.69708165655925,8.888535554808579
4.43,31.221863125811367,131.01133652495236,184.35258823283857,-0.641560002628561,-0.9794361028703604,-8.710985524931052,1.6510289960529316,-0.0752279483779817,0.0,49.76855884884591,29.148419556624464,50.6004932891501,19.11553958995855,134.585043091628,1490.4504510697764,15.288,0.0,10.626279782065124,0.1465569158485184,9.585372792090246e-06,-0.1309701125188577,0.016545751666108,0.0169973718827761,1.170834840286435,9.29143394296922,49.61471687839473,8.866387359324147
4.44,31.22186209682823,131.0113393379803,184.741660865226,-0.6466847211390214,-0.9576233643847122,-8.666232291851433,1.7848532426302908,0.0467824421313806,0.0,49.68315039600522,29.144418349324496,50.52725279006386,19.095900540218054,134.55960824723104,1485.2835701956956,15.288,0.0,10.630004840039744,0.1463060523545313,9.582894796496078e-06,-0.1288625076058821,0.0135547093511938,0.016694519614516,1.1555105773725718,9.330813045414184,49.53273427296247,8.848246822447267
4.45,31.22186106783459,131.01134215056044,185.1296578051108,-0.6503655015001627,-0.9341449021000144,-8.622537309367544,1.9134427920046064,0.1678230947731688,0.0,49.59785445354986,29.140440985189635,50.45570253309273,19.074882915601528,134.5323601236691,1480.132721238695,15.288,0.0,10.633719601555542,0.1460555161931359,9.577910606463187e-06,-0.1267504115449849,0.0106459795869524,0.0163920868321055,1.1382286697434003,9.37179350689046,49.451125816161706,8.833888020619739
4.46,31.22186003883786,131.01134496269898,185.5165795103912,-0.6526065615208689,-0.9090557951689056,-8.579962929691456,2.0366513995329143,0.2876950223153336,0.0,49.51267127154567,29.136483496818595,50.38582680210989,19.05254889202869,134.5033762725862,1474.997881034201,15.288,0.0,10.637424070948912,0.14580530811493,9.570486505722494e-06,-0.1246382847007932,0.0078239574337084,0.0160906504420566,1.1190362036217474,9.414319761064936,49.369883112020126,8.82306529636747
4.47,31.22185900984607,131.01134777440203,185.90242648864688,-0.6534146062395617,-0.8824133084806886,-8.538567029818916,2.1543453134834207,0.4062051283765495,0.0,49.427601092935696,29.132541971438208,50.31760667144636,19.028961565559648,134.47273579191406,1469.879025945494,15.288,0.0,10.641118253023576,0.1455554288495858,9.56069265162452e-06,-0.1225305210049003,0.0050928143775903,0.0157907747309138,1.0979845797972307,9.458334974847478,49.28899741398514,8.815516618937203
4.48,31.22185798086776,131.01135058567544,186.28719928719764,-0.6527987766824668,-0.854276756021864,-8.498402921443697,2.266403243674175,0.5231664252840966,0.0,49.34264415365208,29.128612557215224,50.25102009943362,19.004184853458504,134.44051919021825,1464.7761318741543,15.288,0.0,10.644802152996238,0.1453058791061818,9.54860288736044e-06,-0.120431441137893,0.0024564948260242,0.0154930105780263,1.0751294990066569,9.503781149492562,49.20845964641703,8.810966972284263
4.49,31.22185695191196,131.011353396525,186.6708984940991,-0.6507702954788248,-0.8247138914843821,-8.459519164025803,2.3727188887039143,0.6383981031264255,0.0,49.257799458387126,29.1246914692049,50.18604202577337,18.978283397353927,134.4068082525535,1459.68910170688,15.288,0.0,10.64847002539834,0.1450566559680417,9.534294551014383e-06,-0.118345286015253,-8.128725773168297e-05,0.0151978943385466,1.050535925931082,9.550592916930606,49.12825817655499,8.80913228129806
4.5,31.22185592298824,131.01135620695626,187.0535247431108,-0.6473411596488676,-0.7938276250854793,-8.421958087829582,2.473215497209627,0.7517249542116782,0.0,49.173059711831065,29.120774979851365,50.122644476852926,18.951322449764795,134.3716858835602,1454.617466073929,15.288,0.0,10.65208665958188,0.1448077379658499,9.517848272469208e-06,-0.1162762151650495,-0.0025171400706665,0.0149059462363499,1.0242978381919945,9.598671735621684,49.04836954938211,8.809725497175297
4.51,31.22185489410656,131.01135901697455,187.4350786987885,-0.6425296095659832,-0.7616358346717726,-8.385759117882694,2.5677934348219886,0.8629802451703827,0.0,49.088433863295045,29.116859445698744,50.06079668187574,18.92336773043487,134.33523591015023,1449.561718090147,15.288,0.0,10.655693160516355,0.1445591514682866,9.499347723335031e-06,-0.1142282949826724,-0.0048478829781212,0.014617675847815,0.9964482555965148,9.648001790781787,48.96879990954669,8.812448808964621
4.52,31.22185386527733,131.01136182658504,187.81556107636183,-0.6363539548398274,-0.7282045564869875,-8.350956892641642,2.6563803526357006,0.972003289813171,0.0,49.0039221223987,29.112941316212368,50.00046516657776,18.894485389803464,134.29754302286534,1444.5218319513929,15.288,0.0,10.659289534886268,0.1443108971071349,9.478879464110767e-06,-0.1122054906992056,-0.0070705027638092,0.0143335734521335,0.9670607154853726,9.69852141737652,48.88953909764893,8.817007882271374
4.53,31.2218528365114,131.0113646357927,188.1949726228503,-0.6288346358767288,-0.6936011816825108,-8.317581366750861,2.738915899305104,1.0786403643748244,0.0,48.9195246925738,29.109017129128063,49.94161385869458,18.86474193552999,134.25869266859556,1439.4977814597053,15.288,0.0,10.662875789751656,0.1440629754960028,9.456532764806911e-06,-0.110211664558272,-0.0091822231737304,0.0140541126682373,0.9362138013152128,9.750168216153094,48.81057673475833,8.823110853414802
4.54,31.22185180781996,131.01136744460229,188.5733141190508,-0.6199941543819921,-0.6578943168090807,-8.285657848048112,2.815351575326808,1.1827448319701623,0.0,48.83524177124153,29.10508351502721,49.88420419957034,18.834204144075155,134.21877092328248,1434.4895400388511,15.288,0.0,10.66645193241934,0.1438153872308258,9.432399404455608e-06,-0.1082505707753719,-0.0111805055234202,0.0137797499419911,0.9039915871989136,9.802879129386032,48.73190224446761,8.830470871089975
4.55,31.221850779214567,131.01137025301836,188.9505863855017,-0.6098570015106581,-0.6211536443289829,-8.255207053278449,2.8856505702791257,1.2841772521471115,0.0,48.75107355007192,29.101137201611365,49.82819525769428,18.802938973558906,134.1778643658274,1429.497080751873,15.288,0.0,10.670017970646777,0.1435681328906431,9.406573469907875e-06,-0.1063258508043877,-0.0130630488519793,0.0135109240787024,0.870484256601072,9.85659051472135,48.65350487503507,8.838808399393132
4.56,31.221849750707097,131.0113730610453,189.326790276519,-0.5984495838169491,-0.5834497842508926,-8.22624518154287,2.949787584004865,1.3828054757185937,0.0,48.66702021516454,29.097175017675703,49.773543843870286,18.77101347778471,134.13605995317576,1424.5203763157515,15.288,0.0,10.673573912427477,0.143321213038119,9.379151154303535e-06,-0.1044410289127814,-0.014827789633804,0.0132480558206202,0.8357889540142687,9.91123821679362,48.57537372128135,8.847853274172435
4.57,31.221848722309726,131.01137586868728,189.70192667820845,-0.5857989259414506,-0.5448794662009119,-8.198783502342671,3.007758979078908,1.4785041744266956,0.0,48.58307717752344,29.09319389392037,49.720204627951176,18.73849472041701,134.09344489536088,1419.5591203807476,15.288,0.0,10.677097733865088,0.1430746141735456,9.350230555934142e-06,-0.1025995088336285,-0.0164729154524347,0.0129915462907026,0.8000272927616973,9.966733262421382,48.49748900121607,8.857349467437386
4.58,31.221847694034903,131.01137867594818,190.07599650647816,-0.5719349605714952,-0.5055158654572871,-8.172828278914317,3.059567382608676,1.5711557079733105,0.0,48.49924436468261,29.0891908530678,49.66813026571104,18.70544965198607,134.05010648165742,1414.613272020798,15.288,0.0,10.680588416382594,0.1428283360979981,9.319911448808156e-06,-0.1008045744444598,-0.0179969476559866,0.0127417797776175,0.763313435902195,10.023009655394771,48.4198391484336,8.867051646632131
4.59,31.22184666589532,131.01138148283175,190.44900071002007,-0.5568906600743891,-0.4654048579069178,-8.148382918835138,3.105211511137464,1.6606507153078407,0.0,48.41552695879504,29.0851630448618,49.617271520216335,18.67194501408669,134.0061319422121,1409.6830963856798,15.288,0.0,10.684069156847784,0.1425823940872764,9.288295055639833e-06,-0.099059376219956,-0.0193985510384631,0.0124991222526109,0.7257562043629104,10.080027881938392,48.34242213859117,8.876724819386782
4.6,31.22184563790384,131.01138428934152,190.82094026732904,-0.5406993196982077,-0.4246193655235007,-8.125446645522766,3.1447098380940384,1.746886880453452,0.0,48.331925126440254,29.08110773623744,49.56757736860346,18.6380473080679,133.96160839434629,1404.768564998535,15.288,0.0,10.687539964306833,0.1423367886466568,9.255483899910998e-06,-0.0973669315557662,-0.0206765983219718,0.0122639188467791,0.6874969145353228,10.137722517433044,48.26522668302568,8.88615197530084
4.61,31.22184461007353,131.01138709548076,191.19181618272688,-0.523395753712845,-0.3832325740866869,-8.104014762169095,3.178091223251343,1.8297694403446367,0.0,48.248439029924285,29.077022310628514,49.51899512036347,18.60382271747272,133.91662272846773,1399.8696491263083,15.288,0.0,10.691000848102505,0.1420915202688566,9.221581613575423e-06,-0.0957301231631328,-0.0218301917746914,0.0120364951717911,0.6486957958551713,10.196027970079502,48.18824144681462,8.89513211220502
4.62,31.22184358241768,131.0113899012526,191.5616294794044,-0.5050162121828123,-0.3413178033424008,-8.084078807998214,3.2053946501824315,1.9092111958624016,0.0,48.16506882755301,29.07290427015367,49.471470536564006,18.569337027501305,133.8712614903032,1394.9863197998834,15.288,0.0,10.694451817831796,0.1418465894348168,9.186692741243045e-06,-0.0941516964962875,-0.0228586605265221,0.0118171571566243,0.6095376940892457,10.254878550104754,48.11145506947933,8.903480916346725
4.63,31.221842554949635,131.01139270665988,191.93038121532544,-0.4855982968358124,-0.2989483793476025,-8.065626724144376,3.226668951985197,1.9851325097339465,0.0,48.08181467390361,29.068751237511325,49.42494794888621,18.534655545203744,133.82561076438077,1390.118547830822,15.288,0.0,10.697892883271782,0.1416019966145152,9.150922546458204e-06,-0.0926342574832356,-0.0237615575303824,0.011606190925036,0.5702400367870979,10.314208539441749,48.0348561853502,8.91103125682655
4.64,31.22184152768289,131.01139551170525,192.29807246632984,-0.4651808762049181,-0.2561975089759759,-8.04864302790279,3.241972525855079,2.0574612915619075,0.0,47.99867672013682,29.06456095759216,49.37937037825646,18.499843020393303,133.7797560588147,1385.266303833061,15.288,0.0,10.701324054453757,0.1413577422678674,9.114376820374106e-06,-0.0911802705570346,-0.0245386561831963,0.0114038627129796,0.5310639970653864,10.37395226221337,47.9584334436393,8.917633509809816
4.65,31.22184050063103,131.01139831639122,192.66470433010952,-0.4438025604354011,-0.2131665797614152,-8.03310853171841,3.251384494323517,2.1261323479853247,0.0,47.915649740598376,29.0603312949832,49.33467965321146,18.464963565793,133.73378218949068,1380.4292486125823,15.288,0.0,10.704720912968565,0.1411138110198384,9.077161693275617e-06,-0.0897920580058913,-0.0251899654042446,0.0112104176953203,0.4923411364158935,10.43401684328377,47.88216568979669,8.923159338118092
4.66,31.221839473807645,131.0114011207199,193.030277920244,-0.4215047917515322,-0.1699218791523794,-8.01900042640968,3.2549839176537567,2.191088450412574,0.0,47.8327350320175,29.05606022382783,49.290816536645096,18.430080538850184,133.68777311415417,1375.6074203154487,15.288,0.0,10.708088820698384,0.1408702067039291,9.039383417662672e-06,-0.0884718024152581,-0.0257157956501375,0.0110260832908245,0.4544658552663808,10.494343005714368,47.80604380478255,8.927494426796054
4.67,31.221838447226386,131.01140392469352,193.39479437216653,-0.3983308552306428,-0.1265130959668489,-8.006294140524508,3.252848343212892,2.2522803514040346,0.0,47.749936954198034,29.051745860176915,49.247720842796966,18.39525646120412,133.641811816538,1370.8010324884117,15.288,0.0,10.711446991138972,0.1406269421746612,9.001148167931746e-06,-0.0872215357430855,-0.0261165737153213,0.0108510670622138,0.4179387225586075,10.55488720055266,47.73006433970282,8.930539456822338
4.68,31.2218374209009,131.01140672831374,193.7582548391864,-0.3743238334026274,-0.083011680278519,-7.994962400512824,3.24507120811093,2.309665757792832,0.0,47.66725564785624,29.04738644834044,49.20533154161069,18.36055298762353,133.5959802563243,1366.0100551534576,15.288,0.0,10.714795434873444,0.1403840178612063,8.962561908453867e-06,-0.0860431425496212,-0.0263929126353822,0.0106855556124961,0.383417752946648,10.615584719594803,47.65421620817183,8.93221511407137
4.69,31.22183639484482,131.0114095315822,194.12066048652653,-0.3495276458976254,-0.0394883784215831,-7.984975463511603,3.231753936588561,2.3632096658580326,0.0,47.58469125182224,29.04298035883688,49.16358687176871,18.326030833382465,133.5503592649524,1361.234458231504,15.288,0.0,10.718134162641771,0.1401414341871711,8.923730222079212e-06,-0.0849383604151549,-0.0265456242026895,0.0105297158073971,0.3517511733225531,10.676371258348135,47.578488432335725,8.932459156600876
4.7,31.221835369071734,131.01141233450028,194.4820124943048,-0.3239869635249232,0.003986874886354,-7.976301315848426,3.213005602791085,2.4128842752070407,0.0,47.502243903352586,29.03852608841533,49.12242445278196,18.291749700151776,133.50502844006334,1356.4742115615206,15.288,0.0,10.721463185298967,0.1398991915715158,8.884758138983468e-06,-0.0839087796876433,-0.0265757138649368,0.0103836949116908,0.3240114929071243,10.737182990549252,47.50287016019477,8.931226019439528
4.71,31.221834343595173,131.01141513706926,194.8423120525667,-0.2977471226999552,0.047345061059698,-7.968905871602986,3.1889425872621127,2.4586688919556523,0.0,47.41991373844648,29.034022259834654,49.081781395411,18.25776820291217,133.4600660418992,1351.7292849186574,15.288,0.0,10.724782513783708,0.1396572904294964,8.845749969688905e-06,-0.0829558434976581,-0.0264843753892405,0.010247620758141,0.3014877836747037,10.797956643160504,47.42735068240058,8.928486340673482
4.72,31.221833318428583,131.01141793929003,195.20156035730747,-0.2708540403565736,0.0905181787319914,-7.96275317018687,3.159688227841739,2.5005498215702824,0.0,47.33770089217624,29.029467621410376,49.04159441027964,18.224143797979814,133.415548891785,1346.9996480363634,15.288,0.0,10.72809215913923,0.1394157311736064,8.806809142462529e-06,-0.0820808480342602,-0.0262729853072887,0.0101216019478934,0.2855790447917978,10.858629571743402,47.3519194485276,8.924226417826807
4.73,31.221832293585308,131.01142074116356,195.5597586243888,-0.2433532879952906,0.1334234861414113,-7.957805442274583,3.125378454281964,2.5385199226880086,0.0,47.25560249689192,29.02486104516361,49.0017999145844,18.190932712106825,133.3715522726447,1342.2851000742544,15.288,0.0,10.731378689260575,0.1391745053728859,8.768038045552353e-06,-0.0812849433470321,-0.0259431020981105,0.0100057274788414,0.2775293540986362,10.919124641787093,47.27656059014408,8.918449491782123
4.74,31.22183126907852,131.01142354269032,195.9169080666772,-0.2152907312269519,0.175977589337095,-7.954022524820058,3.086160097941208,2.572578551192742,0.0,47.17361529975609,29.020201510144062,48.96233414269414,18.158189847414995,133.32814979808762,1337.5854195658264,15.288,0.0,10.734627040451612,0.1389336034617805,8.729537857210949e-06,-0.0805691388422907,-0.0254965458932642,0.0099000681620507,0.2780612615135228,10.979363746144353,47.201257751388425,8.911173821530264
4.75,31.221830244921243,131.01142634387082,196.2730099079614,-0.1867153123626047,0.2181499759754736,-7.951363829994131,3.042164407148144,2.602732862225792,0.0,47.0917458206474,29.015488130730123,48.92313325513182,18.125968685243382,133.28541328056144,1332.900939634006,15.288,0.0,10.737865865153635,0.1386930446568268,8.691408359387334e-06,-0.0799342959885888,-0.0249352412685853,0.0098046779957365,0.287144304184256,11.039319053632756,47.12601265595063,8.902424916233105
4.76,31.221829221126367,131.0114291447053,196.6280653710245,-0.1576744379252408,0.2598777262342508,-7.949787853353754,2.9935388191526133,2.628995900720405,0.0,47.009994194377285,29.010720148571743,48.884133427397735,18.094321268265748,133.24341270381777,1328.231630037641,15.288,0.0,10.741095174516836,0.1384528293696761,8.653747841020858e-06,-0.0793811308532066,-0.024261234538268,0.0097195912212532,0.3039695551846725,11.09893126433874,47.05081555218731,8.892244993313511
4.77,31.221828197706543,131.01143194519372,196.9820756855949,-0.1282156811705633,0.3010993855553153,-7.949252156834811,2.940435917478481,2.651387034192608,0.0,46.92836055643848,29.00589692542461,48.84527094616629,18.063298142813466,133.2022161432764,1323.577460586161,15.288,0.0,10.74431497969142,0.1382129580139558,8.61665296934078e-06,-0.0789102175962659,-0.0234767240797639,0.0096448242762248,0.3272612863541104,11.158142080550736,46.97565691962456,8.880688399151559
4.78,31.221827174674253,131.01143474533606,197.33504207840951,-0.098386702521551,0.3417550427996489,-7.949713541496122,2.883013064701911,2.669931791872206,0.0,46.84684504333401,29.001017941467545,48.806482304660406,18.03294829614059,133.1618896802186,1318.938401157188,15.288,0.0,10.74752529184822,0.1379734310062465,8.580218657181948e-06,-0.0785219901602925,-0.0225840537996792,0.0095803761569197,0.3556351187858451,11.21689428004408,46.9005274816008,8.867820786210029
4.79,31.221826152041714,131.011437545132,197.6869657771861,-0.0682351713166754,0.3817864042935216,-7.951128213636338,2.82143203462776,2.684661696392309,0.0,46.765447792889766,28.99608279344482,48.76770429551458,18.003319095685235,133.12249731911984,1314.3144217153392,15.288,0.0,10.750726122137436,0.1377342487669835,8.544537935735478e-06,-0.0782167441672831,-0.0215857064890261,0.0095262288030124,0.3878360841862041,11.275131788248158,46.82541821724182,8.85371825956663
4.8,31.22182512982092,131.01144034458108,198.0378480086399,-0.0378086889799584,0.4211368638809753,-7.953451943735804,2.755858644502695,2.695614088495032,0.0,46.68416894458108,28.99109119264456,48.72887410106051,17.974456230477124,133.08410090828465,1309.7054923284563,15.288,0.0,10.753917481719588,0.1374954117214382,8.509701832836665e-06,-0.0779946390146877,-0.0204842970829482,0.0094823475033534,0.4228306154220977,11.33279974923405,46.75032037281618,8.838466496168211
4.81,31.2218241080236,131.01144314368264,198.38768999251715,-0.0071547136995342,0.4597515687520443,-7.956640217755181,2.6864623880088345,2.702831945213672,0.0,46.60300863983592,28.98604296272106,48.689929380978704,17.94640365484429,133.04676006394706,1305.1115831859167,15.288,0.0,10.757099381703572,0.1372569203005863,8.475799256873612e-06,-0.0778557001615347,-0.0192825658395775,0.0094486813214366,0.4598072354791118,11.389844595128045,46.675225472397294,8.822159839917482
4.82,31.221823086661203,131.01144594243598,198.7364929495488,0.0236815166455257,0.4975415748892421,-7.960648039530291,2.613430140831281,2.706362912475982,0.0,46.52196020854819,28.980938030616144,48.65080835810296,17.91920353095601,133.01053209318,1300.532283651411,15.288,0.0,10.76024180069044,0.1370187548737077,8.442916885523492e-06,-0.0777998233307525,-0.0179834027225739,0.0094251623689081,0.4981048271972331,11.446179834748952,46.60011287415212,8.804904004264234
4.83,31.221822065744888,131.0114487408401,199.0842580855464,0.054651754233465,0.5344793965352203,-7.96542987398858,2.5369332425569824,2.706260912555289,0.0,46.441028247035305,28.975776420260427,48.61144991046802,17.892896135191275,132.97547186890023,1295.9678145950209,15.288,0.0,10.76336447669898,0.1367809289922778,8.411139024123827e-06,-0.0778267787998908,-0.016589870123159,0.0094117101255895,0.5372661844229357,11.501777330002088,46.524982856690514,8.786805533380432
4.84,31.221821045285484,131.0114515388939,199.4309866073073,0.0857087099544472,0.5705283385817586,-7.970941156444247,2.4571457436373256,2.7025849181495207,0.0,46.360215266242186,28.97055827722716,48.571793647208025,17.867519824990804,132.94163178561627,1291.418278947711,15.288,0.0,10.766477846374157,0.1365434500659421,8.380547509338364e-06,-0.077936205956297,-0.0151050472312704,0.00940822820803,0.5769300870044505,11.556599761724932,46.4498321671073,8.767977723784488
4.85,31.22182002529352,131.01145433659624,199.7766797096912,0.1168062144288264,0.6056412086853349,-7.977137608197332,2.3742480651526257,2.695398526016278,0.0,46.27952141867456,28.96528385013818,48.53177997793361,17.843111024866207,132.90906174098305,1286.8836475515675,15.288,0.0,10.76958192043857,0.1363063185581477,8.35122165199151e-06,-0.0781276207621202,-0.0135321043916634,0.0094146053575434,0.6168017973613038,11.6105994440198,46.37465354566423,8.748539964419662
4.86,31.221819005779167,131.01145713394564,200.1213385726411,0.1478985924388305,0.6397728335073362,-7.983975296366839,2.2884224971589595,2.684769979191034,0.0,46.1989468602946,28.95995348711504,48.49135018644616,17.819704184643843,132.87780908057167,1282.3638914491396,15.288,0.0,10.77267670949252,0.1360695349424663,8.323238151113196e-06,-0.0784004191985409,-0.011874302275527,0.009430716464364,0.6566447768987922,11.66373029589095,46.29944005365548,8.728615520210786
4.87,31.22181798675227,131.01145993094065,200.4649643691343,0.178940727403712,0.6728800996481465,-7.991410733128164,2.199852849868293,2.670771955996179,0.0,46.11849175082661,28.95456763285701,48.450446501761526,17.79733174030235,132.8479185462006,1277.8589818974071,15.288,0.0,10.77576222408533,0.1358330997035115,8.29667101280171e-06,-0.0787538805026074,-0.0101349848738296,0.0094564230830432,0.6962657110231139,11.715947897907665,46.22418508012428,8.708330546526431
4.88,31.22181696822232,131.01146272757958,200.80755825822337,0.2098881238063727,0.7049219902800867,-7.999400965901726,2.1087241099437226,2.653481355871219,0.0,46.03815625402444,28.949126825626625,48.40901216628837,17.776024078156443,132.8194322287783,1273.368890381743,15.288,0.0,10.778838474644022,0.135597013337717,8.271591474972244e-06,-0.0791871705300875,-0.008317572504668,0.0094915739582236,0.7355037825308349,11.76720954599402,46.14888234786022,8.687813101758325
4.89,31.221815950198447,131.0114655238608,201.1491213890153,0.2406969674987411,0.7358596177508416,-8.00790365853787,2.015222102361596,2.6329790825050754,0.0,45.95794053794689,28.943631694151364,48.36699150115308,17.755809502522727,132.79238952578365,1268.8935886301256,15.288,0.0,10.781905471463114,0.1353612763541376,8.248067937983411e-06,-0.0796993452350678,-0.0064255548467457,0.0095360055595096,0.7742229793514123,11.817474302447998,46.07352591876688,8.667192162123797
4.9,31.221814932689387,131.01146831978235,201.4896548847668,0.2713241838347017,0.7656562521306796,-8.016877163597838,1.919533158377328,2.609349824741145,0.0,45.87784477522892,28.938082954450262,48.324329968666646,17.736714206992204,132.76682710349814,1264.4330486251636,15.288,0.0,10.784963224704608,0.1351258892752602,8.226165901124268e-06,-0.0802893542570724,-0.0044624840107289,0.0095895426241664,0.8123065474578136,11.866703044005092,45.99811019858377,8.646596643200331
4.91,31.22181391570352,131.01147111534226,201.8291598637581,0.3017297076952688,0.7942395171002808,-8.026280334869458,1.8218582855224688,2.582681026558011,0.0,45.7978619618267,28.93248139880489,48.28097423294218,17.71876224506462,132.7427788582513,1259.986847462554,15.288,0.0,10.787980562346668,0.1348908314856713,8.20594790360651e-06,-0.0809560465524613,-0.0024320024633275,0.0096519974249265,0.849618382303181,11.914822543883522,45.92261681790908,8.626157018706639
4.92,31.221812899248786,131.01147391053848,202.1676374253765,0.331870454082927,0.8216057960036609,-8.036072203642362,1.7223775426476615,2.5530646327819704,0.0,45.717997691302855,28.92682789163656,48.236872226125136,17.701975467943566,132.72027583345013,1255.55525698231,15.288,0.0,10.79098109814328,0.1346561194741137,8.18747343532013e-06,-0.0816981749954762,-0.0003378508558039,0.0097231745573583,0.8860962323905144,11.961824799529134,45.84705080502344,8.605996739526024
4.93,31.221811883332776,131.01147670536884,202.50508864514995,0.3617053456676797,0.8477343722710323,-8.046213498280183,1.6212736676014865,2.520595533829447,0.0,45.63825392134954,28.9211233908774,48.19197319773068,17.686373527139214,132.6993462231039,1251.138347555284,15.288,0.0,10.793972537457453,0.1344217590205073,8.170798898904614e-06,-0.082514392871349,0.0018162703974603,0.009802867253885,0.9216695589732016,12.007685340932628,45.77141086670288,8.586237931150357
4.94,31.221810867962606,131.011479499831,202.8415145807081,0.3911947983770289,0.8725974196807058,-8.056665896898306,1.518731697891835,2.4853713456455555,0.0,45.55863084559706,28.91536892886827,48.14622775956489,17.67197388796952,132.6800153897557,1246.7360923076976,15.288,0.0,10.796954889647404,0.1341877507089594,8.155977600644315e-06,-0.0834032621795271,0.0040266293940781,0.0098908588445579,0.9562676378411636,12.052372786725345,45.69569282917022,8.566999595551618
4.95,31.22180985314506,131.01148229392265,203.17691627476628,0.4203002242102161,0.8961693518079881,-8.067392001328765,1.414935619270113,2.447492356710564,0.0,45.47912866350839,28.909565608571032,48.099587933896736,17.658791820852343,132.66230585237608,1242.3484646783004,15.288,0.0,10.799928163990852,0.1339540951407061,8.143059716315722e-06,-0.0843632578276875,0.0062894656557704,0.0099869237154848,0.9898269442953216,12.095857760930558,45.61989287642066,8.548396068616572
4.96,31.22180883888646,131.0114850876413,203.51129474717263,0.4489840754658225,0.9184268269093364,-8.078355360715443,1.3100680800862292,2.407061305053809,0.0,45.39974758056086,28.903714600112263,48.05200719889133,17.646840396444198,132.64623727904385,1237.9754384271414,15.288,0.0,10.802892369493833,0.1337207929346288,8.132092262011395e-06,-0.0853927716752431,0.00860099660249,0.0100908278738199,1.0222902084684036,12.138112921047412,45.54400755112412,8.530536198548607
4.97,31.22180782519272,131.01148788098445,203.84465098994067,0.4772098865153774,0.9393487495918416,-8.089520488161732,1.2043101144610755,2.3641831561282647,0.0,45.32048780850359,28.897817137306426,48.00344053125236,17.636130484978572,132.6318264848514,1233.6169876452486,15.288,0.0,10.805847515061748,0.1334878447280341,8.12311907043799e-06,-0.0864901166224678,0.0109574239188602,0.0102023295125914,1.0536056876849675,12.179112983077454,45.4680337550984,8.513522571527151
4.98,31.221806812069328,131.0114906739495,204.17698598215705,0.504942313157198,0.9589162684731048,-8.100852870848643,1.0978408748618276,2.3189648819238458,0.0,45.24134956552542,28.89187451416575,47.95384444609051,17.626670759837566,132.61908743504367,1229.2730867628322,15.288,0.0,10.808793609318244,0.1332552511771246,8.116180772602379e-06,-0.0876535307369732,0.0133549398049648,0.0103211795743734,1.083726599946686,12.218834742634831,45.39196874906366,8.49745079098727
4.99,31.221805799521366,131.0114934665339,204.5083006701037,0.5321471694898179,0.9771127706794296,-8.112318974042912,0.9908373741070662,2.271515241716141,0.0,45.16233307647636,28.885888081402857,47.9031770340396,17.618467705377228,132.60803125338947,1224.943710556654,15.288,0.0,10.811730660695783,0.1330230129576746,8.111314784792199e-06,-0.088881181409485,0.0157897331034825,0.010447122312799,1.1126106790554908,12.257257092850866,45.31581015195493,8.482408816597605
5.0,31.22180478755348,131.0114962587348,204.83859598415407,0.5587927832928311,0.993902326351658,-8.123886233793858,0.8834818494693196,2.2219441348959035,0.0,45.08343448738009,28.879859240375875,47.851397995774434,17.61152562842866,132.59866623497817,1220.628612920212,15.288,0.0,10.814641190969992,0.1327911187314031,8.108555301023838e-06,-0.0901711701090619,0.0182579850820182,0.0105798949600332,1.140201687469809,12.294340640565848,45.23954846997174,8.468477044697316
5.01,31.221803776169857,131.01149905054947,205.1678728258544,0.5848475745413063,1.0092700536170487,-8.135522232585238,0.7759508055541753,2.170362988214148,0.0,45.004653490889154,28.87378942646112,47.7984686800814,17.60584664707885,132.5909978277961,1216.327741010007,15.288,0.0,10.817522955228888,0.1325595676062598,8.107933269405654e-06,-0.091521540313136,0.0207558093566368,0.0107192304631087,1.166463607476682,12.330065979100754,45.16318106160295,8.455725702158196
5.02,31.22180276537429,131.01150184197516,205.49613207587248,0.6102795327893764,1.0232305252373135,-8.147196054202148,0.6684059351579492,2.116885046804537,0.0,44.92599496488993,28.867680136288623,47.74435211540582,17.601430700367622,132.58502864182915,1212.0413219493448,15.288,0.0,10.820395815715376,0.132328373963078,8.109476372356782e-06,-0.0929302735498387,0.0232794018347693,0.0108648575304143,1.1913866794560992,12.364441610154334,45.086715096419496,8.444215318260547
5.03,31.221801755170148,131.01150463300897,205.82337458207405,0.6350594212170317,1.035776023380154,-8.158878023972495,0.5610131847016383,2.0616240764279,0.0,44.84745916281025,28.861532912611235,47.68901302752735,17.59827561046432,132.5807585284201,1207.7693319758248,15.288,0.0,10.823259779890112,0.1320975385615566,8.113209073251091e-06,-0.0943952963068178,0.0258249981394704,0.0110164991844087,1.2149438276975035,12.397454986797246,45.01014961846669,8.433997879770756
5.04,31.22180074556032,131.011507423648,206.1496011694589,0.659159308682383,1.046900990129124,-8.170539390111433,0.4539352166178654,2.004694570790121,0.0,44.76904634559467,28.855349337548752,47.63241786254152,17.596377114642056,132.57818461837311,1203.5117477045294,15.288,0.0,10.826114854975309,0.1318670621834846,8.11915263280366e-06,-0.0959144853383217,0.0283888592314202,0.0111738745020552,1.2371112814232237,12.42909569443034,44.93348401832628,8.4251155142469
5.05,31.221799736547336,131.01151021388932,206.47481263817627,0.6825525917835089,1.0566020028303271,-8.182152300836892,0.3473312130199481,1.9462115492292231,0.0,44.69075678186155,28.84913102917709,47.5745348079214,17.595728898308373,132.57730136089393,1199.2685461352871,15.288,0.0,10.828961047994492,0.1316369456331764,8.127325125615934e-06,-0.0974856718392862,0.0309672766544094,0.0113366991451858,1.2578684429341258,12.459355447599483,44.856718029373575,8.417600289867746
5.06,31.22179872813325,131.01151300373004,206.79900975855207,0.7052140144840648,1.0648777465421366,-8.193689778666926,0.2413566900672098,1.886290358282121,0.0,44.612590748033085,28.84287963814927,47.51533381099184,17.596322632001343,132.5781005672882,1195.0397046538835,15.288,0.0,10.831798365742715,0.1314071897378863,8.137741461208548e-06,-0.0991066455982409,0.0335565776161795,0.0115046858829115,1.2771977749388137,12.48822808334558,44.779851723556206,8.411474101286833
5.07,31.22179772031976,131.01151579316715,207.12219327705608,0.7271196853168426,1.0717289837919644,-8.205125692370634,0.136163323045814,1.825046477389081,0.0,44.53454852845908,28.83659684435584,47.45478659484108,17.59814801225094,132.58057145929024,1190.82520103687,15.288,0.0,10.834626814766654,0.1311777953481536,8.150413409409053e-06,-0.1007751591227592,0.0361531299006376,0.0116775451054925,1.29508470290985,12.515709551231524,44.70288550674815,8.406748641583965
5.08,31.22179671310808,131.0115185821977,207.4443639083484,0.7482470921901435,1.0771585216887691,-8.216434727023577,0.0318987822272282,1.762595328977656,0.0,44.45663041552099,28.83028435362684,47.39286667169719,17.601192806189534,132.58470072187762,1186.6250134535371,15.288,0.0,10.837446401305046,0.1309487633381114,8.165349629960128e-06,-0.1024889317314343,0.038753346607632,0.0118549853289845,1.3115175291193677,12.541797900044145,44.6258201136728,8.403425459268407
5.09,31.221795706499044,131.01152137081868,207.7655223412445,0.7685751148017235,1.0811711768245624,-8.227592352612083,-0.0712934205956624,1.6990520931582735,0.0,44.37883670977951,28.82394389448053,47.3295493537959,17.605442899783515,132.5904725604142,1182.439120470042,15.288,0.0,10.840257131447592,0.1307200946059251,8.182555706210524e-06,-0.1042456536065955,0.0413536907171951,0.012036713690099,1.3264873560464878,12.566493261536872,44.548656602526655,8.401496098186712
5.1,31.22179470049309,131.01152415902715,208.08566923672643,0.78808607344867,1.0837421358840231,-8.238574715992922,-0.1732629190227354,1.6345308829801106,0.0,44.301161729133725,28.817577209158348,47.26481176233453,17.61088234713283,132.5978687586704,1178.2671823718722,15.288,0.0,10.843033767496417,0.1304917724274085,8.202034182404874e-06,-0.1060429911662517,0.0439506559040525,0.0122224349350543,1.3399636581628385,12.589768040471435,44.47138539511663,8.40094188752201
5.11,31.22179369509024,131.01152694682003,208.40480522595576,0.8067604804769186,1.0848988033371871,-8.24935788258443,-0.2738777309652583,1.569146013165212,0.0,44.22360929700408,28.811186045206284,47.19863284127088,17.617493392202917,132.6068686987157,1174.1093664026512,15.288,0.0,10.845791182374516,0.130263808077247,8.223784575513314e-06,-0.1078785928933879,0.0465407386927369,0.0124118563112461,1.3519578756387574,12.611644122388196,44.39401461935031,8.40173396967012
5.12,31.221792690290105,131.01152973419445,208.72293091126767,0.8245805959895544,1.0846649857120012,-8.259919361333028,-0.3730117208156869,1.5030111064457636,0.0,44.146182224544894,28.80477217945472,47.13099335864488,17.625256536678627,132.6174494429476,1169.9657847716276,15.288,0.0,10.848539870269397,0.1300362098485101,8.24780341864715e-06,-0.1097500857261656,0.0491205723657665,0.0126046843855391,1.362479380475623,12.632140205709636,44.316550825486985,8.403835314050925
5.13,31.22179168609192,131.0115325211473,209.0400468681588,0.8415309414982372,1.0830531981978806,-8.270237442952345,-0.4705394493476713,1.4362386233929847,0.0,44.06888084592303,28.798337399900216,47.06187590140567,17.6341506280158,132.62958584324176,1165.8364176405007,15.288,0.0,10.851279836114257,0.1298089787381128,8.274084341412246e-06,-0.1116550828032271,0.0516868630585781,0.0128006254992531,1.3715298774377132,12.65126458505882,44.23899631317309,8.407200254515717
5.14,31.221790682494525,131.01153530767573,209.3561536442928,0.8575974580358617,1.080077754444848,-8.280291039194191,-0.5663402466468304,1.3689399317117978,0.0,43.99170550388274,28.791883501841145,46.991264874004166,17.644152924133,132.64325061791882,1161.7212455707372,15.288,0.0,10.85401108466578,0.1295821157681842,8.30261812310221e-06,-0.113591187611382,0.05423638701915,0.0129993869232293,1.37911356812635,12.669027508776216,44.16135367279117,8.41177493192529
5.15,31.221789679496403,131.01153809377675,209.67125175254483,0.8727675050818171,1.0757547185537186,-8.290059651109955,-0.6602983014601285,1.3012251524120453,0.0,43.91465654977953,28.78541228498252,46.919146494803925,17.655239160054094,132.65841443096593,1157.620249523526,15.288,0.0,10.856733620415838,0.1293556219861441,8.333392747951172e-06,-0.1155559976957487,0.0567659940666231,0.0132006772836279,1.385237099525348,12.685441144571822,44.08362577796679,8.4174978326782
5.16,31.22178867709565,131.01154087944747,209.98534168491463,0.8870298573783768,1.0701018555022563,-8.299523338434998,-0.7523027402845732,1.2332030117356354,0.0,43.83773434362621,28.778925550609905,46.845508790191445,17.667383616932707,132.675045974145,1153.5334108560735,15.288,0.0,10.859447447601308,0.1291294984648736,8.366393463446607e-06,-0.1175471082971834,0.0592726108619228,0.013404206974781,1.3899095144185147,12.70051954263536,44.00581577784533,8.424300370144735
5.17,31.22178767529001,131.01154366468504,210.2984238976188,0.9003746996940823,1.0631385800227686,-8.308662690376686,-0.8422476963069078,1.16498069894037,0.0,43.760939254137696,28.772425098837463,46.770341586420926,17.68055919324648,132.69311205174725,1149.4607113223835,15.288,0.0,10.862152570233492,0.1289037463028206,8.401602841563074e-06,-0.1195621159131912,0.0617532439901068,0.0136096885588912,1.393142203307142,12.714278596203927,43.92792708912739,8.432107501289073
5.18,31.221786674076867,131.0115464494865,210.61049882500487,0.9127936195934946,1.054885903921524,-8.317458798047074,-0.9300323682999648,1.0966637300321742,0.0,43.6842716587459,28.765912725928537,46.69363649922818,17.694737477941658,132.71257766774576,1145.4021330689377,15.288,0.0,10.864848992049076,0.1286783666240641,8.439000842757958e-06,-0.1215986217787611,0.0642049828542839,0.0138168371522046,1.3949488575545057,12.72673599956847,43.84996338783231,8.440838370687144
5.19,31.22178567345328,131.0115492338491,210.9215668696132,0.9242795982543512,1.0453663821867214,-8.325893228764,-1.0155610697195527,1.028355817525671,0.0,43.60773194363294,28.759390221694115,46.61538692124993,17.709888825303373,132.73340611509434,1141.357658634489,15.288,0.0,10.867536716568983,0.1284533605783918,8.478564882583613e-06,-0.1236542352637912,0.066625002381419,0.014025370797511,1.3953454238244072,12.737911203834638,43.77192860089215,8.450406974255563
5.2,31.221784673415943,131.0115520177701,211.231628405159,0.9348284024356204,1.0345833934001043,-8.333947993215272,-1.0987364701872917,0.9601583397713784,0.0,43.53131659123288,28.75285936449243,46.5355880074118,17.725982430809427,132.75555906620676,1137.3270665043572,15.288,0.0,10.870199517100128,0.1282287178164039,8.520269901101507e-06,-0.1257265777405005,0.0690105562588752,0.0142350096062698,1.3943356686961743,12.747805953632156,43.69381973958537,8.460721897212379
5.21,31.22178367396128,131.01155480124666,211.5406837785189,0.9444359237138746,1.0225604328887017,-8.341604778470856,-1.1794695577413803,0.8921708102737543,0.0,43.455025602037765,28.746321906568937,46.454236663753285,17.742986385339876,132.77899663346872,1133.3103200518592,15.288,0.0,10.872835801683108,0.128004438351542,8.56408841624623e-06,-0.1278132892813176,0.0713589215828741,0.0144454788565996,1.391939060366426,12.756441235551971,43.6156404924811,8.471687404086095
5.22,31.22178267508532,131.01155758427623,211.848733307744,0.9530977046588998,1.009347249248102,-8.348846188734306,-1.2576867120803776,0.8244911953566036,0.0,43.378863705604246,28.73977960066504,46.37133153066691,17.760867745334618,132.80367745150673,1129.307628949658,15.288,0.0,10.875463508804684,0.1277805361275338,8.609990577215433e-06,-0.1299120241562201,0.0736675285504036,0.0146565089618933,1.3881941976705077,12.76386300941287,43.53740340029804,8.4832066036439
5.23,31.22178167678384,131.01156036685606,212.15577728703,0.9608121690623668,0.994972063874411,-8.35565548909823,-1.3333131157320304,0.7572148163179684,0.0,43.30283132319472,28.7332341865316,46.28687295440481,17.779592643738244,132.82955881574264,1125.3189772661367,15.288,0.0,10.878082641001663,0.1275570123972902,8.657944275161927e-06,-0.1320204564438929,0.0759339189853249,0.0148678331067859,1.3831256746460865,12.77009732078478,43.45911331445504,8.495179621122317
5.24,31.221780679052287,131.01156314898364,212.4618159787645,0.9675790613517656,0.9794643539981794,-8.362016326967955,-1.4062791740470626,0.6904346321157175,0.0,43.22692888477334,28.72668738569515,46.20086296353704,17.799126372564906,132.856596782021,1121.344349440045,15.288,0.0,10.880693200530068,0.1273338684393144,8.707915224682231e-06,-0.1341362839879594,0.0781557310917383,0.0150791890523812,1.3767601314509672,12.775171717330286,43.38077529225292,8.507504813343447
5.25,31.22177968188585,131.0115659306564,212.76684962247376,0.9733994269849128,0.9628547929859737,-8.367912720709889,-1.4765205091268392,0.6242411462256843,0.0,43.15115682899656,28.72014089934558,46.113305244059084,17.81943346335603,132.8847462634691,1117.3837302775837,15.288,0.0,10.883295189452284,0.1271111055576613,8.759867043057977e-06,-0.1362572312367812,0.0803307010477434,0.0152903194230806,1.3691262173757957,12.779115192474247,43.302394587520055,8.520079408311387
5.26,31.22177868527944,131.01156871187192,213.0708784268704,0.9782755913426052,0.9451751898775272,-8.37332905095149,-1.5439779453238496,0.5587223197299959,0.0,43.07551560316347,28.713596406310504,46.02420511261226,17.84047776774262,132.91396112769365,1113.4371049461874,15.288,0.0,10.885888609588612,0.1268887250817956,8.813761331074822e-06,-0.1383810519827501,0.0824566644202609,0.0155009719787974,1.3602545558674688,12.78195812727054,43.22397664109745,8.532800121983351
5.27,31.221777689227714,131.01157149262775,213.37390257979288,0.9822111371640424,0.9264584285217498,-8.378250054543946,-1.6085974866498782,0.4939634906266493,0.0,43.000005663176,28.70705556111542,45.93356948786867,17.862222537888,132.9441942940647,1109.504458968884,15.288,0.0,10.888473462536664,0.1266667283664777,8.869557755272643e-06,-0.1405055319994559,0.0845315574033636,0.0157108998725713,1.3501777120728964,12.783732230820895,43.14552707126994,8.545563748553631
5.28,31.22177669372506,131.0115742729216,213.67592224323607,0.9852108805987329,0.9067384063362915,-8.382660821173703,-1.6703302863240073,0.4300472993343225,0.0,42.92462747349272,28.70051999212978,45.84140686013575,17.884630506590817,132.975397830842,1105.58577821825,15.288,0.0,10.891049749700413,0.1264451167916337,8.927214131479647e-06,-0.1426284915753144,0.0865534178826476,0.015919861893579,1.338930163207659,12.784470479286089,43.0670516641308,8.558267721210676
5.29,31.221775698765605,131.0115770527512,213.9769375424177,0.9872808459501448,0.886049972675261,-8.386546792587344,-1.729132608684118,0.3670536203545862,0.0,42.84938150705887,28.693991299801663,45.74772725923639,17.9076639668341,133.00752305190582,1101.6810489107652,15.288,0.0,10.893617472241756,0.1262238917621335,8.986686509492727e-06,-0.1447477879424444,0.088520386328241,0.016127622695589,1.3265482721090571,12.784207053493155,42.98855636385976,8.570810640942153
5.3,31.221774704343304,131.01157983211436,214.27694859957248,0.9884282391634313,0.8644288671014257,-8.389893764369576,-1.7849657837901358,0.3050595000539366,0.0,42.77426824524606,28.68747105497767,45.65254222072442,17.93128485057276,133.04052061285935,1097.7902575989533,15.288,0.0,10.896176631109572,0.1260030547076348,9.047929258762534e-06,-0.1468613175997561,0.0904307065193863,0.0163339530108573,1.313070264554292,12.78297727543977,42.9100472629941,8.583092771564466
5.31,31.22177371045185,131.01158261100892,214.5759554922064,0.9886636169628522,0.8418811087865155,-8.39268772069196,-1.8377861670556903,0.2441384695871923,0.0,42.69928239250244,28.68096079167769,45.55586475104664,17.955454804365278,133.07434060320864,1093.913094739248,15.288,0.0,10.898703646954964,0.1257825900402183,9.110895154896631e-06,-0.1489670199111418,0.0922827042795915,0.0165386277622072,1.2985180790462143,12.78078890371552,42.83152000932064,8.59501418062863
5.32,31.221772717084736,131.01158538943292,214.87395828887767,0.9879951158300924,0.8184631925025314,-8.394914429185587,-1.8875681186834503,0.1843619394945303,0.0,42.624428042097904,28.674462001544025,45.45770929758656,17.980135238380587,133.10893260173816,1090.0497330074986,15.288,0.0,10.90121326199344,0.1255625098291672,9.175535441073237e-06,-0.1510628808159149,0.0940747631023858,0.0167414322235392,1.2829458087725287,12.777697328756824,42.75298756737307,8.606479593931116
5.33,31.221771724235275,131.0115881673843,215.1709570263384,0.9864324836498582,0.7942248065868405,-8.396560712533454,-1.9342911913892693,0.125798365497309,0.0,42.54970789213508,28.66797615685416,45.35809170806986,18.005287411028753,133.14424578220337,1086.2002724291635,15.288,0.0,10.903714424224702,0.1253428220339891,9.241799914009471e-06,-0.1531469277890166,0.0958054356695686,0.0169421573703414,1.2664042649161815,12.773751829981652,42.67446043771742,8.617397486544776
5.34,31.22177073189656,131.01159094486124,215.46695172444123,0.9839873620896,0.7692046856840573,-8.397613853007833,-1.9779364890851248,0.0685129812044078,0.0,42.47512245699748,28.66150469520159,45.25702918540695,18.030872524321754,133.18022903485578,1082.3647008323608,15.288,0.0,10.906207133820809,0.1251235281814238,9.309637040237942e-06,-0.1552172354689023,0.0974733844042645,0.0171406000959798,1.248939072072711,12.768991689363617,42.59594521699336,8.6276790162637
5.35,31.221769740061543,131.01159372186189,215.76194237620163,0.9806724255848572,0.7434421450539518,-8.398061531731846,-2.0184898571003345,0.0125679707110502,0.0,42.40067225907212,28.65504901751588,45.15454024641964,18.05685179654612,133.21683105696928,1078.543006344748,15.288,0.0,10.908691390753084,0.1249046298217524,9.378994045792498e-06,-0.1572719277607654,0.0990773763537273,0.0173365642268246,1.230597681934987,12.763456997415728,42.517448601250365,8.637238953963179
5.36,31.221768748723026,131.0115964983845,216.05592895574748,0.9765013487632356,0.7169770195174298,-8.39789184362132,-2.055941798385031,-0.0419775583228387,0.0,42.32635782865884,28.64861048690273,45.050644679419584,18.08318653263579,133.2540004408829,1074.73517738644,15.288,0.0,10.911167194839903,0.1246861285285265,9.44981700509434e-06,-0.1593091795132718,0.1006162829690459,0.017529860651214,1.21142938574517,12.757188584848093,42.43897737628008,8.645995964081346
5.37,31.22176775787361,131.0115992744275,216.34891141832048,0.9714887731012192,0.6898496026890206,-8.397093314006185,-2.0902873843249723,-0.0950675960193084,0.0,42.252179703850125,28.642190427568025,44.94536350059717,18.109838192567548,133.29168576004508,1070.941202660331,15.288,0.0,10.913634545698908,0.1244680258982251,9.52205092990715e-06,-0.1613272180871489,0.1020890797410059,0.017720307434756,1.191485335078553,12.75022795370572,42.36053840796125,8.653872850984603
5.38,31.22176676750584,131.0116020499894,216.6408897002759,0.9656502728624377,0.662100586833193,-8.395654916757733,-2.1215261605376075,-0.146649246158179,0.0,42.17813843043298,28.635790123827583,44.8387189092961,18.13676845764602,133.3298356529088,1067.1610711451578,15.288,0.0,10.916093442804357,0.124250323549957,9.595639858229064e-06,-0.1633243248159416,0.1034948456961057,0.0179077299222312,1.1708185719513429,12.742617208342113,42.28213863272204,8.660796772383156
5.39,31.221765777612084,131.01160482506853,216.93186371411247,0.9590023204003698,0.6337710031572062,-8.393566093737295,-2.149662047865304,-0.1966727366995058,0.0,42.10423456176142,28.629410819199222,44.730734242251046,18.163939294559054,133.36839890453695,1063.3947720864444,15.288,0.0,10.918543885448871,0.1240330231250851,9.670526942995552e-06,-0.1652988363593941,0.1048327627568278,0.0180919608262497,1.1494840689601065,12.73439898610058,42.20378504803855,8.66669942107892
5.4,31.2217647881846,131.01160759966365,217.2218333554292,0.9515622508736836,0.6049021628366458,-8.390816775377974,-2.174703238930761,-0.245091425068835,0.0,42.03046865864335,28.62305371557726,44.6214339268678,18.191313017093435,133.40732452579027,1059.6422949873283,15.288,0.0,10.920985872781705,0.1238161262869068,9.74665454047902e-06,-0.1672491459500517,0.1061021149704921,0.0182728403028994,1.1275387803999022,12.72561638802676,42.12548470306015,8.671517176482016
5.41,31.221763799215548,131.0116103737734,217.5107985069023,0.943348226450986,0.5755355986782954,-8.387397402207217,-2.1966620905035827,-0.2918617983353634,0.0,41.9568412892113,28.61671997248901,44.510843433624686,18.21885234541496,133.44656182998253,1055.9036295997305,15.288,0.0,10.92341940379916,0.1235996347202718,9.82396429826398e-06,-0.1691737045338244,0.1073022876110387,0.0184502160146464,1.1050417050513976,12.716312909572656,42.04724468931608,8.67519122738718
5.42,31.221762810697022,131.01161314739667,217.7987590303325,0.9343804315233454,0.5456968614521008,-8.383298870279319,-2.2155501852107142,-0.3369437956005513,0.0,41.883349971649466,28.610410704907903,44.398989227727085,18.24652046263805,133.48606050663048,1052.1786123155734,15.288,0.0,10.925832243303567,0.1233835411251927,9.902397243082856e-06,-0.1710710221612515,0.1084327609254326,0.0186239418600873,1.0820468825355556,12.706517245197398,41.96906653828797,8.677666373686385
5.43,31.221761822621023,131.01161592053228,218.0857147656527,0.924679234146916,0.5154194128749608,-8.378512005157898,-2.231383023233322,-0.3803004825947935,0.0,41.809993684064565,28.60412697026464,44.285898724316496,18.27428105254049,133.5257706692014,1048.4671537170095,15.288,0.0,10.92821803898006,0.1231678425023235,9.981893856310304e-06,-0.1729396726173829,0.1094930549919185,0.0187938803668877,1.058615035113186,12.696265663629012,41.89095448416191,8.678891753790383
5.44,31.221760834979484,131.01161869317923,218.37166555080367,0.9142631839210338,0.4847698331641772,-8.37302874698427,-2.2441912012997367,-0.4218972599916986,0.0,41.73677767950756,28.597869793804044,44.171600241810246,18.302098339759407,133.56564290719996,1044.769478983879,15.288,0.0,10.930595482400342,0.1229525543376171,1.0062394135662864e-05,-0.1747782870776606,0.1104828343519573,0.0189599041604044,1.034823180347976,12.68562559715936,41.81292423832748,8.678824911461495
5.45,31.221759847764258,131.01162146533656,218.65661119390649,0.9031533817232014,0.4537900237816223,-8.36684180916659,-2.254002675401366,-0.4617030368669488,0.0,41.66370255415583,28.591640159930417,44.0561229447568,18.32993716509413,133.60562838951662,1041.08557877397,15.288,0.0,10.932964572016724,0.1227376783984257,1.0143837711492272e-05,-0.1765855566598628,0.1114018791085986,0.0191218913099253,1.0107395117792135,12.674641478774545,41.73498297918107,8.677427015802941
5.46,31.22175886096717,131.01162423700347,218.9405514991031,0.8913715708723775,0.4225218280527174,-8.359944531239265,-2.260848977839913,-0.499689780861636,0.0,41.590768910832224,28.58543900816744,43.93949679233821,18.357763034389592,133.64567893115756,1037.4154439479803,15.288,0.0,10.935325306177717,0.1225232164716664,1.0226163936148566e-05,-0.1783602343372338,0.1122500644434314,0.0192797275229124,0.986434777051194,12.663357793432912,41.65713788283472,8.674664289936217
5.47,31.22175787458004,131.01162700817915,219.22348625264223,0.8789400995132564,0.391006978300057,-8.352330901883036,-2.2647650905064154,-0.5358324906613632,0.0,41.517977358860506,28.57926723287745,43.82175248721628,18.38554216184937,133.68574705301654,1033.759065561638,15.288,0.0,10.93767768313744,0.122309170363377,1.0309311967149785e-05,-0.1801011354657462,0.113027359046483,0.0194333061370337,0.9619824128196752,12.651819011431458,41.57939611465327,8.670507993640003
5.48,31.22175688859461,131.01162977886298,219.50541522983528,0.8658818829016247,0.3592870440230568,-8.343995581503668,-2.265789315998131,-0.5701091643939052,0.0,41.4453285139034,28.573125683050208,43.70292142408074,18.41324151054913,133.725786038635,1030.116434854758,15.288,0.0,10.94002170101792,0.1220955418982542,1.039322084916764e-05,-0.1818071382140708,0.1137338234508083,0.0195825281013699,0.9374586858478996,12.640069522551086,41.501764820936685,8.664934387978361
5.49,31.221755903002684,131.01163254905435,219.78633819406403,0.8522203656308481,0.3274033813931797,-8.334933924190093,-2.2639631469208266,-0.602500764106696,0.0,41.37282299783156,28.567015162165063,43.583035637983166,18.440828830143065,133.76574998792884,1026.4875432436604,15.288,0.0,10.942357357893975,0.1218823329192583,1.0477829594760328e-05,-0.1834771838979441,0.1143696082766074,0.0197273019472134,0.9129428353286568,12.628153571300407,41.424251120838655,8.657924683316416
5.5,31.221754917795984,131.01163531875284,220.06625489677853,0.837979483883942,0.2953970836592417,-8.32514199887115,-2.2593311335238435,-0.6329911764972805,0.0,41.30046143853424,28.560936428120247,43.46212775253842,18.46827269176513,133.8055938678693,1022.8723823090842,15.288,0.0,10.94468465166114,0.1216695452870692,1.0563077263753237e-05,-0.1851102772207367,0.1149349523895714,0.0198675437486797,0.8885172089466242,12.616115192941775,41.34686209836871,8.649464971996931
5.51,31.221753932966312,131.01163808795803,220.34516507948783,0.8231836277073086,0.2633089332322494,-8.314616609506164,-2.251940750142873,-0.6615671700528534,0.0,41.2282444698115,28.55489019323,43.34023092807688,18.495542520136564,133.84527356011603,1019.2709437904108,15.288,0.0,10.947003580233796,0.1214571808797541,1.064890304117984e-05,-0.1867054864221157,0.1154301809782041,0.0200031770736053,0.8642673826636934,12.603998151087838,41.269604794738825,8.639546146975636
5.52,31.22175294850544,131.01164085666963,220.62306847474923,0.8078576034303239,0.2311793545199417,-8.303355314141452,-2.2418422604449404,-0.6882183487880639,0.0,41.15617273116408,28.548877124286246,43.21737880982775,18.522608622900368,133.88474590561057,1015.6832195720978,15.288,0.0,10.949314141347044,0.1212452415921718,1.0735246313701836e-05,-0.1882619433367861,0.1158557035548327,0.0201341329248886,0.8402822500280708,12.591845876066284,41.19248620072477,8.628163807508903
5.53,31.2217519644052,131.01164362488743,220.89996480319064,0.7920265961979744,0.1990483686041324,-8.291356442688663,-2.229088582031412,-0.7129371027354605,0.0,41.08424686768273,28.54289784268535,43.09360547621376,18.549442217211467,133.9239687461455,1012.1092016787292,15.288,0.0,10.95161633275485,0.1210337293356199,1.0822046744430937e-05,-0.1897788433653761,0.116212011885058,0.0202603496728396,0.8166540628916256,12.579701405139744,41.115513249416,8.615318153075627
5.54,31.221750980657426,131.0116463926113,221.17585378444124,0.7757174551899316,0.1669393174672622,-8.278618975827877,-2.213730507280197,-0.7357189002124099,0.0,41.012464451138605,28.536952923032874,42.96894538739157,18.576015453416048,133.96290096263695,1008.5487308434014,15.288,0.0,10.95389808681612,0.1208226369673977,1.0909244346561436e-05,-0.1912554457576225,0.1164996725089313,0.0203817714910592,0.7934762776568965,12.56759211141098,41.03868718070397,8.601012568641567
5.55,31.22174999725404,131.01164915984123,221.4507351232176,0.7589565846557476,0.1348845724476583,-8.265142144658096,-2.19582180094894,-0.7565618554042992,0.0,40.94082484014188,28.5310428818955,42.84343333809333,18.602301421415767,134.00150248889628,1005.0017364603184,15.288,0.0,10.956154385308569,0.120611962608723,1.099677954477488e-05,-0.1926910770985995,0.1167192755046421,0.0204983510394034,0.7708488056294415,12.55555378426339,40.962012439665216,8.58525444550008
5.56,31.221749014186983,131.0116519265773,221.7246085212495,0.7417682069837054,0.1029458568076886,-8.250926622283036,-2.1754283163723405,-0.7754659689545486,0.0,40.86933307422915,28.52516820271193,42.717104409314096,18.6282741602305,134.039734330792,1001.4684266465052,15.288,0.0,10.958402413632628,0.1204017211168446,1.1084593221574832e-05,-0.1940851237162547,0.1168715307920024,0.0206100505899744,0.7488773799683311,12.543649656880088,40.88550376290176,8.568058470562637
5.57,31.22174803144828,131.01165469281955,221.9974736742988,0.7241786495224477,0.0711611946155113,-8.235973980185337,-2.152612307778732,-0.7924342207839113,0.0,40.79798981922005,28.519329327944845,42.589993911570765,18.653908697108115,134.07755862972775,997.9487938841764,15.288,0.0,10.960642169300725,0.1201919144640917,1.1172626814036255e-05,-0.1954370333135821,0.1169572383733924,0.0207168371357202,0.7276663812374627,12.531920668928343,40.80916779065751,8.549442037008017
5.58,31.22174704903003,131.01165745856832,222.26933027315263,0.7062144350904779,0.0395679985119029,-8.220286628079318,-2.1274380048523502,-0.8074720867019999,0.0,40.72679574568543,28.513526656200696,42.46213733426299,18.6791810633979,134.11493869300784,994.4428307476264,15.288,0.0,10.962873649778688,0.1199825446367786,1.1260822384359896e-05,-0.1967463157678546,0.1169772693231903,0.0208186845735205,0.7073219744573839,12.520407089854736,40.73301107186351,8.529426468589355
5.59,31.221746066924407,131.01166022382387,222.54017800263023,0.6879022463785189,0.0082030325831616,-8.203867821374185,-2.0999714774605063,-0.820587473173438,0.0,40.65575152878287,28.50776054269702,42.33357029621406,18.704068305714333,134.1518390180886,990.9505298943404,15.288,0.0,10.9650968524951,0.119773613634721,1.1349122683711876e-05,-0.1980125426219504,0.1169325633822329,0.0209155735892648,0.6879511516693592,12.50914846896479,40.65704005812349,8.508036861571279
5.6,31.221745085123693,131.0116629885866,222.81001654555715,0.6692688907988814,-0.0228976232839346,-8.186721666583566,-2.0702805012256293,-0.8317906500816658,0.0,40.58485784809008,28.502031299778835,42.20432849683742,18.72854849474644,134.18822531412212,987.4718840555928,15.288,0.0,10.967311774841264,0.1195651234707526,1.1437471214027353e-05,-0.1992353465042483,0.1168241265128066,0.0210074915363104,0.6696604553781798,12.498183587474864,40.58126109793115,8.485301920699529
5.61,31.22174410362024,131.01166575285697,223.07884558376028,0.650341265817657,-0.0536986075142837,-8.16885312462157,-2.038434424162651,-0.8410941816650703,0.0,40.51411538744341,28.49633919748453,42.07444766799313,18.75260073179028,134.22406452085937,984.0068860280232,15.288,0.0,10.969518414189848,0.1193570761702478,1.152581228772706e-05,-0.2004144204796357,0.116653028418762,0.0210944323077099,0.652554349183011,12.487550412642756,40.50568043113452,8.461253789816363
5.62,31.22174312240651,131.01166851663558,223.34666479110928,0.6311463248064522,-0.0841653094600764,-8.150268011931711,-2.0045040345531926,-0.8485128558004538,0.0,40.44352483477079,28.49068446415617,41.943963526596406,18.77620515308522,134.25932482498683,980.5555286653864,15.288,0.0,10.971716767894891,0.1191494737706233,1.1614091085300609e-05,-0.2015495173342518,0.1164204000347981,0.0211763962025605,0.6367332220854977,12.47728605399856,40.43030418363114,8.435927877673917
5.63,31.221742141475097,131.01167127992304,223.61347384842537,0.6117110434407893,-0.1142639004463531,-8.130972999412798,-1.9685614302715475,-0.854063611803004,0.0,40.37308688193308,28.48506728709433,41.81291172803856,18.79934293203732,134.29397567397132,977.1178048690828,15.288,0.0,10.973906833319752,0.1189423183208893,1.1702253710734668e-05,-0.2026404487965705,0.1161274309894743,0.0212533897867943,0.6222910440762355,12.467426721796018,40.35513836231979,8.40936267947451
5.64,31.22174116081871,131.01167404272007,223.8792724265856,0.5920623866913702,-0.1439613634044194,-8.110975609116013,-1.930679889691132,-0.8577654669171236,0.0,40.30280222454167,28.4794878132546,41.68132782047674,18.82199627941627,134.3279877874927,973.6937075803366,15.288,0.0,10.976088607771883,0.1187356118810919,1.17902472447272e-05,-0.2036870846974916,0.1157753670459917,0.0213254257488498,0.6093127326877275,12.458007687585262,40.28018885025172,8.3815995946101
5.65,31.22174018043017,131.0116768050275,224.14406020540565,0.5722272764046094,-0.1732255207053572,-8.090284208697549,-1.8909337444394307,-0.8596394416562003,0.0,40.23267156182512,28.47394614998357,41.54924720004732,18.844148441614355,134.36133316654502,970.2832297724776,15.288,0.0,10.978262088623952,0.1185293565219339,1.1878019795683603e-05,-0.2046893520721258,0.1153655075247847,0.0213925227505078,0.5978713399978742,12.449063247315548,40.20546140211528,8.352682741072574
5.66,31.22173920030247,131.01167956684617,224.40783685475623,0.5522325595523978,-0.202025060789029,-8.068908003624326,-1.8493982540100613,-0.859708484168258,0.0,40.162695596432044,28.468442365793152,41.416705067053385,18.86578369705678,134.3939851002907,966.8863644413188,15.288,0.0,10.98042727318341,0.1183235543241929,1.196552054844924e-05,-0.2056472342059548,0.11489920271212,0.0214547052732605,0.588025221551103,12.440626686449184,40.130961639847776,8.322658766922927
5.67,31.221738220428687,131.011682328177,224.67060205941027,0.5321072310855428,-0.2303552730884352,-8.046856650731483,-1.8061422366665127,-0.857997993468428,0.0,40.09287013964037,28.46297648695991,41.28373638351498,18.886887349671348,134.42591816895907,963.5028693438644,15.288,0.0,10.982565424688191,0.1181181929581069,1.2052699811685085e-05,-0.2065607708641483,0.1143778363578607,0.0215120009630809,0.5798276740956367,12.43270612662444,40.056686115438296,8.291574777645563
5.68,31.221737240802074,131.01168508902109,224.9323554941952,0.5118767128261204,-0.2581727903721802,-8.024140500193043,-1.7612440951778687,-0.8545344212866631,0.0,40.023198510701256,28.45754849345728,41.15037583665961,18.907445703817487,134.45710821902833,960.1328639781472,15.288,0.0,10.984686607862225,0.1179132822131545,1.2139509044754444e-05,-0.2074300593318834,0.1138027983478285,0.0215644473117532,0.5732967691334017,12.42534574490929,39.98264496085342,8.259481860673883
5.69,31.221736261416023,131.01168784937943,225.1930968418833,0.4915663902547138,-0.2854369579020606,-8.000771251270995,-1.7147841716884795,-0.8493457945945454,0.0,39.953683709928335,28.452158341567383,41.01665779715079,18.92744606010011,134.48753237024923,956.776451536669,15.288,0.0,10.98679959276486,0.1177088309392763,1.222590089064416e-05,-0.20825524584395,0.1131755722044126,0.0216120865659307,0.568427457048337,12.418586951567912,39.908847562889285,8.226433835474108
5.7,31.221735282264063,131.0116906092533,225.4528257882216,0.4712025034300727,-0.312120120142733,-7.976761347247215,-1.6668403014207644,-0.8424620010292009,0.0,39.88432645225539,28.446805953044745,40.88261627520961,18.94687672079815,134.51716903775787,953.4336250318584,15.288,0.0,10.988904376857477,0.1175048412534445,1.23118292404082e-05,-0.2090365281432753,0.112497687128961,0.0216549648732127,0.565197816980415,12.41245873285009,39.83529898091824,8.192485606002357
5.71,31.22173430333991,131.0116933686438,225.71154202491311,0.4508110691690498,-0.3381955973837671,-7.952123998516932,-1.6174906564876907,-0.8339144682076522,0.0,39.815127455255855,28.441491215185835,40.74828488220095,18.965726978859774,134.54599792968307,950.1043774611932,15.288,0.0,10.99100095760143,0.1173013152804076,1.239724927170137e-05,-0.2097741547079675,0.1117707103237349,0.0216931333773825,0.5635641240420872,12.40698892640378,39.7620041235246,8.157693635574944
5.72,31.22173332463745,131.01169612755228,225.9692452406738,0.4304178536173989,-0.363637702893944,-7.92687316185297,-1.5668136349473007,-0.8237360854397276,0.0,39.74608743900588,28.436213981784096,40.61369679356479,18.9839871051562,134.57400004235978,946.7887018008352,15.288,0.0,10.99308933252248,0.1170982551522878,1.2482117483697828e-05,-0.2104684235207309,0.1109962443923901,0.0217266480452524,0.5634619953707737,12.40220420114434,39.68896774567496,8.12211574832674
5.73,31.22173234615073,131.01169888598008,226.22593513514389,0.4100483456273105,-0.3884217586994069,-7.901023517695082,-1.5148877526261035,-0.811961125505105,0.0,39.67720712592093,28.43097407410689,40.478884712998166,19.00164833452136,134.601157653898,943.4865909978936,15.288,0.0,10.995169499173969,0.1168956630081045,1.2566391729678676e-05,-0.2111196808016142,0.1101759247516511,0.021755569491382,0.5648084034202209,12.398130039442783,39.616194446079774,8.085810930238157
5.74,31.221731367873943,131.0117016439286,226.4816114139196,0.389727730939466,-0.4125241097964758,-7.874590445544757,-1.461791537856617,-0.7986251666209885,0.0,39.608487240608646,28.42577128189472,40.34388083791423,19.01870285066592,134.62745431619095,940.1980379636536,15.288,0.0,10.997241455146032,0.1166935409933429,1.265003124730532e-05,-0.2117283197067339,0.109311417057566,0.0217799628010113,0.5675043795958422,12.394790721806595,39.543688664818525,8.048839130084188
5.75,31.22173038980148,131.01170440139938,226.73627378954805,0.3694808671886732,-0.4359221368628117,-7.8475899975485826,-1.4076034291886548,-0.7837650147270209,0.0,39.53992850972531,28.420605364378527,40.20871682620339,19.035143770051487,134.65287484544848,936.9230355686126,15.288,0.0,10.999305198083992,0.1164918912595119,1.2732996686572068e-05,-0.2122947789956181,0.1084044146493138,0.0217998973515404,0.5714381738125702,12.392209313988827,39.471454681205714,8.011261060644465
5.76,31.22172941192792,131.01170715839388,226.9899219755619,0.3493322597454036,-0.4585942674704946,-7.820038870358865,-1.3524016761514963,-0.7674186262069475,0.0,39.471531661839855,28.415476051314243,40.073423764317766,19.05096512480985,134.67740531133677,933.6615766341464,15.288,0.0,11.001360725725158,0.1162907159637791,1.2815250135460284e-05,-0.2128195416697633,0.1074566360136793,0.0218154466327319,0.5764886155648,12.39040765650882,39.399496611900986,7.973138000525909
5.77,31.221728434248018,131.01170991491375,227.24255569741385,0.329306038430308,-0.4805199860759263,-7.791954375369582,-1.2962642430546685,-0.7496250311696455,0.0,39.403297427256696,28.41038304403269,39.93803213669664,19.06616184478976,134.7010330248071,930.4136539271408,15.288,0.0,11.00340803577004,0.1160900172684138,1.289675514330558e-05,-0.2133031335849941,0.1064698222728849,0.0218266880661014,0.5825284383425743,12.38940635630784,39.32781840917133,7.934531596951351
5.78,31.22172745675672,131.01171267096066,227.49417468750423,0.3094259350417643,-0.5016798420728247,-7.76335440743275,-1.239268716066772,-0.7304242573806019,0.0,39.33522653793593,28.405326016501576,39.8025717965493,19.08072973881098,134.72374652469168,927.1792601552228,15.288,0.0,11.005447126112305,0.1158897973405776,1.2977476741900624e-05,-0.2137461220401568,0.1054457346985961,0.0218337028236473,0.589427371600568,12.389224781186812,39.25642385955592,7.895503669924883
5.79,31.221726479449146,131.01171542653623,227.7447786841902,0.289715261818346,-0.5220554570990718,-7.734257412157103,-1.18149221332714,-0.7098572549755063,0.0,39.26731972729007,28.400304616400355,39.667071938007616,19.09466547520356,134.74553556314413,923.9583879586708,15.288,0.0,11.007477994590438,0.1156900583517143,1.3057381464342231e-05,-0.2141491143446277,0.1043861522549232,0.0218365756462228,0.5970548638210554,12.389881055877977,39.18531658252561,7.856116018116147
5.8,31.22172550232061,131.01171818164227,227.99436744172263,0.2701971643753323,-0.5416324277427975,-7.70468232136669,-1.123010579991504,-0.687965888277838,0.0,39.19957717676628,28.395318466202887,39.531561069657805,19.10796656170784,134.76639109000072,920.7510039129488,15.288,0.0,11.00949857260684,0.1154908008470575,1.3136437361670603e-05,-0.2145127563671353,0.1032928691724854,0.0218353943536553,0.6052850730667859,12.391389340391534,39.11449902114064,7.816430099437158
5.81,31.221724525366632,131.01172093628057,228.24294071335072,0.2508969284669266,-0.5604247360798029,-7.674647854301537,-1.063890990838494,-0.6647935460383463,0.0,39.13199383809027,28.390367154186848,39.39606699091763,19.12063131993167,134.78630522845808,917.5568293911512,15.288,0.0,11.01148730148034,0.1152920099638437,1.3214614017702916e-05,-0.2148377344220528,0.1021676565472718,0.0218302473922654,0.614022105460522,12.393736918311172,39.04396393009871,7.77650526822793
5.82,31.221723548582908,131.01172369045298,228.49049827119816,0.231833359846869,-0.578383943942934,-7.644173898021366,-1.0042158282549856,-0.6403828526155748,0.0,39.06457679102408,28.3854502484404,39.26061677307927,19.13265884849728,134.8052712326518,914.3761552843324,15.288,0.0,11.013467907504348,0.1150937065712623,1.3291882534695658e-05,-0.2151247700632337,0.1010123007354269,0.021821232950397,0.6231154529323936,12.396969461323115,38.973725996575695,7.736403183058202
5.83,31.221722571965344,131.01172644416144,228.73703988638832,0.2130278909186434,-0.5954959653347986,-7.61328075960903,-0.9440595683069768,-0.6147777125936534,0.0,38.9973267737799,28.38056730253795,39.125236732324645,19.144049017360985,134.8232834940193,911.2089739192608,15.288,0.0,11.01544038894446,0.1148958928549146,1.336821555795304e-05,-0.21537461599106,0.0998286285240921,0.0218084482305623,0.6324513364527184,12.401100168509926,38.90378817034271,7.696183731502705
5.84,31.221721595510008,131.0117291974078,228.9825653538876,0.194501439954602,-0.6117478013557504,-7.581989117328421,-0.8834958202188616,-0.5880225909358204,0.0,38.93024452540007,28.37571784923888,38.98995240715661,19.15480245143356,134.84033753081118,908.0552775300804,15.288,0.0,11.017404744075344,0.1146985710028644,1.3443587296414596e-05,-0.2155880575136612,0.0986184726831816,0.0217919930991814,0.6419226939770013,12.406141009274515,38.83415323120729,7.655905851503249
5.85,31.22172061921321,131.01173195019408,229.2270744706424,0.176274394875454,-0.6271275391719038,-7.550319981868877,-0.8225972560969579,-0.5601624441600359,0.0,38.86333078566778,28.37090140160896,38.85478853887558,19.164920508322474,134.85642996812803,904.9150582562138,15.288,0.0,11.019360971298816,0.1145017432053608,1.3517973528655956e-05,-0.2157659110374076,0.0973836697273314,0.0217719699082579,0.6514294833698737,12.41210273195468,38.76482378909908,7.615627356836338
5.86,31.221719643071435,131.01173470252232,229.47056704452248,0.1583665979437302,-0.6416243498834459,-7.5182946570001565,-0.7614355439030515,-0.5312426528562745,0.0,38.79658629497133,28.36611745412188,38.71976905344278,19.174405255824787,134.8715585172775,901.788308137082,15.288,0.0,11.021309069071156,0.1143054116544411,1.3591351606873692e-05,-0.2159090225524179,0.0961260577216439,0.0217484833183405,0.660878761430256,12.41899487408335,38.6958022842816,7.575404767615379
5.87,31.22171866708137,131.01173745439456,229.713042898298,0.1407973313394334,-0.655228484992807,-7.485934699775931,-0.7000812837463397,-0.5013089555967554,0.0,38.73001179420885,28.361365483758803,38.584917044722005,19.183259449225936,134.8857219545093,898.6750191085573,15.288,0.0,11.023249035966703,0.1141095785436555,1.3663700458874828e-05,-0.2160182661151696,0.0948474741329812,0.0217216401230461,0.6701845953641865,12.426825774508089,38.62709098782431,7.535293146396017
5.88,31.22171769123989,131.01174020581294,229.95450186566265,0.1235853036495019,-0.6679312718485935,-7.453261880407637,-0.6386039473903242,-0.4704073843010046,0.0,38.66360802466752,28.356644951104062,38.45025475909231,19.19148650845642,134.89892009918452,895.5751829994908,15.288,0.0,11.025180870632452,0.1139142460676994,1.3735000588138563e-05,-0.2160945423302402,0.0935497537284001,0.0216915490753338,0.679267855345122,12.435602586953832,38.5586920022096,7.49534594043297
5.89,31.22171671554408,131.01174295677947,230.19494379421428,0.1067486372390805,-0.6797251078006629,-7.420298141932272,-0.5770718210188994,-0.4385842010975702,0.0,38.59737572793309,28.351955301434725,38.31580358141895,19.1990904951556,134.91115379143153,892.4887915277253,15.288,0.0,11.027104571842504,0.1137194164221636,1.3805234071972909e-05,-0.2161387768331608,0.0922347265221055,0.0216583207156735,0.6880559273245193,12.445331295214377,38.49060726217216,7.455614830664873
5.9,31.22171573999124,131.01174570729643,230.4343685394948,0.0903048565305776,-0.6906034533948185,-7.387065559797622,-0.5155519511656359,-0.4058858367326094,0.0,38.53131564577324,28.347295965803124,38.1815840223702,19.20607608968946,134.92242486934092,889.4158362972288,15.288,0.0,11.029020138443618,0.1135250918031746,1.3874384557822965e-05,-0.2161519187762731,0.0909042157724611,0.021622067202354,0.6964823773979072,12.456016729598067,38.42283853566242,7.416149587997736
5.91,31.221714764578827,131.011748457366,230.6727759729376,0.0742708771607058,-0.7005608243816653,-7.353586301481571,-0.4541100938236864,-0.3723588305590064,0.0,38.4654285200444,28.34266636211133,38.04761570706527,19.212448568164888,134.9327361457456,886.3563087945789,15.288,0.0,11.03092756937336,0.1133312744071296,1.394243725778038e-05,-0.2161349393194667,0.089560036029991,0.0215829021440312,0.7044865910420527,12.467662584774589,38.35538742501907,7.3769979374638055
5.92,31.221713789304527,131.01175120699034,230.91016597689992,0.0586629960143711,-0.7095927826362441,-7.319882586267769,-0.3928106666923314,-0.3380497721400959,0.0,38.39971509261017,28.338065896175827,37.91391736503624,19.21821377948165,134.94209138463367,883.3102003868566,15.288,0.0,11.0328268637055,0.1131379664304544,1.400937894133334e-05,-0.2160888301275465,0.0882039912378299,0.0215409404347285,0.7120134045944974,12.480271438864342,38.28825536832347,7.338205430829623
5.93,31.221712814166224,131.01175395617173,231.14653844963192,0.0434968821464917,-0.7176959261901856,-7.285976645287095,-0.3317167044687074,-0.3030052445019467,0.0,38.334176105238434,28.33349396278067,37.780506821486206,19.223378122459977,134.95049527723708,880.2775023186568,15.288,0.0,11.034718020604632,0.1129451700692969,1.407519792641576e-05,-0.2160146018759734,0.0868378728854199,0.0214962980914046,0.7190127413835706,12.49384477351856,38.2214436408714,7.299815328204423
5.94,31.221711839161976,131.01175670491244,231.38189330030653,0.0287875685649168,-0.7248678782169403,-7.251890681939453,-0.2708898171890929,-0.267271769053918,0.0,38.26881229951445,28.328949946718897,37.64740098982392,19.2279485230784,134.9579534178361,877.258205709065,15.288,0.0,11.036601039326124,0.1127528875192808,1.4139884068803068e-05,-0.2159132827666141,0.0854634582165186,0.0214490920942277,0.7254392605586929,12.508382995071765,38.15495335682424,7.261868489196855
5.95,31.221710864290028,131.0117594532148,231.61623045498385,0.0145510289717682,-0.7311226509276234,-7.21764660077784,-0.2103863681867776,-0.2308961444733014,0.0,38.20362146135425,28.324433222218328,37.51461586550998,19.23193241167101,134.96447227901896,874.2521662877483,15.288,0.0,11.038465189498918,0.1125611122675982,1.420342875065942e-05,-0.2157859175633624,0.0840825036046802,0.0213994386247068,0.731267428272307,12.523871027979462,38.088780100570894,7.224402944684867
5.96,31.221709889548844,131.01176220108107,231.849549847665,0.0008013762932704,-0.7364632160609664,-7.183265888732186,-0.1502626888765981,-0.1939248621794194,0.0,38.13860366949087,28.319943144749047,37.38216652410514,19.2353376906796,134.97005917090289,871.2593453602246,15.288,0.0,11.040308123609329,0.112369844556814,1.4265824861187409e-05,-0.2156335698364283,0.0826967075476385,0.0213474562218453,0.7364636520419813,12.54030407599682,38.02292348349592,7.187453968970036
5.97,31.22170891493707,131.01176494851364,232.08185143221945,-0.0124502439105131,-0.7408712712687361,-7.148770537195707,-0.0905800116484242,-0.1564035263780861,0.0,38.07376328906552,28.315479072892128,37.250067118922765,19.238172707944543,134.97472220876685,868.279899829862,15.288,0.0,11.042143021822255,0.1121790972587878,1.4327066760180268e-05,-0.2154573127408131,0.0813077840695971,0.0212932659706536,0.740975870406832,12.557697221254127,37.95739074491965,7.15105495679142
5.98,31.22170794045352,131.01176769551483,232.3131351744329,-0.0251914115359125,-0.7443483775054114,-7.114182265157437,-0.0313939442804802,-0.1183778939053653,0.0,38.009101060340015,28.31104036171224,37.11833087415764,19.24044624868228,134.97847031095628,865.313820299547,15.288,0.0,11.043969883868751,0.1119888725652643,1.4387150284231445e-05,-0.2152582299948875,0.0799174374984753,0.0212369871638197,0.7447745152779508,12.576046832445764,37.892182379498976,7.115236342341944
5.99,31.22170696609717,131.011770442087,232.5434010539965,-0.0374103709262898,-0.7468970528877993,-7.07952257616658,0.0272414937936522,-0.0798934099391179,0.0,37.94461772301526,28.30662636127976,36.98697008307894,19.242167514935154,134.9813131758261,862.3610972386126,15.288,0.0,11.045788709560556,0.1117991726663372,1.444607273250276e-05,-0.2150374156183258,0.0785273498462766,0.0211787393030378,0.7478333131042924,12.595348320025764,37.82729873108072,7.080025774133037
6.0,31.221705991867232,131.01177318823255,232.77264906152408,-0.0490960341057661,-0.7485207564312611,-7.044812723107492,0.0852738961661316,-0.0409951632300706,0.0,37.88031401618823,28.30223641761521,36.8559961077276,19.2433461040754,134.98326125661268,859.4217209825216,15.288,0.0,11.047599498861812,0.111609999750325,1.450383284732926e-05,-0.2147959725391287,0.0771391793547602,0.0211186419581149,0.7501290597232687,12.615596161575455,37.76273999521502,7.045448072651789
6.01,31.221705017763103,131.01177593395388,233.00087920948457,-0.0602379831989015,-0.7492238712654495,-7.01007367401184,0.1426524915601687,-0.0017278430706601,0.0,37.81619067826817,28.297869873613287,36.72541937971829,19.24399198759564,134.984325736251,856.4956817304445,15.288,0.0,11.049402251808372,0.1114213560035306,1.4560430793545936e-05,-0.2145350112204273,0.0757545590991649,0.0210568146295136,0.7516414152164941,12.63678392735952,37.69850622170874,7.011525200258776
6.02,31.221704043784296,131.01177867925338,233.22809152027548,-0.0708264721001902,-0.7490116869244386,-6.975326078990207,0.1993281633209071,0.0378643020137523,0.0,37.7522484469409,28.29352606994746,36.59524940211725,19.24411549020297,134.98451850216205,853.5829695461016,15.288,0.0,11.05119696857954,0.1112332436101274,1.4615868136583291e-05,-0.2142556483082014,0.0743750956502454,0.0209933766144881,0.7523527168397417,12.658904306403556,37.63459731737108,6.978276243478813
6.03,31.22170306993053,131.01178142413352,233.45428603019943,-0.0808524273677325,-0.7478903811086456,-6.940590238346346,0.2552534664450278,0.0777375038499767,0.0,37.688488059108245,28.2892043459527,36.46549475236696,19.24372726923105,134.98385212103415,850.6835743571111,15.288,0.0,11.052983649471155,0.1110456647519773,1.4670147819397051e-05,-0.2139590053009924,0.0730023677946633,0.0209284468768043,0.7522478088283275,12.68194913268363,37.5710130488165,6.945717407745986
6.04,31.22170209620172,131.01178416859665,233.67946279045745,-0.0903074483684504,-0.7458670008382767,-6.905886071939318,0.3103826421888414,0.1178485124905267,0.0,37.62491025082688,28.284904040487472,36.336163086227565,19.24283829438332,134.982339813621,847.7974859534138,15.288,0.0,11.054762294850772,0.1108586216084615,1.4723274138278622e-05,-0.2136462072426234,0.071637925313788,0.0208621439201049,0.7513138874539119,12.70590941146576,37.507753045361504,6.91386202459044
6.05,31.22170112259791,131.01178691264525,233.90362186814133,-0.0991838067164196,-0.742949442810408,-6.871233089856689,0.3646716302715271,0.15815463239452,0.0,37.56151575728907,28.280624492773065,36.20726114270528,19.24145982781868,134.97999542957697,844.9246939889229,15.288,0.0,11.056532905247316,0.1106721163564153,1.477525271760316e-05,-0.2133183814388754,0.0702832878209114,0.0207945856650491,0.7495403596360722,12.73077534593914,37.44481680208754,6.882720571170549
6.06,31.221700149119343,131.0117896562817,234.1267633462361,-0.1074744449765814,-0.7391464333851655,-6.836650364445299,0.4180780788305494,0.1986137569207251,0.0,37.49830531276746,28.27636504320896,36.078794749936286,19.239603404589225,134.9768334223489,842.0651879806395,15.288,0.0,11.05829548130626,0.1104861511699696,1.4826090483568985e-05,-0.2129766561990085,0.0689399436567922,0.0207258893301748,0.7469187141366577,12.756536363718054,37.38220368292525,6.852300701961849
6.07,31.2216991757664,131.01179239950852,234.34888731467387,-0.1151729746717113,-0.7344675080540922,-6.802156503749532,0.4705613521595234,0.2391844011530523,0.0,37.43527965056386,28.27212503416651,35.95076883199532,19.237280813438264,134.9728688241434,839.2189573089,15.288,0.0,11.060050023735824,0.1103007282203922,1.4875795636985883e-05,-0.2126221596029745,0.0676093488432616,0.0206561713165916,0.7434424038889421,12.783181143325695,37.31991292382337,6.822607292333569
6.08,31.221698202539592,131.0117951423281,234.5699938931913,-0.1222736736386884,-0.7289229901617039,-6.767769626399578,0.5220825362379905,0.279825733084754,0.0,37.372439503007016,28.26790381075653,35.82318741659721,19.234504077965777,134.9681172209864,836.3859912185478,15.288,0.0,11.061796533423529,0.1101158496760914,1.4924377625158158e-05,-0.2122560182950952,0.0662929260946496,0.0205855470965058,0.7391067380519675,12.810697640856302,37.257943636083,6.793642493652267
6.09,31.22169722943967,131.01179788474292,234.79008319654807,-0.1287714826871624,-0.722523969491122,-6.733507337983302,0.5726044422454736,0.32049760316682,0.0,37.30978560139225,28.26370072157404,35.69605364365988,19.231285438165926,134.9625947278902,833.5662788188982,15.288,0.0,11.063535011328613,0.1099315177024281,1.4971847112923942e-05,-0.2118793563049041,0.0649920638869432,0.0205141311056101,0.7339087833351663,12.839073116226755,37.196294809654525,6.765405799476474
6.1,31.221696256467467,131.0118006267554,235.00915537030207,-0.1346620016438664,-0.7152822801705774,-6.699386708933128,0.622091608008808,0.3611605722560344,0.0,37.24731867597287,28.259515119417763,35.56936977469611,19.227637332342294,134.95631796414474,830.7598090852138,15.288,0.0,11.065265458544784,0.1097477344616928,1.5018215952897137e-05,-0.2114932938958538,0.0637081155839787,0.0204420366393659,0.7278472730881377,12.868294159517326,37.13496531659233,6.737894122315751
6.11,31.221695283623976,131.01180336836796,235.22721056298343,-0.1399394029694537,-0.7072288951287637,-6.6654239723637225,0.6705146473733,0.4017754357400376,0.0,37.18503589284727,28.25534635949076,35.44313720312155,19.22357237902543,134.94930402809467,827.9664121869802,15.288,0.0,11.06697531948448,0.1095644916145152,1.506349715614388e-05,-0.2110989473030924,0.0624423911855505,0.02036937388441,0.7209401861678552,12.898329482215727,37.07394745876034,6.711102005219949
6.12,31.22169431091033,131.0118061095831,235.44424894696465,-0.144601099503468,-0.6983722732567474,-6.631634671526779,0.7178418181571269,0.4423042111099821,0.0,37.122938886542656,28.251193793335567,35.31735646825453,19.21910334998821,134.94157045601608,825.1861179360506,15.288,0.0,11.06866784539379,0.1093817939875298,1.5107704853504042e-05,-0.2106974306585768,0.061196130742585,0.0202962545232008,0.7131846005903308,12.929168919253648,37.01324154270701,6.685021189768724
6.13,31.221693338327807,131.01180885040316,235.66027070255967,-0.1486461930652769,-0.6887125121066239,-6.598034245027835,0.7640399140273452,0.4827100729544188,0.0,37.06103104983112,28.24705678913328,35.19202726715716,19.21424315290883,134.93313519696767,822.4190338195185,15.288,0.0,11.070352446923854,0.1091996515880356,1.515085424741052e-05,-0.2102898470184068,0.0599705720880038,0.020222789376171,0.7045704725928433,12.960810159901037,36.9528509465661,6.659641274371961
6.14,31.22169236587781,131.01181159083063,235.875276023986,-0.1520728712344315,-0.6782641655490347,-6.564637443570509,0.80908031053307,0.5229566737931783,0.0,36.99931310875364,28.24293472327283,35.067148463723726,19.209004825332983,134.92401660675264,819.6651482881927,15.288,0.0,11.072029125570404,0.1090180665659134,1.519296160054824e-05,-0.2098772906299566,0.0587669213007329,0.0201490862144037,0.6951024069495078,12.99323740429766,36.892774111150885,6.634949841339048
6.15,31.22169139356188,131.0118143308679,236.08926512433487,-0.1548799517852171,-0.6670424169865092,-6.5314583961272765,0.8529360884975051,0.5630084932820169,0.0,36.93778578823603,28.238826979574306,34.9427181015624,19.20340151904114,134.91423342495582,816.9244496659278,15.288,0.0,11.073697882988492,0.1088370410677545,1.5234044205060916e-05,-0.2094608466481739,0.0575863458625765,0.020075251208014,0.6847863183210559,13.026434310137,36.83300937729885,6.610932408889885
6.16,31.221690421381663,131.01181707051737,236.3022382246388,-0.157066875241465,-0.6550630556286282,-6.498510597204858,0.8955820248919982,0.6028308570365281,0.0,36.8764498120524,28.23473294985351,34.81873341768093,19.197446484264525,134.90380475125963,814.1969261500985,15.288,0.0,11.075358720886262,0.1086565772367527,1.527412034910362e-05,-0.2090415901625063,0.0564299741154028,0.0200013888458531,0.6736293752769886,13.060384017226433,36.77355498955287,6.587572556525574
6.17,31.22168944933897,131.01181980978143,236.51419556380927,-0.1586336969521148,-0.6423424523107307,-6.465806895689121,0.936994582098506,0.6423899540395797,0.0,36.81530590283927,28.23065203445972,34.69519085677708,19.19115305428109,134.8927500219633,811.4825658138698,15.288,0.0,11.077011641086926,0.1084766772127524,1.5313209282941794e-05,-0.208620585254886,0.0552988947715213,0.0199276018591045,0.6616399485784504,13.09506917195304,36.71440909996471,6.564852055627294
6.18,31.22168847743569,131.0118225486625,236.72513738869887,-0.1595810786782929,-0.6288975351459573,-6.433359485256809,0.9771518956815498,0.6816528526545206,0.0,36.754354782111285,28.22658364278748,34.572086086102274,19.18453463038941,134.8810889867162,808.7813566095235,15.288,0.0,11.078656645581844,0.1082973431322863,1.535133118465204e-05,-0.2081988840890417,0.0541941564764677,0.019853991148757,0.6488275638856399,13.13047195140014,36.65556977192641,6.542751004379568
6.19,31.221687505673845,131.011825287163,236.935063969009,-0.1599102796737899,-0.6147457653434436,-6.401179896334336,1.0160337607976049,0.7205875152650931,0.0,36.69359717021844,28.22252719376232,34.449414010867045,19.1776046672576,134.86884168547283,806.0932863685731,15.288,0.0,11.080293736371235,0.10811857712845,1.538850712546281e-05,-0.2077775260313636,0.053116767423363,0.0197806557168607,0.6352028591715695,13.166574086820708,36.59703498391725,6.521247966108274
6.2,31.22168653405556,131.01182802528513,237.1439755764195,-0.1596231473757613,-0.5999051124195041,-6.369278989592836,1.0536216171281,0.7591628115931935,0.0,36.63303378639984,28.218482116299327,34.32716879015724,19.170376658644184,134.8560284256794,803.4183428061447,15.288,0.0,11.081922915632322,0.1079403813310618,1.542475903478099e-05,-0.207357536803508,0.0520676950179876,0.0197076926016353,0.6207775463009155,13.203356887213026,36.538802633442806,6.5003201101064585
6.21,31.221685562583044,131.01183076303136,237.3518725054577,-0.1587221076155464,-0.5843940297503887,-6.337666950948774,1.089898532590302,0.7973485307002351,0.0,36.57266534875832,28.214447849737088,34.205343853330234,19.16286412348736,134.8426697596977,800.7565135220358,15.288,0.0,11.083544185595445,0.1077627578665859,1.546010966495643e-05,-0.206939927666858,0.0510478655938604,0.0196351968163063,0.6055643779428281,13.240801262130258,36.48087054084147,6.479943354065733
6.22,31.221684591258622,131.01183350040398,237.5587550566057,-0.1572101544588559,-0.5682314297434269,-6.30635328804689,1.1248491857302223,0.8351153917215359,0.0,36.51249257429647,28.21042384424366,34.083931916860884,19.155080592358665,134.82878646247673,798.1077860042211,15.288,0.0,11.08515754863253,0.1075857088582409,1.5494582555809142e-05,-0.2065256946389772,0.0500581641761342,0.0195632612917011,0.589577119729707,13.278887744429486,36.42323645321282,6.4600925072159745
6.23,31.221683620084736,131.01183623740533,237.76462354424936,-0.1550908396287274,-0.551436659208173,-6.275346828194313,1.158459846961698,0.8724350533499456,0.0,36.45251617891128,28.206409561198253,33.962925001607005,19.14703959427722,134.81439950947637,795.4721476312266,15.288,0.0,11.086763007186324,0.1074092364259753,1.552820199898297e-05,-0.2061158177420681,0.0490994342937574,0.0194919768225306,0.572830529021363,13.317596512435664,36.36589804827345,6.440741413336252
6.24,31.2216826490639,131.01183897403772,237.969478297672,-0.1523682615751041,-0.5340294745964678,-6.244655717709415,1.1907183586439096,0.9092801221070698,0.0,36.39273687741444,28.202404473546792,33.842314450465246,19.13875464388014,134.7995300548533,792.8495856744017,15.288,0.0,11.088360563779224,0.1072333426865382,1.5560993002147526e-05,-0.2057112602835134,0.0481724778385067,0.0194214320173045,0.5553403412180549,13.356907411860806,36.30885293825973,6.421863092809717
6.25,31.221681678198685,131.01184171030334,238.17331965509243,-0.1490470542066156,-0.5160300171635626,-6.214287422653904,1.221614114044052,0.9456241594333618,0.0,36.33315538357178,28.198408066130952,33.722090946387894,19.1302392289444,134.78419940991384,790.2400873021674,15.288,0.0,11.089950221084088,0.107058029753588,1.5592981253097584e-05,-0.2053129681684305,0.0472780549703291,0.0193517132518878,0.5371232654763684,13.396799977455167,36.25209867386248,6.4034298829525875
6.26,31.22168070749179,131.01184444620455,238.3761479666464,-0.1451323752517346,-0.4974587884999099,-6.184248730899308,1.2511380353406432,0.9814416876136072,0.0,36.27377241008236,28.194419835993568,33.60224453073213,19.12150679825608,134.76842902184092,787.6436395814262,15.288,0.0,11.091531981773768,0.1068832997376266,1.5624193083787055e-05,-0.204921869244241,0.0464168840676156,0.0192829046265761,0.5181969927837671,13.437253453998071,36.19563274804384,6.38541357590028
6.27,31.22167973694595,131.01184718174355,238.57796359836064,-0.1406298943749482,-0.4783366256088715,-6.154545755495616,1.279282550529728,1.0167081945920369,0.0,36.21458866866007,28.19043929265817,33.482764621913645,19.112570749821863,134.75224045270247,785.0602294826688,15.288,0.0,11.093105848715831,0.1067091547462473,1.5654655434333923e-05,-0.204538872677136,0.0455896417216267,0.0192150879267096,0.498580219341959,13.478246817427165,36.13945260002839,6.367785553356014
6.28,31.221678766564004,131.01184991692264,238.7787669212221,-0.1355452387608789,-0.4586890283640628,-6.125183899537165,1.3060424941428772,1.05140002051118,0.0,36.1556040234732,28.18646595828407,33.363640034337315,19.10344441941841,134.73565535874647,782.489807239279,15.288,0.0,11.09466893047019,0.1065355943896673,1.568439581708799e-05,-0.2041648683880387,0.0447969625560901,0.0191483421409636,0.4782967112485162,13.519754744517774,36.08355408900487,6.350517050035151
6.29,31.22167779634884,131.01185265174388,238.9785583201224,-0.1298824053418093,-0.4385585860769927,-6.096167457006736,1.3314185912301877,1.085493909934908,0.0,36.09681505546629,28.18249935878384,33.24485899865644,19.0941410660938,134.71869546382808,779.9321813973613,15.288,0.0,11.09620714835094,0.1063626086037457,1.5713442282697523e-05,-0.2038007300228057,0.0440394116411007,0.0190827424757236,0.4573868638125373,13.56173606060719,36.027927106531344,6.333579569046806
6.3,31.22167682630341,131.01185538620953,239.17733818988145,-0.1236517096539531,-0.4179412921697899,-6.067500565140682,1.355402824324574,1.1189688697795896,0.0,36.03822746049383,28.17853903727437,33.12640918383581,19.084673853082965,134.7013825240705,777.3875548651715,15.288,0.0,11.097737582021812,0.1061902141822091,1.5741823362565296e-05,-0.2034473097682228,0.0433175214330647,0.0190183664457286,0.435849053935385,13.604192995353674,35.97257797803264,6.3169431892098995
6.31,31.221675856430725,131.0118581203217,239.3751069362432,-0.1168607477707193,-0.3968590549703948,-6.0391867053850365,1.3779933590234743,1.1518042793180645,0.0,35.97984194665328,28.174584555586925,33.00827771371915,19.07505584689408,134.6837383252988,774.855914256593,15.288,0.0,11.099260234532233,0.106018413221948,1.576956804434756e-05,-0.2031054364377806,0.0426318028197568,0.0189552862448885,0.4137068110209283,13.64710367796168,35.91750397053402,6.300578930373587
6.32,31.221674886733844,131.01186085408258,239.5718649788544,-0.1095175640948688,-0.3753339972928488,-6.0112287193726175,1.3991897378766982,1.1839804918715864,0.0,35.92165922121389,28.17063548908402,32.89045118596703,19.0653000097783,134.66578466829748,772.3372461062022,15.288,0.0,11.100775109123871,0.1058472078174025,1.5796705745222593e-05,-0.2027759175133492,0.0419827255330483,0.0188935716051513,0.3909853383436172,13.69044606764108,35.86270231646035,6.284458007204926
6.33,31.22167391721589,131.0118635874942,239.767612739342,-0.1016306379340979,-0.3533884329841527,-5.983628819019433,1.4189928525924616,1.2154788334692057,0.0,35.8636799905954,28.16669142679729,32.77291569197336,19.055419189903738,134.6475433496512,769.8315368705358,15.288,0.0,11.102282209029658,0.1056766000604961,1.58232662764699e-05,-0.2024595387097689,0.0413707183837061,0.0188332897769112,0.3677118983106211,13.734197972240414,35.8081702172979,6.268551934388041
6.34,31.221672947880005,131.0118663205587,239.96235065124853,-0.0932088699619514,-0.331044843171325,-5.95638859756752,1.4374049154857806,1.2462816005994084,0.0,35.805904960447855,28.16275197154254,32.65565683690538,19.04542611183974,134.62903614290707,767.3387729340333,15.288,0.0,11.103781537613589,0.105506592040863,1.5849279808253248e-05,-0.2021570635699294,0.040796169532473,0.0187745055125594,0.3439163923872981,13.778337067065356,35.75390484740517,6.252832625641573
6.35,31.22167197872941,131.0118690532781,240.1560791610281,-0.0842615684676595,-0.3083258531257871,-5.929509041510433,1.4544294303989267,1.2763720570574333,0.0,35.74833483565956,28.15881674001413,32.53865975984339,19.03533336734732,134.61028478006557,764.8589406104304,15.288,0.0,11.10527309825712,0.1053371858458859,1.5874776834640717e-05,-0.2018692330900229,0.0402594267963125,0.0187172810529757,0.3196322497679426,13.822840913055536,35.69990335765548,6.237272486383896
6.36,31.22167100976734,131.01187178565445,240.3487987210875,-0.0747984355057368,-0.2852542090349254,-5.90299054335289,1.4700711629841867,1.3057344299366676,0.0,35.69097032043189,28.154885362856383,32.42190915399769,19.025153406471656,134.59131093340406,762.3920261484631,15.288,0.0,11.106756894472795,0.1051683835609077,1.5899788138885702e-05,-0.201596765374629,0.0397607979886882,0.018661676117036,0.2948978187457524,13.867686975003393,35.64616287916177,6.221844499878903
6.37,31.221670040997022,131.0118745176897,240.54050979177669,-0.0648295528685468,-0.2618527554160278,-5.876832915141294,1.4843361105380428,1.3343539047712163,0.0,35.63381211828546,28.15095748471661,32.30538928698022,19.014898528932594,134.57213619764045,759.9380157345057,15.288,0.0,11.108232929773148,0.1050001872692432,1.5924344758998654e-05,-0.2013403553212672,0.0393005512927419,0.0186077478939544,0.2697586090991103,13.912852639154732,35.59268052683255,6.206522306792549
6.38,31.221669072421776,131.0118772493859,240.73121284536177,-0.054365367996921,-0.2381444124439967,-5.851035402711242,1.497231471279678,1.3622166198771508,0.0,35.57686093213868,28.14703276427615,32.18908402110952,19.004580875810223,134.5527820724408,757.4968954974665,15.288,0.0,11.109701207784294,0.1048325990524163,1.594847795363246e-05,-0.2011006743340632,0.0388789156660051,0.0185555510384484,0.2442710326575611,13.958315230889385,35.53945340301436,6.191280278087896
6.39,31.2216681040449,131.01187998074488,240.9209083580752,-0.0434166797565201,-0.2141521538753269,-5.825596700594036,1.508765613239253,1.3893096599023071,0.0,35.52011746433054,28.143110874262376,32.07297683372756,18.994212421521244,134.53326994527728,755.0686515112842,15.288,0.0,11.111161732167313,0.1046656209902342,1.5972219168314897e-05,-0.200878370066075,0.0384960812758386,0.0185051376686034,0.2185089112895103,14.004052031870014,35.48647860098548,6.176093581282849
6.4,31.221667135869765,131.01188271176872,241.1095968081285,-0.0319946241576637,-0.1898989851177726,-5.800514967525016,1.5189480427134228,1.4156210486220573,0.0,35.46358241667932,28.139191501442088,31.95705083750888,18.98380496608362,134.51362107464135,752.653269800599,15.288,0.0,11.112614506653172,0.1044992551609396,1.5995600002039882e-05,-0.2006740661899181,0.0381521999639814,0.0184565573664559,0.1925753794642532,14.050040297094462,35.43375320846319,6.160938240093508
6.41,31.221666167899684,131.0118854424592,241.29727869757767,-0.0201106599924894,-0.1654079217797989,-5.775787842495525,1.5277893723807334,1.4411397410003868,0.0,35.40725649051254,28.13527434659541,31.84128880074164,18.973370127665795,134.49385657361793,750.2507363428659,15.288,0.0,11.114059534981587,0.1043335036413162,1.6018652174253466e-05,-0.2004883621962032,0.0378473857393603,0.0184098571810869,0.166625982696222,14.096257271562273,35.38127431100752,6.1457911875501665
6.42,31.221665200138023,131.0118881728182,241.48395451852872,-0.0077765544641751,-0.1407019682615173,-5.75141246129668,1.535301289025606,1.4658556145539077,0.0,35.35114038675933,28.131359124473025,31.725673167561904,18.96291933541825,134.47399739382527,747.8610370746694,15.288,0.0,11.11549682104081,0.1041683685069526,1.6041407492250932e-05,-0.2003218332193398,0.0375817152978965,0.0183650816342949,0.1409167078480604,14.142680206975443,35.329038995481376,6.130630312680878
6.43,31.221664232588164,131.01189090284757,241.66962477699545,0.0049956312840795,-0.1158040972009161,-5.727385473491889,1.541496521071786,1.489759460023005,0.0,35.295234805945405,28.127445563734785,31.61018607812272,18.952463822584328,134.45406430972622,745.4841578933174,15.288,0.0,11.11692636868414,0.1040038518322283,1.606389781900539e-05,-0.2001750298902374,0.0373552285680769,0.018322272728637,0.1159117993408834,14.1892863777385,35.27704435327928,6.1154345009304425
6.44,31.22166326525347,131.01189363254906,241.8542899869321,0.0181935565956624,-0.090737228826852,-5.703703059770767,1.5463888057638828,1.5128429714018568,0.0,35.23954044828181,28.123533406872507,31.494809388680128,18.94201461988777,134.43407790331517,743.1200846623875,15.288,0.0,11.118348181852255,0.1038399556905767,1.6086155041453066e-05,-0.2000484782154038,0.0371679292811853,0.0182814699578753,0.0925432327106998,14.236053097145996,35.22528748366505,6.100183668443947
6.45,31.2216622981373,131.01189636192453,242.03795066129115,0.0318046157735758,-0.0655242109936633,-5.680360949624982,1.5499928561886196,1.5350987353316194,0.0,35.18405801369611,28.119622410116584,31.37952469157929,18.9315825491952,134.41405854918665,740.7688032153981,15.288,0.0,11.119762264503311,0.1036766821545682,1.6108211039250286e-05,-0.1999426794819393,0.0370197855649808,0.0182427103196884,0.0728351245655642,14.282957733057176,35.17376549694512,6.084858790430302
6.46,31.221661331243023,131.01189909097567,242.22060732295503,0.0458159525213887,-0.0401877994518588,-5.6573544392956165,1.5523243280772547,1.5565202198949513,0.0,35.128788201895205,28.11571234332605,31.26431333512369,18.92117821745084,134.3940263999897,738.4302993600562,15.288,0.0,11.12116862064788,0.1035140332960997,1.613009765402459e-05,-0.1998581101879052,0.0369107305596753,0.0182060283305858,0.0609439118090524,14.3299777234785,35.12247551763672,6.0694419237933355
6.47,31.221660364574,131.0119018197042,242.40226050374213,0.0602144743686164,-0.0147506385690253,-5.634678409939185,1.553399786463136,1.5771017628306263,0.0,35.073731712421505,28.111802989864568,31.1491564433124,18.91081201088197,134.37400137227257,736.1045588815657,15.288,0.0,11.12256725435771,0.1033520111865739,1.6151846659134374e-05,-0.1997952219975244,0.0368406630550933,0.0181714560429284,0.0619948722194595,14.377090591867647,35.07141468755889,6.053916224258638
6.48,31.22165939813356,131.01190454811183,242.58291073148607,0.0749896029566008,0.0107451090378901,-5.61232714344525,1.5532408697406674,1.5968379780878483,0.0,35.01888539603429,28.10789414295879,31.034034935607448,18.90049408892168,134.35400313165383,733.7914062570726,15.288,0.0,11.123945434740667,0.1031906065560953,1.617348973165186e-05,-0.1997544430037085,0.0368094389022465,0.0181390211870448,0.0757555136845925,14.424255846824469,35.02057323380517,6.038266696060116
6.49,31.22165843192504,131.01190727620016,242.76255854395265,0.0901261660249864,0.0362891887528967,-5.590294499580815,1.551864363763948,1.6157251054860715,0.0,34.964252305362535,28.10398560277521,30.91892954868397,18.890234371772184,134.33405106549867,731.490926470214,15.288,0.0,11.125310995926323,0.1030298284098204,1.6195058414847354e-05,-0.1997361793100528,0.0368168604659999,0.0181087525409995,0.0971577579861311,14.471462423703882,34.96995259742096,6.022478162024497
6.5,31.221657465951743,131.01191000397085,242.9412044808855,0.1056093760959565,0.0618671466233353,-5.568574250128775,1.5492878626467057,1.6337602198644772,0.0,34.909834649837336,28.10007719188677,30.80382085494485,18.88004253773556,134.3141642743024,729.203168643408,15.288,0.0,11.126668945341718,0.1028696832682713,1.621658407968893e-05,-0.1997408083322365,0.0368627257924108,0.0180806756917287,0.1223964044256652,14.518695338931,34.919552716615414,6.006536815549645
6.51,31.221656500216955,131.01191273142544,243.11884908897795,0.1214253360862241,0.0874569908755867,-5.547159808331429,1.545531202053389,1.6509410112543472,0.0,34.85563312904611,28.09616874623837,30.68868927975512,18.869928024155858,134.29436157008377,726.928118516533,15.288,0.0,11.128019287153313,0.1027101732028742,1.623809791295461e-05,-0.1997686823912155,0.0369468036116019,0.0180548130387002,0.1496423270517542,14.565932628872115,34.86937083571344,5.99043027322159
6.52,31.22165553472392,131.0119154585655,243.29549291093832,0.1375599841550128,0.1130369304408282,-5.52604426495581,1.5406149585821027,1.6672659727219612,0.0,34.8016484426587,28.09226011446829,30.57351512025821,18.85990002308649,134.27466146451107,724.6657618270613,15.288,0.0,11.129362025510316,0.1025513002852744,1.625963089062911e-05,-0.1998201290981356,0.0370688317954648,0.0180311846312425,0.1780451412810713,14.61315248757266,34.81940423065337,5.974147260710472
6.53,31.22165456947588,131.01191818539263,243.4711365013948,0.153999107734988,0.1385853916235071,-5.505220406749805,1.5345604162105009,1.6827343856158754,0.0,34.74788129049543,28.08835115770757,30.45827856401897,18.849967477092687,134.25508215719847,722.4160843152122,15.288,0.0,11.13069716458782,0.1023930665875273,1.6281213751071265e-05,-0.1998954514468613,0.037228518096997,0.0180098081967769,0.2071752632579681,14.660333280615308,34.76965021168003,5.957677602088642
6.54,31.221653604476003,131.01192091190822,243.64578040999763,0.1707283574665071,0.1640810342496878,-5.484680734796199,1.5273895328195877,1.6973463044021035,0.0,34.69433237258304,28.084441749367528,30.34295970744052,18.84013907531492,134.23564152442043,720.1790717274715,15.288,0.0,11.132024708595404,0.1022354741822726,1.6302876968784803e-05,-0.1999949279273134,0.0374255409029515,0.0179906991706074,0.2367924791067523,14.707453558673764,34.720106125943815,5.941012205397232
6.55,31.22165263972748,131.01192363811373,243.81942519334592,0.1877332610297307,0.1895027672481819,-5.464417482728438,1.5191249068287669,1.7111025411096203,0.0,34.64100238919292,28.08053177491785,30.227538573944496,18.83042324979229,134.21635710824944,717.9547098200773,15.288,0.0,11.133344661725424,0.1020785251428436,1.6324650728819447e-05,-0.2001188126589918,0.037659549998834,0.0179738707272337,0.2667488473796651,14.754492070719785,34.67076935999277,5.924143044718578
6.56,31.221651675233392,131.01192636401066,243.99207140902456,0.2049992368252447,0.214829763940856,-5.444422634770793,1.5097897439180583,1.724004649416333,0.0,34.587892040915754,28.07662113165537,30.111995131903896,18.82082817204533,134.19724610611843,715.7429843640086,15.288,0.0,11.134657028221964,0.1019222215434846,1.6346564901801236e-05,-0.2002673355440851,0.0379301673451057,0.0179593338131257,0.2969449740879609,14.801427777138224,34.62163734225518,5.907063138993339
6.57,31.22165071099688,131.0119290896004,244.16371961361847,0.2225116075451156,0.2400414766753151,-5.424687943566261,1.4994078239368172,1.7360549083881982,0.0,34.53500202870178,28.07270972846398,29.99630931231856,18.81136174991744,134.17832536081207,713.5438811485916,15.288,0.0,11.135961812337747,0.1017665654594656,1.6368649019604085e-05,-0.2004407024395517,0.0382369878635249,0.0179470971808491,0.327308778282162,14.848239862412832,34.572707545384176,5.889766527842581
6.58,31.221649747020933,131.01193181488424,244.33437036867176,0.2402556135970339,0.2651176509970181,-5.405204947760648,1.4880034679829204,1.7472563059003623,0.0,34.48233305390461,28.06879748556548,29.880461026224182,18.802031624673795,134.15961135088867,711.3573859841641,15.288,0.0,11.137259018308256,0.1016115589672252,1.6390932251675925e-05,-0.2006390953475367,0.0385795802327198,0.017937167424459,0.3577844557429473,14.894907747562586,34.52397748853322,5.872248244627774
6.59,31.221648783308552,131.01193453986355,244.5040242347287,0.2582164263551021,0.2900383394649959,-5.385964989314243,1.475601505659372,1.7576125217648768,0.0,34.429885818352545,28.064884334263816,29.7644301818258,18.79284516835779,134.1411201815358,709.1834847082044,15.288,0.0,11.138548650412076,0.1014572041445558,1.6413443382021792e-05,-0.2008626726235056,0.0389574876919373,0.0179295490161874,0.3883263983734237,14.941411102422496,34.47544473960278,5.854504286981748
6.6,31.22164781986268,131.01193726453968,244.6726817743136,0.27637916128468,0.3147839147440595,-5.366959230506391,1.4622272426062195,1.7671279105771702,0.0,34.377661024373225,28.0609702166818,29.648196701347672,18.78380948140386,134.1228675758611,707.022163186312,15.288,0.0,11.139830712884688,0.1013035030707054,1.6436210786854842e-05,-0.2011115692014773,0.0393702288519376,0.017924244344176,0.4188956734392283,14.987729857429589,34.42710691732623,5.8365315850493245
6.61,31.2216468566862,131.01193998891384,244.84034354497328,0.2947288908533213,0.3393350824981284,-5.348178670614041,1.447906428226858,1.7758074843181924,0.0,34.32565937487536,28.05705508549047,29.531740537591407,18.774931390506087,134.10486886662105,704.8734073189707,15.288,0.0,11.141105210021948,0.1011504578265884,1.6459262412918932e-05,-0.2013858968357099,0.0398172985121786,0.0179212537514027,0.4494578975620842,15.033844215392143,34.37896169338122,5.818327967644325
6.62,31.221645893781965,131.01194271298726,245.00701011219928,0.3132506573166706,0.3636728934333188,-5.32961416223162,1.4326652237624036,1.7836568947151314,0.0,34.27388157336197,28.053138903633624,29.41504169019545,18.766217446742072,134.08713898838775,702.7372030425181,15.288,0.0,11.14237214605932,0.1009980704948466,1.6482625756494966e-05,-0.201685744358231,0.0402981684832241,0.0179205755755062,0.4799819058592562,15.07973466264141,34.33100679429855,5.79989212655743
6.63,31.22164493115273,131.0119454367612,245.17268203551149,0.3319294852663747,0.3877787552063619,-5.3112564272166045,1.416530170594969,1.7906824154027796,0.0,34.22232832401332,28.049221644046195,29.298080221589032,18.75767392395095,134.06969247015647,700.6135363346751,15.288,0.0,11.143631525284034,0.1008463431600844,1.6506327843085552e-05,-0.2020111779515596,0.040812288413587,0.0179222061896286,0.5104388934141074,15.125381980217911,34.283240003419074,5.781223579199151
6.64,31.22164396880125,131.01194816023678,245.33735987342976,0.3507503940327184,0.4116344435206754,-5.293096072235474,1.3995281589362747,1.7968909238871873,0.0,34.17100033170796,28.045303289367794,29.18083627263361,18.74930681736536,134.05254342839413,698.5023932174589,15.288,0.0,11.144883351948812,0.100695277908925,1.6530395207796315e-05,-0.2023622414360131,0.0413590866199922,0.017926140044095,0.5408018466347789,15.170767254466348,34.23565916266063,5.7623226298011385
6.65,31.221643006730144,131.0119508834152,245.50104418844185,0.3696984098663368,0.4352221128705022,-5.275123603893159,1.381686396833978,1.8022898833457688,0.0,34.11989830207225,28.04138383165204,29.063290077947286,18.741121842496007,134.03570556052887,696.4037597603864,15.288,0.0,11.1461276302805,0.1005448768301635,1.655485387640287e-05,-0.2027389565709625,0.0419379709202111,0.0179323697088903,0.5710451584723565,15.215871887456478,34.18826217425769,5.743190329351563
6.66,31.22164204494204,131.0119536062975,245.6637355340836,0.3887585779011901,0.4585243068785713,-5.257329443429848,1.3630323795270392,1.8068873242826264,0.0,34.06902294154747,28.03746327207207,28.94542198090511,18.73312443426808,134.01919213888232,694.3176220847993,15.288,0.0,11.147364364549077,0.1003951420149661,1.6579729347120762e-05,-0.2031413233694112,0.0425483294676329,0.0179408859168934,0.6011443632497586,15.260677607174284,34.141047002454215,5.723828434452483
6.67,31.22164108343945,131.01195632888485,245.82543447084112,0.4079159739505344,0.4815239678480343,-5.239703940969544,1.3435938592437608,1.8106918260490656,0.0,34.01837495739859,28.03354162062209,28.827212448311712,18.72531974640853,134.00301600504278,692.2439663665343,15.288,0.0,11.1485935589555,0.1002460755568839,1.66050465730703e-05,-0.2035693204252791,0.0431895315866943,0.0179516776077723,0.6310759509513857,15.3051664771318,34.09401167501421,5.7042393652905385
6.68,31.22164012222487,131.0119590511782,245.9861415512432,0.4271557160351587,0.5042044461413941,-5.222237389308224,1.32339881534576,1.813712498266332,0.0,33.967955057787144,28.02961889581654,28.708642084740728,18.71771265108317,133.98718956468036,690.1827788397783,15.288,0.0,11.149815217726616,0.1000976795520804,1.663082994544413e-05,-0.2040229052527722,0.0438609286083711,0.0179647319724877,0.6608172358724731,15.349320905948597,34.04715428476871,5.684426162869461
6.69,31.221639161300665,131.01196177317863,246.1458573278109,0.4464629757238999,0.5265495088151372,-5.204913275433742,1.3024754883180616,1.8159590140971849,0.0,33.917763962514115,28.02569513317049,28.58969164653944,18.71030773878112,133.97172478280066,688.1340462352125,15.288,0.0,11.151029345054766,0.0999499561309787,1.6657103277373334e-05,-0.2045020145880924,0.0445618546469685,0.0179800344997144,0.6903462626263175,15.39312365189136,34.00047300171535,5.664386263606729
6.7,31.221638200669183,131.0119644948871,246.304582347096,0.4658251700431178,0.5485294213306304,-5.1877154663249625,1.2808550624189148,1.8174411275806337,0.0,33.86779978662478,28.021770484504938,28.470342055828365,18.70310931817279,133.95663317886385,686.0976497717334,15.288,0.0,11.152227166413592,0.0998028997481741,1.668388978908499e-05,-0.2050065647080571,0.0452916218287796,0.0179975676273036,0.7196325350931302,15.436545106703075,33.953961270443514,5.644118505372911
6.71,31.22163724033265,131.0119672163046,246.46231715663785,0.4852270756618807,0.5701324279111915,-5.170647134712661,1.2585660073232023,1.8181693113848527,0.0,33.818063979520986,28.017845016442305,28.35057441569188,18.69612141164761,133.94192581273148,684.0736062145293,15.288,0.0,11.153410951517968,0.0996565146839978,1.6711212089392177e-05,-0.2055364555853898,0.0460495061768397,0.0180173142663392,0.7486578185366222,15.47957207095407,33.907618693964395,5.623639376005843
6.72,31.221636280293268,131.01196993743207,246.61906230496217,0.5046524535517232,0.5913541015742309,-5.153698458078581,1.2356350534066811,1.8181548890108048,0.0,33.768559311734585,28.013918776166843,28.230370022765573,18.689347755889912,133.92761328098223,682.0619855455757,15.288,0.0,11.154587313542356,0.0995108091119282,1.673909214877156e-05,-0.2060915645170695,0.0468347917784426,0.0180392562006274,0.7774089845080582,15.52219799250973,33.86144734762921,5.602953594528761
6.73,31.2216353205531,131.0119726582704,246.77481833164376,0.5240867950512009,0.6121799737155732,-5.136859636550545,1.2120908594019368,1.8174093441128472,0.0,33.719286494501574,28.00999181897432,28.109710378092213,18.682791807944568,133.9137057247547,680.0627742189507,15.288,0.0,11.155756256540467,0.0993657851370065,1.676755130077458e-05,-0.2066717489744562,0.0476467529021817,0.0180633725497501,0.8058665130514763,15.564407154944512,33.81544567029777,5.582066633527104
6.74,31.22163436111421,131.01197537882044,246.92958576929487,0.5435156982634612,0.6325960284342804,-5.1201208857081175,1.1879621411348549,1.815944577910564,0.0,33.670246240187886,28.006064206856674,27.988577199300305,18.676456746590727,133.9002128277483,678.0759587678507,15.288,0.0,11.156917784566016,0.09922144486756,1.679661023111114e-05,-0.2072768476036668,0.0484846508236188,0.0180896409610583,0.8340114182109651,15.606184236133348,33.769612173137226,5.5609843232180545
6.75,31.221633401978497,131.01197809908308,247.0833651574765,0.5629248779813872,0.6525887081638488,-5.103472446932777,1.163277645106188,1.8137728903806711,0.0,33.621439262292256,28.002136008194057,27.866952432515475,18.67034547368893,133.8871438141009,676.1015258055751,15.288,0.0,11.15807190157904,0.0990777904152238,1.682628896574722e-05,-0.2079066806329435,0.0493477346393839,0.0181180376567621,0.861825235843,15.64751431514796,33.723945440507,5.539712807906713
6.76,31.221632443147875,131.01198081905906,247.23615701984443,0.5823001753047319,0.6721449191805487,-5.086904597262157,1.138066122544649,1.8109069615006352,0.0,33.572866275516205,27.998207297446964,27.74481826391605,18.664460615763183,133.87450744668973,674.1394620309371,15.288,0.0,11.15921861157363,0.09893482389513,1.6856606859698645e-05,-0.2085610502873435,0.0502352420756397,0.0181485374812506,0.8892900156270793,15.688382879117482,33.678444130890966,5.518258502837842
6.77,31.221631484624105,131.01198353874926,247.38796188203352,0.6016275670551625,0.6912520363022657,-5.070407658746226,1.1123563040765168,1.8073598325412743,0.0,33.524527995765546,27.99427815484905,27.62215713093219,18.658804525815142,133.8623120258528,672.1897542291953,15.288,0.0,11.160357918492794,0.0987925474259244,1.6887582586519245e-05,-0.2092397412102083,0.0511464002901807,0.0181811139484276,0.9163883157950876,15.728775829425462,33.63310697763375,5.496628051576237
6.78,31.22163052640889,131.01198625815437,247.5387802666924,0.6208931749132303,0.7098979072552714,-5.0539720073128045,1.086176874931566,1.8031448874379008,0.0,33.47642514017685,27.990348666102168,27.4989517330866,18.653379285367595,133.85056538852652,670.2523892750435,15.288,0.0,11.161489826228436,0.0986509631298398,1.6919234128476635e-05,-0.209942520890838,0.0520804266677137,0.0182157392891359,0.9431032001394424,15.768679487667695,33.58793278964939,5.474828284013204
6.79,31.221629568503904,131.0119889772751,247.68861268553133,0.6400832742920531,0.7280708565948967,-5.037588081145812,1.0595564507215436,1.7982758342529088,0.0,33.428558427144345,27.986418922072268,27.375185042477312,18.648186706734087,133.83927490779422,668.3273541356782,15.288,0.0,11.162614338629876,0.0985100731327686,1.6951578767416545e-05,-0.2106691400978441,0.0530365296076663,0.0182523844985837,0.9694182366443628,15.808080601263176,33.542920452060066,5.452866175106994
6.8,31.221628610910656,131.01199169611223,247.83745964925944,0.6591843029376753,0.7457596892390141,-5.02124638858089,1.0325235537936264,1.7927666867463494,0.0,33.3809285763579,27.98248901848745,27.250840313901097,18.64322833551148,133.82844749284197,666.4146358731501,15.288,0.0,11.163731459554956,0.0983698795643885,1.6984633076305732e-05,-0.2114193333176547,0.0540139093039302,0.0182910193837001,0.995317497339166,15.846966348763168,33.49806892678474,5.430748804454384
6.81,31.22162765363064,131.01199441466636,247.98532166261785,0.6781828693047832,0.7629536933057887,-5.004937515529664,1.0051065902184853,1.7866317460614736,0.0,33.33353630879166,27.97855905563923,27.12590109461812,18.63850545329198,133.81808958931467,664.5142216463507,15.288,0.0,11.16484119276784,0.098230384558115,1.701841291145281e-05,-0.2121928191976156,0.0550117585162438,0.0183316126104138,1.0207855588414312,15.885324344574562,33.453377252969005,5.408483316798855
6.82,31.22162669666524,131.01199713293812,248.13219921940984,0.6970657606212447,0.7796426427816424,-4.988652132436942,0.9773338273354416,1.7798855825538131,0.0,33.28638234674367,27.974629138085746,27.00035123375732,18.63401908059075,133.80820718006893,662.6260987140191,15.288,0.0,11.165943542007144,0.098091590251222,1.7052933405404108e-05,-0.2129893009932163,0.056029263332445,0.0183741317507978,1.0458075036570995,15.9231426435654,33.40884454743895,5.386076883549354
6.83,31.22162574001573,131.0119998509282,248.27809281840103,0.7158199507008101,0.7958167996573102,-4.972381000782345,0.9492333719237585,1.7725430177684367,0.0,33.23946741385423,27.97069937435787,26.874174891363527,18.629769979985124,133.79880578631446,660.7502544366868,15.288,0.0,11.167038510994434,0.0979534987849029,1.7088208960498945e-05,-0.2138084670189075,0.0570656039213321,0.0184185433300192,1.0703689218075536,15.960409745220929,33.36447000504999,5.36353666540601
6.84,31.22162478368338,131.0120025686371,248.42300294443888,0.734432607506967,0.8114669155095088,-4.95611497913684,0.9208331490141825,1.7646191065774557,0.0,33.19279223509864,27.966769876669275,26.74735654708647,18.625758659461287,133.7898904691395,658.8866762787749,15.288,0.0,11.168126103366143,0.0978161123042369,1.7124253243087742e-05,-0.2146499911020306,0.0581199552755989,0.0184648128730885,1.0944559126040014,15.997114597322444,33.32025289892294,5.340869776173743
6.85,31.221623827669305,131.0120052860654,248.5669300773941,0.7528911004106602,0.8265842328795036,-4.939845028783467,0.8921608812864897,1.7561291195012867,0.0,33.14635753681995,27.962840760629245,26.619881008512653,18.621985375964144,133.78146583141233,657.0353518111301,15.288,0.0,11.169206322741656,0.0976794329582929,1.7161079178407466e-05,-0.2155135330393866,0.0591914879443828,0.0185129049513436,1.1180550866683614,16.033246599461503,33.27619258068795,5.318083247830462
6.86,31.22162287197456,131.01200800321362,248.70987468918275,0.7711830072137734,0.8411604860156743,-4.92356221891604,0.8632440691346683,1.747088525213954,0.0,33.10016404671677,27.9589121449598,26.49173341914133,18.61845013914519,133.77353602005277,655.1962687123588,15.288,0.0,11.170279172655189,0.0975434629000907,1.7198698946097045e-05,-0.2163987390559588,0.0602793687551204,0.0185627832286299,1.1411535678226252,16.06879560599258,33.23228848058367,5.2951839969322965
6.87,31.221621916600128,131.0120107200823,248.85183725171404,0.7892961208545884,0.8551879014823826,-4.907257731427521,0.8341099713172044,1.737512973258832,0.0,33.05421249388318,27.954984151216856,26.362899266005623,18.61515271530428,133.7661047286653,653.3694147718094,15.288,0.0,11.171344656658,0.0974082042867237,1.723712397635636e-05,-0.21730524226534,0.0613827615242757,0.018614410507168,1.16373899508275,16.10375192887161,33.1885401075873,5.2721787924110375
6.88,31.221620961546872,131.01201343667188,248.9928182239728,0.8072184559079078,0.8686591979821964,-4.890922865301522,0.8047855863148587,1.7274182769674091,0.0,33.00850360876991,27.951056903515763,26.233364386940547,18.612092631519104,133.75917520052744,651.554777890593,15.288,0.0,11.172402778182128,0.0972736592792295,1.7276364946737556e-05,-0.2182326631314222,0.0625008277565742,0.0186677487730457,1.185799524280347,16.138106339786724,33.14494704934244,5.249074224839124
6.89,31.221620006815623,131.01201615298282,249.13281805698648,0.8249382547472875,0.8815675861706826,-4.874549040619406,0.7752976342612939,1.7168203966151745,0.0,32.96303812321908,27.947130528260647,26.103114977499256,18.60926917995833,133.75275023192413,649.7523460835881,15.288,0.0,11.17345354064256,0.0971398300427105,1.7316431779561132e-05,-0.2191806099309111,0.0636327273324134,0.0187227592412988,1.207323829756085,16.17185007227897,33.10150897215935,5.225876677202459
6.9,31.22161905240712,131.01201886901552,249.27183719979044,0.8424439934778832,0.8939067678374208,-4.858127802199792,0.7456725395602389,1.705735422806801,0.0,32.91781677044843,27.943205153879493,25.972137597519904,18.606681422371743,133.7468321758207,647.9621074813308,15.288,0.0,11.174496947386167,0.097006718746274,1.7357333639944777e-05,-0.2201486792162367,0.0647776191831836,0.0187794024005889,1.2283011056779,16.204974823282072,33.058225620865144,5.2025922972474685
6.91,31.221618098321947,131.01202158477045,249.4098760875004,0.8597243875802988,0.905670934820176,-4.841650822881795,0.715936414130775,1.6941795601111396,0.0,32.8728402850539,27.9392809105632,25.84041917734481,18.60432819475193,133.74142294586557,646.1840503314854,15.288,0.0,11.175533001708724,0.0968743275630454,1.739907893444517e-05,-0.2211364562784694,0.0659346619540881,0.0188376380573999,1.2487210671915832,16.237472754408355,33.015096818630546,5.179226971439731
6.92,31.221617144560703,131.0120243002479,249.54693515721533,0.8767683972830808,0.9168547675497916,-4.825109906469868,0.6861150412965845,1.6821691109534336,0.0,32.82810940301034,27.935357930010312,25.70794702369415,18.60220811216215,133.7365240207139,644.418163000697,15.288,0.0,11.176561706871937,0.0967426586701697,1.7441675310295515e-05,-0.2221435156098167,0.0671030146543502,0.0188974253797592,1.2685739513027725,16.269336492883777,32.97212246673697,5.15578630058044
6.93,31.221616191123847,131.01202701544824,249.6830148311192,0.8935652326869697,0.9274534331099302,-4.808496990353785,0.6562338603448474,1.66972045976976,0.0,32.783624861645386,27.931436345176657,25.574708825196904,18.60031957372328,133.73213644866345,642.6644339754625,15.288,0.0,11.177583066043816,0.0966117142487312,1.7485129655236416e-05,-0.2231694213653359,0.0682818372944283,0.0189587229404324,1.2878505174069657,16.30055913202246,32.92930254424054,5.132275577117644
6.94,31.22161523801176,131.0120297303718,249.81811552244807,0.9101043585878412,0.9374625831380508,-4.791804147819238,0.6263179516977623,1.656850057442007,0.0,32.73938739964852,27.927516290030628,25.44069265758134,18.59866076775405,133.72826085259263,640.9228518643338,15.288,0.0,11.178597082358348,0.096481496483779,1.752944809792754e-05,-0.2242137278234863,0.0694702915100271,0.0190214887595959,1.3065420476374052,16.331134231530775,32.886637107646706,5.108699764178955
6.95,31.221614285224767,131.0120324450189,249.95223764443287,0.9263754990549324,0.9468783512443129,-4.775023590064618,0.5963920227532667,1.6435744060123572,0.0,32.69539775705118,27.923597899314167,25.305886988527856,18.59722967705796,133.7248974351922,639.1934053981547,15.288,0.0,11.179603758889868,0.0963520075642821,1.757463600892646e-05,-0.2252759798451535,0.0706675411727254,0.0190856803469064,1.3246403468307044,16.361055817345992,32.84412629048027,5.085063476356632
6.96,31.221613332763088,131.01203515938977,250.0853815953905,0.9423701109449194,0.9556891391419652,-4.758147648465688,0.5664818749720857,1.629909797729074,0.0,32.651655053322635,27.919681307513777,25.170280682196985,18.59602408432117,133.72204598441226,637.4760201027085,15.288,0.0,11.18059807340944,0.0962232449034107,1.762069800274523e-05,-0.2263557136007942,0.0718727513674088,0.0191512538146051,1.3421329274352272,16.390311028471473,32.801767391324745,5.061371030462466
6.97,31.22161238062688,131.0120378734847,250.21754776568287,0.9580792329594292,0.963887806740428,-4.741168606519017,0.5366127375570072,1.6158725706900103,0.0,32.60815918543346,27.915766642138536,25.03386300428059,18.595041575150727,133.71970587330023,635.7706522364406,15.288,0.0,11.181577428283402,0.0960952082055411,1.766763794080321e-05,-0.2274524598338723,0.0730850721966849,0.019218165545884,1.3590102733471685,16.418891054204952,32.75955918644151,5.037626142366883
6.98,31.22161142881617,131.0120405873039,250.34873654367897,0.9734911428605147,0.9714845484023024,-4.724079045473114,0.506806066014124,1.601479629636858,0.0,32.56491338610536,27.911854037029048,24.89662362646312,18.59427954204037,133.71787606186345,634.0773882097722,15.288,0.0,11.182549545697336,0.0959679070053535,1.771545891911573e-05,-0.2285657388423716,0.0743036722417386,0.019286373297396,1.37527321361155,16.44680263680206,32.71750651031364,5.013832089387187
6.99,31.221610477330994,131.01204330084752,250.478948301842,0.9885966394354492,0.9784774092389704,-4.706871747139653,0.4770849271483276,1.5867475358652474,0.0,32.52191840073811,27.907943627844148,24.758552628564047,18.59373519426576,133.71655511290055,632.3962172570683,15.288,0.0,11.183514428467792,0.0958413435074415,1.7764163282447077e-05,-0.2296950623320509,0.0755277305706363,0.0193558329412013,1.3909156485135803,16.47404167390352,32.67560980192649,4.989991925274834
7.0,31.22160952617122,131.01204601411584,250.6081834096477,1.0033867996857706,0.9848648984171284,-4.689539637577389,0.447471953236423,1.5716928299740631,0.0,32.47917497595753,27.90403554991583,24.619640501600603,18.5934055642348,133.715741199569,630.7271287400845,15.288,0.0,11.184472079302008,0.0957155199199685,1.7813752630925478e-05,-0.2308399348486124,0.0767564313499618,0.0194265000399134,1.4059319958286354,16.500604523407244,32.633869574335364,4.966108286488986
7.01,31.22160857533669,131.01204872710895,250.73644222166007,1.0178529818163131,0.9906459848158096,-4.672075787673969,0.4179893316786195,1.5563320184291587,0.0,32.4366838596043,27.900129938045435,24.4798781506788,18.59328751351028,133.7154321121733,629.070112149925,15.288,0.0,11.185422500848388,0.0955904384546265,1.7864227824258303e-05,-0.2319998542207562,0.077988964371029,0.0194983298850085,1.420317188998142,16.526488001455043,32.59228641396928,4.942183383764129
7.02,31.22160762482713,131.012051439827,250.8637250924376,1.0319868279771331,0.9958200923618256,-4.654473413541425,0.3886587952791109,1.540681560454518,0.0,32.394445800711864,27.896226926305808,24.33925689757045,18.593377738928734,133.7156252651749,627.4251571076786,15.288,0.0,11.18636569572169,0.095466101326578,1.7915588986438482e-05,-0.2331743119995351,0.0792245255616405,0.0195712775344064,1.4340666749709452,16.551689380073903,32.55086097987364,4.9182189954531665
7.03,31.22160667464225,131.01205415227008,250.99003236162707,1.0457802667665914,1.0003870950232454,-4.636725876742741,0.3595016131499401,1.524757855254646,0.0,32.352461549468984,27.892326647850727,24.19776848297865,18.59367277880813,133.71631770441263,625.7922533650484,15.288,0.0,11.187301666486228,0.0953425107543431,1.7967835510952907e-05,-0.2343627938937185,0.0804623174834693,0.0196452978493503,1.447176411707807,16.57620638445092,32.50959400288416,4.894216462629529
7.04,31.22160572478161,131.0120568644383,251.11536436390017,1.0592255155097412,1.0043473114159625,-4.618826684360986,0.3305385822476741,1.508577229569902,0.0,32.310731857153804,27.88842923472958,24.05540506849668,18.59416901923636,133.71750611452185,624.1713908039579,15.288,0.0,11.188230415563387,0.0952196689596015,1.8020966066456327e-05,-0.2355647802009555,0.0817015498147801,0.0197203455305523,1.4596428653250502,16.60003718980049,32.4684862847119,4.870176685921796
7.05,31.221604775244764,131.01205957633175,251.2397214229921,1.072315082214927,1.0077014995575355,-4.600769488928042,0.3017900194386572,1.4921559255854646,0.0,32.26925747614587,27.884534817709028,23.9121592382636,18.594862700433048,133.71918682654305,622.5625594385892,15.288,0.0,11.18915194538297,0.0950975781672349,1.807497860291904e-05,-0.2367797462344462,0.0829414398187048,0.0197963751536329,1.4714630071699508,16.62318041829675,32.4275386971298,4.846100124052721
7.06,31.221603826031128,131.01206228795047,251.36310385170185,1.0850417673642632,1.010450850974508,-4.582548088224803,0.2732757542291135,1.475510089171678,0.0,32.22803915985531,27.88064352610111,23.76802400032096,18.595749923176687,133.7213558257081,620.9657494153315,15.288,0.0,11.19006625829069,0.094976240605106,1.812987035823112e-05,-0.2380071627449314,0.0841812127968354,0.0198733412038035,1.4826343103986723,16.64563513536132,32.38675218097506,4.8219867940497
7.07,31.22160287714012,131.01206499929452,251.48551195884744,1.0973986654312686,1.0125969847403735,-4.564156424966617,0.2450151220515811,1.45865575847712,0.0,32.18707766268344,27.87675548759793,23.622992787674548,18.596826655289423,133.72400875939272,619.3809510123904,15.288,0.0,11.1909733565566,0.0948556585039584,1.818563786524314e-05,-0.2392464963377585,0.0854201025282458,0.0199511981097661,1.49315474636837,16.667400845819124,32.34612774517256,4.7978362730856565
7.08,31.221601928571005,131.01206771036388,251.6069460433032,1.1093791661617831,1.014141941301158,-4.545588586387564,0.2170269581275404,1.4416088528709254,0.0,32.14637373998161,27.872870828111783,23.4770594590658,18.59808873817136,133.72714094522544,617.8081546410765,15.288,0.0,11.191873242391896,0.0947358340972802,1.8242276959248e-05,-0.2404972098848296,0.0866573516938647,0.0200299002769071,1.503022780774388,16.688477489792653,32.305666465723384,4.773647701907506
7.09,31.221600980323046,131.01207042115854,251.72740638605137,1.1209769556335607,1.0150881760130972,-4.526838803735007,0.1893295919112535,1.424385162234644,0.0,32.105928147995854,27.86898967162317,23.33021829945676,18.59953189337681,133.73074737934107,616.2473508451925,15.288,0.0,11.1927659179237,0.0946167696211506,1.8299782785876204e-05,-0.241758762931229,0.0878922122862486,0.0201094021196724,1.5122373694952027,16.708865438265693,32.26536948463437,4.749419789802591
7.1,31.2216000323954,131.01207313167848,251.8468932740316,1.1321860170636222,1.0154385525971956,-4.507901451687561,0.1619408420726868,1.4070003366105903,0.0,32.065741643832624,27.86511214003463,23.18246402023349,18.60115172922425,133.7348227447683,614.698530302219,15.288,0.0,11.193651385245513,0.0944984673141317,1.835814980940537e-05,-0.243030612096345,0.0891239460047735,0.0201896580932124,1.5207979542548746,16.72856548849657,32.22523800885603,4.725150821051148
7.11,31.22159908478717,131.01207584192363,251.9654069733085,1.1430006314236032,1.015196336213101,-4.488771047707187,0.1348780120618382,1.38946987619949,0.0,32.025814985386674,27.861238353031005,23.03379175913209,18.602943747432384,133.7393614199402,613.1616838222533,15.288,0.0,11.19452964635832,0.0943809294170626,1.841737182146369e-05,-0.2443122114693064,0.0903518246363016,0.0202706227242007,1.528704457948464,16.74757885901559,32.1852733091231,4.700838662806655
7.12,31.221598137497384,131.01207855189395,252.0829477479532,1.153415377807632,1.0143651864811505,-4.4694422513366,0.1081578861921985,1.3718091217168444,0.0,31.986148931293474,27.85736842794625,22.88419707989216,18.60490334977449,133.74435748731716,611.6368023484637,15.288,0.0,11.195400703195892,0.0942641581729171,1.8477441950120603e-05,-0.2456030129985794,0.0915751304213124,0.020352250640903,1.5359572798178955,16.765907184497063,32.145476718811864,4.676480774343447
7.13,31.22159719052501,131.01208126158943,252.1995158491144,1.1634251335842856,1.0129491503081631,-4.4499098634533,0.0817967262570804,1.3540332451045212,0.0,31.946744240876924,27.85350247963699,22.73367597164225,18.60702584474271,133.74980474211128,610.1238769577184,15.288,0.0,11.196264557641518,0.0941481558266409,1.853835266934784e-05,-0.2469024668755554,0.0927931564056374,0.0204344966024688,1.5425572903934437,16.78355251037687,32.105849632762265,4.652074217608058
7.14,31.22159624386897,131.0120839710099,252.3151115189906,1.1730250743532535,1.0109526544430183,-4.430168825487599,0.0558102686866613,1.3361572405951168,0.0,31.907601674074616,27.849640620361686,22.58222484802208,18.609306454215503,133.75569670110147,608.6228988589786,15.288,0.0,11.19712121148602,0.0940329246249478,1.860009580884759e-05,-0.248210021912008,0.094005206777742,0.0205173155273764,1.5485058261809672,16.800517287147876,32.06639350603542,4.627615669003618
7.15,31.221595297528086,131.01208668015522,252.42973498983704,1.1822106736620024,1.008380498020253,-4.410214218618002,0.0302137221879572,1.3181959161360064,0.0,31.868721991391865,27.84578295966717,22.42984054604647,18.611740320119647,133.76202661152917,607.1338593946934,15.288,0.0,11.19797066647817,0.0939184668161675,1.8662662564222988e-05,-0.2495251259112528,0.0952105971917922,0.0206006625211681,1.5538046842230064,16.816804364562337,32.02710985269827,4.60310143234173
7.16,31.22159435150116,131.01208938902536,252.54338649092384,1.19097770253878,1.0052378448368533,-4.390041262949105,0.005021765905497,1.3001638851652833,0.0,31.830105953829907,27.84192960428036,22.27652032471563,18.614322511079568,133.76878746006335,605.6567500397608,15.288,0.0,11.198812924307909,0.0938047846500432,1.8726043507490454e-05,-0.2508472260329068,0.0964086550764837,0.0206844929033307,1.5584561164140114,16.832416985514175,31.98800024454084,4.578527452884461
7.17,31.22159340578688,131.01209209762007,252.6560662336263,1.199322228835276,1.0015302154235,-4.369645316682544,-0.0197514519197116,1.2820755587393102,0.0,31.79175432280241,27.83808065800814,22.12226186337701,18.617048029046703,133.7759719818258,604.1915624007468,15.288,0.0,11.19964798655585,0.0936918803774833,1.879022859791537e-05,-0.2521757691511181,0.0975987199297875,0.020768762233401,1.5624628236089004,16.84735877965377,31.949066309749703,4.553889332403165
7.18,31.221592460383928,131.01209480593928,252.7677744273288,1.2072406163350202,0.9972634791610832,-4.349021875287318,-0.0440923148415139,1.2639451380187865,0.0,31.753667860083564,27.83423622164109,21.96706325984353,18.61991181590105,133.78357266946517,602.7382882161955,15.288,0.0,11.200475854752186,0.0935797562504081,1.8855207193163205e-05,-0.2535102022061742,0.0987801435996472,0.0208534263362987,1.565827949653516,16.861633756959392,31.910309731620423,4.529182345178546
7.19,31.22159151529092,131.01209751398275,252.8785112684904,1.2147295236861435,0.9924438461806426,-4.3281665706776575,-0.0679877386198661,1.2457866071031776,0.0,31.71584732773871,27.830396392865406,21.810923028273464,18.62290876001805,133.79158178227067,601.2969193561795,15.288,0.0,11.201296530385056,0.0934684145215475,1.892096806074725e-05,-0.2548499725493674,0.0999522905508467,0.0209384413268569,1.568555075209686,16.875246301029346,31.871732247218716,4.504401454862997
7.2,31.2215905705064,131.01210022175033,252.9882769466095,1.2217859031649525,0.9870778590433456,-4.307075170404682,-0.091425171159884,1.227613726211473,0.0,31.6782934880322,27.826561266179755,21.65384009681684,18.62603370279332,133.79999135531548,599.8674478215953,15.288,0.0,11.202110014850124,0.0933578574441611,1.8987499389765465e-05,-0.2561945282810402,0.1011145381181099,0.0210237636335716,1.570648211389858,16.888201162095033,31.83333564598444,4.479541332125528
7.21,31.221589626028862,131.0121029292418,253.0970716392532,1.2284069992238031,0.9811723844600472,-4.285743576867008,-0.1143925920312868,1.2094400252148452,0.0,31.641007103364423,27.82273093281904,21.49581380503393,18.629281445118327,133.8087932086199,598.4498657434848,15.288,0.0,11.2029163094926,0.0932480872718642,1.905478880292428e-05,-0.2575433185817317,0.1022662767455514,0.0211093500215516,1.5721117933237003,16.90050344998146,31.79512176837127,4.454596373001726
7.22,31.221588681856765,131.0121056364569,253.20489552000933,1.2345903468890884,0.9747346047640428,-4.264167826546997,-0.1368785115331409,1.1912787975097092,0.0,31.60398893617735,27.81890548068322,21.33684390109041,18.632646753800348,133.81797895632496,597.0441653822456,15.288,0.0,11.203715415565224,0.0931391062583422,1.9122823368809457e-05,-0.2588957940363385,0.1034069102126707,0.0211951576147038,1.5729506735361,16.912158626764253,31.75709250441611,4.4295607178674326
7.23,31.221587737988507,131.01210834339545,253.31174874954087,1.2403337699400243,0.9677720094965476,-4.242344089276916,-0.1588719693720342,1.1731430942391867,0.0,31.567239748900533,27.81508499427252,21.176930538735505,18.636124367919525,133.8275400158676,595.6503391281319,15.288,0.0,11.204507334312312,0.0930309166571889,1.9191589614417165e-05,-0.260251406951235,0.1045358558469815,0.0212811439171637,1.5731701153040374,16.92317249943935,31.71924979236693,4.404428270960492
7.24,31.22158679442241,131.0121110500572,253.41763148155,1.245635379000776,0.9602923864919752,-4.220268667538706,-0.1803625328649926,1.1550457188413072,0.0,31.530760303814635,27.81126955462953,21.016074274067208,18.63970900511712,133.83746761714795,594.2683794979513,15.288,0.0,11.205292066810044,0.092923520721515,1.926107353793036e-05,-0.2616096116642884,0.1056525447234715,0.0213672668338743,1.5727757857233102,16.933551212063584,31.68159561714961,4.379192720363426
7.25,31.221585851156807,131.0121137564419,253.5225438558206,1.2504935693403716,0.9523038135018363,-4.197937995802815,-0.201340294846994,1.136999221952025,0.0,31.4945513630336,27.807459239284835,20.854276062091017,18.64339536780801,133.84775281167995,592.8982791377751,15.288,0.0,11.206069614176624,0.0928169207038783,1.933126062171841e-05,-0.2629698648477203,0.1067564218510093,0.0214534846905349,1.5717737489642185,16.94330123828666,31.644132009038103,4.353847558384829
7.26,31.22158490818993,131.0121164625492,253.6264860131256,1.2549070186378348,0.9438146491216352,-4.175348639906989,-0.2217958710931954,1.1190158966222847,0.0,31.458613688363403,27.803654122210265,20.69153725307689,18.647178149311728,133.8583864817171,591.540030818931,15.288,0.0,11.206839977412557,0.092711118855889,1.940213584554852e-05,-0.2643316258037644,0.1078469463459229,0.0215397562526326,1.5701704591647003,16.952429373180152,31.6068610420918,4.328386102244174
7.27,31.221583965520008,131.0121191683789,253.72945807733845,1.2588746845193683,0.93483352400268,-4.152497296480488,-0.2417203974267192,1.101107773874123,0.0,31.422948041227745,27.79985427377675,20.52785958872027,18.651052039895664,133.869359349345,590.1936274387657,15.288,0.0,11.207603157451087,0.0926061174279714,1.947368370001104e-05,-0.2656943567530887,0.1089235915928673,0.0216260407438465,1.5679727534125705,16.96094272523372,31.569784832704613,4.302801515001118
7.28,31.221583023145207,131.01212187393068,253.8314601653716,1.26239580195486,0.925369331946683,-4.1293807924139205,-0.2611055264577174,1.0832866185807863,0.0,31.38755518258048,27.79605976071788,20.363245198112374,18.655011732725043,133.88066198553193,588.8590620195041,15.288,0.0,11.208359155175012,0.0925019186691128,1.9545888200122497e-05,-0.2670575231159474,0.1099858453932045,0.0217122978636462,1.565187844642539,16.968848708162554,31.53290553812238,4.27708682664965
7.29,31.221582081063648,131.01212457920423,253.9324923871752,1.26547062271078,0.9154277022152056,-4.105996077109339,-0.27994285023027,1.0655638147961504,0.0,31.352435174161617,27.792270645934067,20.1976965935258,18.659051929713147,133.89228481912875,587.5363015219334,15.288,0.0,11.209105882773652,0.092398522767606,1.961873289924124e-05,-0.2684205938391152,0.1110332098275494,0.0217984873227071,1.5618218537138344,16.97615192958612,31.49622410364493,4.251234882717638
7.3,31.22158113927341,131.01212728419924,254.03255484573856,1.268100821909932,0.9050091483615323,-4.08234009197351,-0.2982232755385985,1.047950238520246,0.0,31.31758700580807,27.78848698317105,20.03121666637339,18.66316734630785,133.90421814301692,586.2252730428077,15.288,0.0,11.209838060189856,0.0922959267526761,1.969220090574564e-05,-0.2697830439991469,0.1120651893853056,0.0218845687759266,1.5578791708501234,16.98285256650415,31.45973959918796,4.225238153172185
7.31,31.22158019777257,131.01212998891535,254.1316476351029,1.270283807792101,0.8941358866315081,-4.058409998110897,-0.3159418353635011,1.030457189076556,0.0,31.283013930062708,27.784708825682653,19.86380868326636,18.66735271545173,133.91645211798993,584.9260635296837,15.288,0.0,11.210563149120365,0.092194140216093,1.976627488523057e-05,-0.271144351520924,0.1130813094066447,0.021970505277653,1.5533734060104902,16.988970003286358,31.42345876599424,4.199089541152809
7.32,31.221579256559128,131.01213269335227,254.22977083042096,1.2720198934131266,0.88281778406096,-4.0342031420614894,-0.3330922239473914,1.0130953329462091,0.0,31.248716705154543,27.78093622550452,19.695476280428323,18.671602795448266,133.92897678823408,583.638666492194,15.288,0.0,11.211281150154509,0.0920931653986029,1.9840937080048096e-05,-0.2725039972618036,0.1140811169367732,0.0220562585891457,1.54831321043914,16.99451279996446,31.38738391144241,4.172781754981969
7.33,31.221578315631067,131.01213539750964,254.32692451479184,1.2733096540617437,0.8710649254149881,-4.009716998820887,-0.3496686311773955,0.9958750546304128,0.0,31.21469608837513,27.777169230938608,19.52622345862077,18.67591237584401,133.9417820914418,582.3630755598468,15.288,0.0,11.211992063914812,0.0919930045381464,1.99161693277443e-05,-0.2738614665725376,0.1150641740085332,0.022141791024415,1.542707574956243,16.999489778783005,31.35151737617958,4.146307476140401
7.34,31.22157737498636,131.01213810138705,254.42310875540824,1.274153923925866,0.8588876036945688,-3.984949171606892,-0.3656657373512238,0.97880645437577,0.0,31.180952835905664,27.7734078865468,19.35605457808548,18.68027628270949,133.9548578674653,581.0992844791494,15.288,0.0,11.2126958908578,0.091893659869332,1.9991953075566485e-05,-0.2752162495345767,0.1160300577191894,0.022227065463504,1.53656582261306,17.003910014998286,31.31586153246075,4.1196593799597965
7.35,31.221576434622868,131.01214080498417,254.5183236105152,1.274553792509298,0.8462963112326373,-3.959897391675448,-0.3810787077656173,0.9618993462115628,0.0,31.147487702763566,27.76965223315057,19.18497435333568,18.68468938379181,133.96819386687932,579.8472871138246,15.288,0.0,11.213392631431688,0.0917951336232888,2.006826939509952e-05,-0.2765678411900643,0.1169783602960459,0.022312045365116,1.5298976016068853,17.007782828117413,31.280418782700156,4.092830156059809
7.36,31.221575494538538,131.01214350830062,254.61256913238884,1.274510601001437,0.8333017304753123,-3.934559518184168,-0.3959031869944356,0.945163256264816,0.0,31.1143014426851,27.765902307834303,19.0129878478009,18.68914659353596,133.98177975944824,578.6070774433588,15.288,0.0,11.214082286051498,0.0916974280273158,2.014509899698144e-05,-0.2779157417645324,0.1179086891511133,0.0223966947785444,1.522712878117262,17.011117772784022,31.245191557909045,4.065812528462065
7.37,31.22157455473119,131.012146211336,254.70584536535108,1.274025938566353,0.8199147246349645,-3.908933538101596,-0.4101352928973268,0.928607421353391,0.0,31.08139480798159,27.76215814395441,18.840100468331784,18.69364287797048,133.99560514249083,577.3786495602208,15.288,0.0,11.214764854999444,0.0916005453044618,2.0222422245711707e-05,-0.2792594568823237,0.1188206669250183,0.0224809783549026,1.5150219291494385,17.013924629475415,31.210182316086847,4.038599275338918
7.38,31.221573615198704,131.01214891408992,254.79815234079896,1.2731016384366551,0.8061463287572306,-3.883017566161613,-0.4237716104548892,0.912240787868261,0.0,31.04876854947484,27.758419771151768,18.66631795957004,18.698173259454208,134.00965954913875,576.161997670747,15.288,0.0,11.215440338566031,0.0915044876733258,2.0300219174545143e-05,-0.2805984977747736,0.1197139315203282,0.0225648613577801,1.5068353355957294,17.016213395490325,31.17539354075632,4.011183248369201
7.39,31.221572675938862,131.01215161656202,254.8894900921124,1.2717397739988152,0.7920077403910057,-3.856809844858236,-0.4368091853143951,0.8960720109143834,0.0,31.01642341634908,27.754687215368747,18.49164639818932,18.70273282128114,134.0239324564822,574.9571160913748,15.288,0.0,11.216108736950476,0.0914092573476401,2.037846950042706e-05,-0.281932381481164,0.1205881361245806,0.0226483096731302,1.4981639752284104,17.017994275515193,31.14082773935269,3.9835573916431257
7.4,31.22157173694947,131.01215431875184,254.97985863974685,1.26994265472309,0.777510310542256,-3.8303087444823607,-0.4492455171650205,0.8801094537243656,0.0,30.98436015605541,27.75096049887096,18.316092187012767,18.707316712139885,134.03841329359963,573.7639992492411,15.288,0.0,11.216770050318788,0.0913148565359638,2.045715263899885e-05,-0.2832606310424933,0.1214429492231982,0.0227312898186526,1.489019015880752,17.019277672369725,31.10648744170977,3.955714760101631
7.41,31.22157079822828,131.012157020659,255.0692579942154,1.2677128220371294,0.7626655344956098,-3.803512763192889,-0.4610785528849106,0.8643611873267246,0.0,30.952579514183647,27.74723964027281,18.13966204901265,18.71192015042559,134.05309144946662,572.5826416792733,15.288,0.0,11.217424278770563,0.0912212874413236,2.0536247719640764e-05,-0.2845827756881104,0.1222780546024476,0.0228137689524369,1.479411908684894,17.02007417756733,31.0723751984924,3.9276485374659624
7.42,31.22156985977305,131.01215972228303,255.1576881620504,1.2650530450951696,0.7474850427483499,-3.7764205271229208,-0.4723066795122827,0.8488349904698785,0.0,30.921082234348845,27.743524654566738,17.96236302119767,18.716538428401595,134.0679562807391,571.4130380232916,15.288,0.0,11.218071422355612,0.0911285522608713,2.061573360053628e-05,-0.285898351015241,0.1230931513427347,0.0228957148810581,1.469354381456102,17.02039456190775,31.038493579661058,3.899352053640871
7.43,31.221568921581543,131.01216242362355,255.2451491428235,1.2619663164748127,0.7319805919347528,-3.7490307905162994,-0.4829287170313357,0.8335383497918295,0.0,30.889869058068648,27.739815553157044,17.78420244839387,18.721166916208368,134.08299711940833,570.2551830282345,15.288,0.0,11.218711481065627,0.091036653185524,2.06955888837756e-05,-0.2872068991614551,0.1238879538024363,0.0229770960670409,1.458858432201947,17.020249765996443,31.00484517292562,3.870818801564662
7.44,31.221567983651443,131.0121651246802,255.3316409281505,1.2584558477870087,0.716164055831395,-3.7213424358912777,-0.4929439109970257,0.8184784602321015,0.0,30.85894072464692,27.73611234389653,17.605187976924086,18.725801065718343,134.09820328032313,569.1090715448216,15.288,0.0,11.21934445485081,0.09094559239962,2.077579193045104e-05,-0.2885079689701318,0.1246621915924658,0.0230578816357428,1.447936322796178,17.01965089077289,30.97143258221781,3.842042453489834
7.45,31.22156704598047,131.0121678254524,255.41716350268567,1.2545250652250874,0.7000474163490507,-3.6933544742274655,-0.5023519249942656,0.8036622256762525,0.0,30.828297971045487,27.73241503112764,17.42532754819229,18.730436414234088,134.11356406857712,567.9746985256215,15.288,0.0,11.219970343603256,0.0908553720805428,2.085632087575052e-05,-0.2898011161489772,0.125415609541777,0.0231380413816427,1.4366005727925824,17.018609187965602,30.93825842614951,3.813016876676576
7.46,31.221566108566307,131.01217052593975,255.501716842134,1.2501776050443203,0.6836427545861476,-3.665066045172906,-0.5111528329555902,0.7890962598292858,0.0,30.79794153175671,27.72872361572669,17.244629392177455,18.73506858802915,134.12906878675676,566.8520590232913,15.288,0.0,11.220589147148656,0.0907659943983454,2.093715364405556e-05,-0.2910859034216348,0.1261479676541078,0.0232175457740639,1.4248639534316805,17.017136050543943,30.90532533648127,3.783736148490597
7.47,31.22156517140664,131.01217322614184,255.5853009192148,1.2454173089482583,0.666962242048928,-3.636476417267304,-0.5193471113603604,0.7747868873140666,0.0,30.767872138698017,27.725038095151792,17.063102020843182,18.739693305729645,134.14470674204904,565.741148190087,15.288,0.0,11.221200865304404,0.0906774615154309,2.1018267964004136e-05,-0.2923619006724804,0.1268590410560463,0.0232963659623764,1.4127394818615564,17.015243003259382,30.87263595663881,3.7541945708997844
7.48,31.22156423449914,131.01217592605815,255.66791569769777,1.240248219476643,0.6500181316739873,-3.607584988175781,-0.526935631272414,0.760740144977571,0.0,30.73809052105316,27.72135846349321,16.880754221467956,18.74430638153581,134.1604672532048,564.641961274119,15.288,0.0,11.221805497788283,0.0905897755861009,2.10996413835175e-05,-0.2936286850846299,0.1275486199367854,0.0233744737805584,1.4002404155067658,17.012941692961004,30.84019294014492,3.7243866843543785
7.49,31.221563297841488,131.0121786256883,255.74956113538457,1.2346745752598522,0.6328227492373567,-3.578391284933012,-0.5339196503158454,0.7469617834158468,0.0,30.70859740517927,27.71768471152861,16.69759504990192,18.74890372828278,134.17633965735715,563.5544936197422,15.288,0.0,11.222403044318083,0.0905029387562664,2.1181251284806784e-05,-0.2948858412712437,0.1282165094797219,0.0234518417513436,1.3873802467352856,17.010243879197212,30.80799894917768,3.6943072810693094
7.5,31.221562361431324,131.01218132503186,255.83023718510225,1.2287008062920497,0.6153884845343862,-3.548894964187898,-0.5403008045000938,0.7334572686919905,0.0,30.67939351445068,27.71401682677866,16.513633823755093,18.75348136033981,134.19231331669158,562.4787406641955,15.288,0.0,11.222993504536888,0.0904169531629981,2.1263074899303112e-05,-0.2961329614002127,0.1288625297860391,0.0235284430897408,1.374172697690066,17.007161424570192,30.7760566530292,3.6639514176881205
7.51,31.221561425266312,131.01218402408824,255.9099437917248,1.2223315291207228,0.5977277827823875,-3.519095812450077,-0.5460810999795395,0.7202317842541884,0.0,30.650479569135666,27.71035479356883,16.32888011552277,18.75803539634767,134.20837762496723,561.4146979366593,15.288,0.0,11.223576878029682,0.0903318209341536,2.1345089322541232e-05,-0.297369645312261,0.1294865157906612,0.0236042517061155,1.3606317154065566,17.003706285237243,30.744368726632047,3.6333144273525937
7.52,31.221560489344103,131.01218672285705,255.98868089216765,1.2155715419635262,0.5798531362145068,-3.4889937463304443,-0.5512629047463334,0.707290233047197,0.0,30.621856286292903,27.70669859309122,16.143343745652906,18.76256206179407,134.2245220138877,560.3623610570602,15.288,0.0,11.224153164406342,0.090247544188079,2.14272715289644e-05,-0.2985955006325795,0.1300883171706244,0.02367924220875,1.3467714672160578,16.999890501538438,30.712937849135248,3.6023919311821517
7.53,31.221559553662345,131.01218942133784,256.06644842334333,1.2084258198918307,0.5617770753095184,-3.458588812771868,-0.5558489401852085,0.6946372397910529,0.0,30.59352437957977,27.70304820347067,15.957034775561295,18.767057691426988,134.2407359593199,559.3217257322757,15.288,0.0,11.224722363127349,0.0901641250330409,2.1509598386658488e-05,-0.2998101428760326,0.130667798246228,0.0237533899058745,1.332606336326096,16.995726188263273,30.681766702334667,3.571179849159136
7.54,31.22155861821869,131.0121921195301,256.1432463122212,1.2008995098224344,0.5435121607576846,-3.427881189267811,-0.5598422726642932,0.6822771534571928,0.0,30.565484559190143,27.69940359983288,15.769963500599012,18.771518731506458,134.25700898735985,558.2927877567976,15.288,0.0,11.225284473711271,0.090081565567045,2.1592046671991544e-05,-0.3010131955460482,0.1312248378750556,0.0238266708073115,1.3181509178259243,16.99122552552559,30.65085796934836,3.5396744104688036
7.55,31.2215576830108,131.0121948174334,256.2190744778131,1.192997925622212,0.5250709749016451,-3.396871184061597,-0.5632463049804438,0.670214049893081,0.0,30.537737531669045,27.695764754374675,15.58214044297794,18.775941741894936,134.273330680246,557.2755430092021,15.288,0.0,11.2258394955854,0.0899998678772859,2.167459308415056e-05,-0.3022042902272487,0.1317593293391802,0.0238990616255765,1.3034200148598007,16.98640074914305,30.62021433308607,3.507872163271667
7.56,31.22155674803632,131.01219751504723,256.2939328411152,1.1847265431067096,0.5064661135927243,-3.365559236324217,-0.5660647678106209,0.6584517346200522,0.0,30.51028399979216,27.69213163643726,15.39357634465886,18.780323397986947,134.2896906821181,556.2699874504027,15.288,0.0,11.226387428127191,0.0899190340398,2.175721425958225e-05,-0.3033830666719178,0.1322711802257231,0.0239705397765532,1.2884286351716312,16.98126414134849,30.58983847484869,3.475769983958647
7.57,31.221555813292888,131.01220021237114,256.36782131119304,1.1760909950136995,0.4877101781397973,-3.33394591630638,-0.568301711128202,0.6469937457859973,0.0,30.4831246624449,27.68850421258165,15.204282160207356,18.7846604924793,134.30607870462205,555.2761171231183,15.288,0.0,11.226928270705828,0.0898390661190939,2.183988678631488e-05,-0.3045491728803898,0.1327603123009718,0.0240410833797829,1.273191987957777,16.975828021553376,30.559733072941604,3.4433650859026588
7.58,31.221554878778218,131.01220290940466,256.440739792137,1.1670970659936803,0.4688157671982501,-3.302031925457927,-0.5699614955690137,0.635843357262097,0.0,30.456260214468543,27.68488244666545,15.014269049622472,18.7889499369819,134.3224845323606,554.2939281483752,15.288,0.0,11.227462022632368,0.0897599661677089,2.1922587218147075e-05,-0.3057022651754499,0.1332266613782618,0.0241106712582266,1.257725481005048,16.970104737032713,30.529900801245542,3.410655027725464
7.59,31.221553944489926,131.01220560614732,256.51268818803226,1.1577506875516783,0.4497954688853212,-3.269818096514564,-0.5710487838007812,0.6250035818853708,0.0,30.42969134653208,27.681266299922367,14.82354837114293,18.79318876347125,134.33889802819027,553.3234167246201,15.288,0.0,11.227988683184694,0.0896817362258308,2.2005292088720903e-05,-0.3068420082708231,0.1336701771798907,0.024179282937705,1.242044718174619,16.964106653785553,30.50034432784856,3.377637721121675
7.6,31.221553010425744,131.01220830259862,256.5836663940148,1.148057932987622,0.4306618529408125,-3.2373053935450367,-0.5715685318749716,0.6144771748349381,0.0,30.403418744991978,27.67765573104325,14.63213167403548,18.79737412558773,134.35530913836422,552.3645791254153,15.288,0.0,11.228508251599155,0.0896043783208814,2.208797792544357e-05,-0.3079680753338509,0.1340908231932304,0.0242468986458835,1.2261654971823726,16.95784614741449,30.471066313672846,3.344311438263282
7.61,31.221552076583336,131.01221099875812,256.65367429925294,1.1380250123168878,0.4114274630350863,-3.2044949119553183,-0.5715259805829936,0.6042666371376522,0.0,30.37744309176021,27.674050696259247,14.440030691370431,18.80150329977757,134.37170789752216,551.4174116979344,15.288,0.0,11.229020727087226,0.0895278944671266,2.21706212632656e-05,-0.3090801480424583,0.1344885765211893,0.0243134993108968,1.210103807701597,16.951335594117758,30.442069411132877,3.3106748188226707
7.62,31.22155114296041,131.01221369462533,256.7227117909214,1.1276582671890187,0.392104809157184,-3.1713878784463545,-0.5709266468165749,0.5943742192953501,0.0,30.35176506416517,27.670451149425688,14.247257332788676,18.805573686282315,134.38808443352764,550.4819108607257,15.288,0.0,11.229526108835469,0.0894522866652714,2.2253198658303463e-05,-0.3101779166364868,0.1348634277273338,0.0243790665595676,1.1938758297546077,16.944587361738108,30.41335626279886,3.276726876650638
7.63,31.22155020955468,131.01221639019977,256.7907787551961,1.1169641658130782,0.3727063600690394,-3.1379856509219737,-0.5697763149368688,0.5848019250251615,0.0,30.32638533480557,27.666857042109235,14.053823677265177,18.809582809976103,134.40442897215362,549.5580731019486,15.288,0.0,11.23002439598064,0.0893775569020212,2.2335686701304268e-05,-0.3112610799634942,0.1352153806758192,0.0244435827152854,1.177497932384465,16.937613800857694,30.384929500063464,3.242467006149542
7.64,31.221549276363888,131.01221908548095,256.8578750653286,1.1059492978645027,0.3532445359461009,-3.104289718341979,-0.5680810281759308,0.5755515151118294,0.0,30.301304571415105,27.66326832367356,13.859741965872564,18.813528321054207,134.42073184161725,548.6458949771094,15.288,0.0,11.230515587626304,0.0893037071496921,2.241806203093163e-05,-0.3123293455191247,0.1355444523663111,0.0245070307954989,1.1609866725945248,16.93042723605131,30.356791741848483,3.2078949883879724
7.65,31.22154834338576,131.01222178046848,256.92400059456446,1.094620369396382,0.3337317011161055,-3.070301700519034,-0.5658470800662673,0.5666245113604256,0.0,30.27652343672823,27.65968494137033,13.66502459455029,18.81740799557373,134.43698347696528,547.7453731076761,15.288,0.0,11.23099968285112,0.0892307393658079,2.25003013468854e-05,-0.31338242948214,0.1358506727641253,0.0245693945089039,1.1443587945054985,16.92303995721784,30.328945593327923,3.173010997003325
7.66,31.221547410618065,131.0122244751618,256.989155217138,1.082984197755822,0.3141801569185976,-3.036023347854017,-0.5630810059067863,0.5580222006456858,0.0,30.252042588341897,27.65610684042752,13.469684106882603,18.821219735849247,134.45317442431093,546.8565041790171,15.288,0.0,11.231476680717142,0.0891586554926956,2.258238142283599e-05,-0.3144200567442122,0.1361340846257663,0.0246306582522727,1.127631228702532,16.915464211020247,30.30139364466601,3.137815603941883
7.67,31.22154647805858,131.01222716956053,257.0533387963463,1.0710477065262467,0.2946021346113615,-3.001456541007577,-0.5597895742617564,0.5497456390475908,0.0,30.227862678564616,27.65253396414084,13.273733186890384,18.82496157070548,134.4692953449239,545.9792849380019,15.288,0.0,11.231946580236627,0.0890874574570419,2.266427911915905e-05,-0.3154419609345756,0.1363947433200675,0.0246908071069578,1.11082109170529,16.907712192366358,30.27413846974975,3.1023097850893566
7.68,31.22154554570509,131.01222986366415,257.11655119448574,1.0588179204478043,0.2750097885270924,-2.9666032905057937,-0.5559797785295604,0.541795656074094,0.0,30.20398435429136,27.648966253966066,13.07718465184032,18.828631655589515,134.4853370191749,545.1137121917159,15.288,0.0,11.232409380413534,0.0890171471695217,2.2745971395496217e-05,-0.3164478844396325,0.1366327166451445,0.0247498268351151,1.0939456855110077,16.899796036115344,30.247182624986657,3.0664949258582412
7.69,31.22154461355544,131.01223255747223,257.1787922698746,1.0463019603868076,0.255415189212361,-2.931465736274695,-0.5516588285445821,0.5341728589551366,0.0,30.180408256848853,27.645403649611648,12.880051445075695,18.8322282725451,134.50129035033652,544.259782805049,15.288,0.0,11.23286508020201,0.0889477265243407,2.2827435323085342e-05,-0.3174375784176389,0.1368480846412507,0.0248077038756048,1.0770224971186118,16.891727808777397,30.22052864807003,3.030372826783534
7.7,31.22154368160744,131.01223525098433,257.2400618808241,1.0335070382734393,0.2358303168774942,-2.8960461471041032,-0.5468341422709718,0.5268776370136821,0.0,30.15713502187941,27.641846089132702,12.682346628872963,18.83574983005133,134.51714636824207,543.4174936992525,15.288,0.0,11.233313678572811,0.0888791973988998,2.2908648096910287e-05,-0.3184108028085326,0.1370409393998696,0.0248644253396158,1.0600691979327417,16.8835195004972,30.19417905683157,2.9939457092096493
7.71,31.22154274985895,131.01223794419997,257.3003598737146,1.020440452125096,0.2162670547166274,-2.8603469200355494,-0.5415133375255052,0.5199101660911212,0.0,30.134165279172134,27.638293509025303,12.484083377327323,18.8391948627291,134.53289623280386,542.586841849614,15.288,0.0,11.233755174430287,0.0888115616532843,2.29895870476242e-05,-0.3193673263390339,0.1372113848691231,0.0249199790060195,1.0431036429402991,16.875183016939374,30.168136348021022,2.957216221124144
7.72,31.221541818307887,131.01224063711868,257.3596861018771,1.0071095810271282,0.1967371826018901,-2.8243705796730767,-0.5357042238095012,0.5132704130398039,0.0,30.111499652543014,27.63474584432074,12.28527496927152,18.842562030917364,134.5485312373935,541.7678242831604,15.288,0.0,11.234189566670494,0.0887448211299318,2.307022965325808e-05,-0.3203069265231175,0.1373595366556763,0.0249743533164183,1.0261438695053164,16.8667301715201,30.14240299619343,2.9201874432358315
7.73,31.221540886952138,131.0122433297401,257.41804040869954,0.9935218801675229,0.1772523707917365,-2.788119777416562,-0.5294147942041684,0.5069581402624789,0.0,30.089138759693327,27.631203028681607,12.085934781231469,18.84585012012249,134.56404281208583,540.9604380778982,15.288,0.0,11.234616854172872,0.0886789776531893,2.315055355070288e-05,-0.3212293896579406,0.1374855218234053,0.0250275373700297,1.009208095617261,16.858172677672197,30.116981452576965,2.8828628953736266
7.74,31.221539955789616,131.01224602206372,257.47542264054505,0.979684875892978,0.1578241737882234,-2.751597290611548,-0.5226532173496755,0.5009729102985441,0.0,30.06708321207008,27.62766499449706,11.88607628042191,18.84905804034369,134.57942252676855,540.1646803599189,15.288,0.0,11.235037035800277,0.0886140330289213,2.323053654696276e-05,-0.322134510815365,0.1375894786888483,0.0250795209182279,0.9923147174007888,16.84952214126569,30.09187414396623,2.845246543299855
7.75,31.22153902481829,131.0122487140891,257.5318326388031,0.9656061608091452,0.1384640242688907,-2.7148060216180694,-0.5154278295071695,0.4953140904482306,0.0,30.045333614716096,27.62413167297908,11.685713017785764,18.852184825277213,134.5946620941195,539.3805483013779,15.288,0.0,11.235450110365752,0.0885499890440607,2.3310156630182923e-05,-0.3230220938291276,0.1376715566138087,0.0251302943588997,0.9754823056549168,16.84079005312131,30.06708347161693,2.807342806042888
7.76,31.22153809403617,131.01225140581593,257.5872702349182,0.9512933888536402,0.1191832273707479,-2.6777489967952417,-0.5077471267431511,0.4899808574385509,0.0,30.023890566163185,27.620602994258487,11.48485862108064,18.85522963140289,134.60975337245463,538.6080391198865,15.288,0.0,11.235856076723849,0.0884868474662913,2.3389391980440703e-05,-0.3238919512778152,0.1377319157950764,0.0251798487306093,0.9587296011348744,16.831987781863674,30.04261181023905,2.769156563867429
7.77,31.221537163441248,131.01225409724367,257.6417352702681,0.9367542704936076,0.0999929547651646,-2.640429365398844,-0.4996197571627086,0.4849722021057625,0.0,30.002754658256503,27.617078887480847,11.283526788015376,18.858191736955416,134.62468836844752,537.8471500749549,15.288,0.0,11.23625493366271,0.0884246100435349,2.346822098028144e-05,-0.3247439044637002,0.1377707270516043,0.0252281757064709,0.9420755083249612,16.823126566624882,30.01846150688837,2.7306931669858443
7.78,31.221536233031568,131.01225678837196,257.6952275792671,0.9219965678814316,0.0809042391574366,-2.6028503983936937,-0.4910545132853359,0.4802869341108971,0.0,29.98192647603772,27.613559280903047,11.081731279439987,18.861070540784297,134.63945923972415,537.09787846689,15.288,0.0,11.23664667996218,0.0883632785036059,2.3546622225019475e-05,-0.325577783387574,0.1377881716091857,0.0252752675878838,0.9255390872924948,16.81421751015712,29.994634879983625,2.691958445168453
7.79,31.22153530280521,131.0122594792003,257.7477469903632,0.907028090078527,0.061927968810047,-2.56501548717772,-0.4820603245089388,0.4759236866686452,0.0,29.961406597605045,27.61004410198925,10.879485912591967,18.863865561105136,134.65405829733427,536.3602216351438,15.288,0.0,11.237031314385508,0.0883028545537917,2.362457453279311e-05,-0.3263934267196683,0.137784440882824,0.0253211172980704,0.9091395432711986,16.80527157200596,29.971134218304297,2.6529587183858507
7.8,31.22153437276027,131.01226216972847,257.7992933349768,0.8918566883045627,0.043074882249277,-2.526928142217681,-0.4726462496894604,0.4718809212907119,0.0,29.941195593982663,27.60653327750608,10.676804554401931,18.86657643414581,134.66847800810203,535.6341769559224,15.288,0.0,11.23740883569593,0.0882433398804809,2.370205695436305e-05,-0.3271906817667644,0.1377597362569784,0.0253657183753881,0.8928962135074656,16.79629956188693,29.94796178002672,2.6137008086533897
7.81,31.221533442894906,131.01226485995593,257.8498664385622,0.8764904075875682,0.0243549876192974,-2.488591988299245,-0.4628213864367191,0.4681569108748357,0.0,29.921293913090366,27.60302673361916,10.473701114861209,18.86920291269065,134.68271099685873,534.9197376971288,15.288,0.0,11.237778910374905,0.0881847358071837,2.377904878265928e-05,-0.3279694044355893,0.1377142688638412,0.0254090648681105,0.8768286912185648,16.787311627607988,29.92511958548431,2.5741920311372004
7.82,31.221532513207247,131.01226754988227,257.8994661315353,0.8609390449222413,0.0057718470322975,-2.450010678399755,-0.4525939184452831,0.4647494965330676,0.0,29.90170072642105,27.59952439367671,10.270189540513238,18.871744864380435,134.696750047747,534.2168518245212,15.288,0.0,11.238137568634276,0.0881270398954384,2.3855529564077432e-05,-0.3287294604044812,0.1376482547347351,0.0254511504385487,0.8609583908546448,16.77831223162212,29.902607366031237,2.5344399132380753
7.83,31.221531583695526,131.01227023950725,257.9480922373507,0.8452084897859584,-0.012656663433179,-2.4111880687679297,-0.441974249397445,0.4616569101682556,0.0,29.88241811401216,27.596026181241346,10.06628380814476,18.87420226959596,134.7105881035187,533.5255715901693,15.288,0.0,11.238489200749434,0.0880702582788534,2.3931479102353583e-05,-0.3294707237478774,0.1375619197289785,0.0254919718106847,0.8453032418696655,16.76931838872674,29.880430009985297,2.4944530949298995
7.84,31.221530654357974,131.01227292883038,257.99574458044987,0.8293067136402844,-0.0309204499340097,-2.3721281331259982,-0.4309718914122609,0.4588769749610719,0.0,29.86344661732643,27.59253202134383,9.861997918153804,18.87657522022893,134.72421827011047,532.845894499304,15.288,0.0,11.238833805442034,0.0880143925564612,2.4006877467309465e-05,-0.3301930758830954,0.1374555031064354,0.0255315249110789,0.8298829030322644,16.760340250778345,29.85858964464427,2.454240560602143
7.85,31.22152972519284,131.01227561785134,258.0424229822873,0.8132417070523033,-0.0490095929825163,-2.3328349561676145,-0.4195964506964001,0.4564073661426742,0.0,29.84478677008231,27.58904183878676,9.657345888119936,18.87886391803084,134.73763381940836,532.1778180852124,15.288,0.0,11.239171381433732,0.0879594443044088,2.408170500664352e-05,-0.3308964066442149,0.137329252974283,0.0255698062456217,0.81471703860373,16.75138778904318,29.837088362157637,2.413811881241756
7.86,31.22152879619844,131.01227830656978,258.08812726530505,0.7970214752271368,-0.0669143519378781,-2.2933127316591224,-0.4078576208267892,0.4542456157048815,0.0,29.82643909812509,27.58555555824328,9.452341746521196,18.88106867269567,134.75082819092546,531.5213399072755,15.288,0.0,11.239501927454375,0.0879054150755821,2.415594235415432e-05,-0.3315806142284818,0.137183426057357,0.0256068128919665,0.799825276954114,16.742470788584694,29.81592821869106,2.3731772381015754
7.87,31.221527867373126,131.0122809949853,258.1328572509456,0.7806540336128795,-0.0846251694204091,-2.253565760450313,-0.3957651761492133,0.4523891170855199,0.0,29.808404119278908,27.582073104348343,9.246999526528151,18.883189899860543,134.7637949933764,530.8764575482389,15.288,0.0,11.239825442192844,0.0878523063991755,2.422957043770378e-05,-0.3322456051396247,0.1370182874673048,0.025642542491823,0.7852271622539079,16.733598842782232,29.795111233583967,2.332347449370233
7.88,31.221526938715247,131.01228368309765,258.1766127606458,0.7641474034984088,-0.102132675383068,-2.213598448401075,-0.383328965335077,0.4508351298358748,0.0,29.79068234324121,27.578594401789896,9.041333259876623,18.885228119027847,134.77652800614985,530.2431686140903,15.288,0.0,11.240141924362591,0.0878001197803641,2.4302570486901804e-05,-0.3328912941281571,0.1368341104707689,0.0256769932432299,0.7709420984606764,16.72478134821266,29.77463938860352,2.2913340002545763
7.89,31.22152601022324,131.01228637090642,258.21939360788497,0.7475096077242283,-0.1194276912377874,-2.1734153042186004,-0.3705589050385034,0.4495807842503137,0.0,29.773274271437053,27.57511937539868,8.835356970821639,18.887183951412204,134.7890211806817,529.6214707309496,15.288,0.0,11.240451372652505,0.0877488566998885,2.4374924040521167e-05,-0.3335176041287834,0.136631176256659,0.0257101638926147,0.7569892851453225,16.716027499548357,29.75451462715,2.250149076901816
7.9,31.22152508189553,131.0122890584113,258.2611996170697,0.7307486664032106,-0.1365012336940967,-2.133020937212097,-0.3574649737057568,0.4486230859679723,0.0,29.756180396904245,27.57164795023676,8.62908467017399,18.88905811771537,134.80126864173178,529.0113615439182,15.288,0.0,11.240753785759644,0.0876985186137119,2.444661295363857e-05,-0.3341244661949875,0.1364097737026908,0.0257420537268277,0.743387644474029,16.707346284774243,29.734738853538317,2.2088056046821
7.91,31.22152415373064,131.012291745612,258.3020306076291,0.7138725927226252,-0.1533445185254647,-2.0924200549623766,-0.3440572055061821,0.4479589205335018,0.0,29.739401204164167,27.568180051685008,8.422530349421766,18.89085143583272,134.81326468856585,528.4128387151517,15.288,0.0,11.241049162381096,0.0876491069526407,2.451761940450127e-05,-0.3347118194309078,0.136170199141291,0.0257726625650637,0.7301557390110568,16.698746480536695,29.71531393227674,2.1673172913892924
7.92,31.221523225727086,131.01229443250824,258.34188639700034,0.6968893887862703,-0.1699489641483859,-2.0516174609107565,-0.3303456844025526,0.4475850579181843,0.0,29.72293716910445,27.56471560553016,8.215707974938034,18.89256481849444,134.8250037960452,527.8258999226712,15.288,0.0,11.241337501230303,0.0876006231219726,2.4587925901115747e-05,-0.3352796109205888,0.135912756124997,0.0258019907507296,0.7173116800344717,16.690236647725843,29.696241687386983,2.1256986760095877
7.93,31.22152229788342,131.01229711909974,258.3807668016203,0.6798070415673497,-0.1863061952269911,-2.0106180518644177,-0.3163405383287815,0.4474981569890347,0.0,29.706788758826725,27.561254538049656,8.008631482276618,18.8941992708448,134.83648061562653,527.2505428570929,15.288,0.0,11.24161880095518,0.0875530685010579,2.465751528756769e-05,-0.3358277956547217,0.1356377551913971,0.0258300391431709,0.7048730264090042,16.681825127107338,29.677523901685493,2.0839651837739015
7.94,31.221521370198257,131.0122998053861,258.418671644876,0.6626335188092247,-0.2024080457488385,-1.9694268154268448,-0.3020519335570066,0.4476947699448418,0.0,29.690956431573667,27.5577967760948,7.801314770557366,18.89575588796287,134.84768997627415,526.6867652221896,15.288,0.0,11.241893060277384,0.0875064444430742,2.472637075005936e-05,-0.3363563364549421,0.1353455136278153,0.0258568091094505,0.6928566739576029,16.6735200354922,29.659162316227267,2.0421331883410088
7.95,31.22152044267025,131.01230249136722,258.4556007421971,0.6453767651123204,-0.2182465623990537,-1.928048827348624,-0.2874900691365615,0.4481713466831655,0.0,29.67544063656985,27.554342247174247,7.593771696942548,18.897235852327697,134.8586268852862,526.1345647314222,15.288,0.0,11.242160277877591,0.0874607522745649,2.479447582267038e-05,-0.336865203895772,0.1350363552358548,0.0258823025159475,0.6812787362627581,16.66532926171694,29.641158629616697,2.0002200820110647
7.96,31.22151951529808,131.0123051770427,258.4915539139772,0.6280446979853364,-0.2338140074474367,-1.8864892488050435,-0.2726651715132196,0.4489242391258131,0.0,29.6602418139316,27.550890879534368,7.386016071205223,18.89864043123159,134.8692865290379,525.5939391076984,15.288,0.0,11.242420452477464,0.0874159932951653,2.486181439284437e-05,-0.3373543762243308,0.1347106100957856,0.0259065217200046,0.6701544174079666,16.6572604631279,29.623514497464075,1.958244355050728
7.97,31.22151858808049,131.01230786241237,258.52653098259094,0.6106452040452992,-0.2491028617906073,-1.8447533235987847,-0.2575874892402433,0.4499497054749366,0.0,29.64536039451793,27.54744260223804,7.178061650391466,18.899970974144257,134.8796642736433,525.0648860799752,15.288,0.0,11.242673582749484,0.0873721687771759,2.492837070661106e-05,-0.3378238392778729,0.1343686143309864,0.0259294695614268,0.6594978783062964,16.649321062005786,29.606231531758937,1.9162256852987951
7.98,31.22151766101624,131.012310547476,258.5605317664304,0.5931861351842693,-0.2641058275246688,-1.802846375296264,-0.242267287870083,0.4512439144218386,0.0,29.63079679985061,27.543997345243,6.969922133577051,18.901228910031207,134.88975566553748,524.5474033834722,15.288,0.0,11.242919667415308,0.0873292799653146,2.4994129373510563e-05,-0.3382735863992323,0.1340107098725625,0.0259511493540589,0.6493220979999308,16.64151824247867,29.58931130038638,1.874185039422081
7.99,31.221516734104124,131.0123132322333,258.5935560838828,0.5756753048892445,-0.2788158306728175,-1.7607738042919756,-0.2267148449327885,0.4528029492798473,0.0,29.61655144197433,27.54055503947765,6.761611156720106,18.90241574462976,134.89955643198186,524.0414887571563,15.288,0.0,11.243158705172007,0.0872873280763051,2.5059075371262137e-05,-0.3387036183503124,0.1336372442240585,0.0259715648772515,0.6396387325336416,16.633858947377817,29.572755326559307,1.8321447873108345
8.0,31.22151580734301,131.01231591668417,258.6256037652526,0.5581204845572992,-0.2932260235421655,-1.7185410848105382,-0.2109404450815538,0.4546228120620334,0.0,29.60262472336501,27.53711561691505,6.553142287610421,18.90353305768529,134.909062481494,523.5471399423124,15.288,0.0,11.243390694749433,0.0872463142986171,2.5123194050160844e-05,-0.3391139432236305,0.1332485702266054,0.0259907203673108,0.6304579737063274,16.626349875496885,29.556565088357093,1.7901288313415256
8.01,31.2215148807318,131.0123186008283,258.65667462792044,0.5405293999298147,-0.3073297871112375,-1.676153761844528,-0.1949543753426895,0.4566994274829857,0.0,29.589017036805647,27.53367901064604,6.344529020916457,18.90458250015133,134.91826990420375,523.0643546809027,15.288,0.0,11.243615634869238,0.0872062397920929,2.518647113717589e-05,-0.3395045763520581,0.1328450458244086,0.0260086205089471,0.6217884110582851,16.618997478902923,29.540742018227128,1.748162752398674
8.02,31.22151395426941,131.01232128466555,258.68676849820366,0.5229097275515299,-0.3211207331452164,-1.6336174480334689,-0.1787669205131722,0.4590286468963675,0.0,29.575728765289327,27.530245154949228,6.135784773330913,18.905565791355983,134.92717497213786,522.593130714558,15.288,0.0,11.243833524277663,0.0871671056876586,2.524889273981488e-05,-0.3398755402168189,0.1324270338307144,0.0260252704267172,0.6136369002814772,16.611807960566466,29.52528750255637,1.7062739747943927
8.03,31.22151302795484,131.01232396819577,258.7158852024128,0.505269091341631,-0.3345927063148395,-1.5909378204848028,-0.1623883586671134,0.4616062521543712,0.0,29.56276028189567,27.526813985359983,5.926922878815517,18.906484716138127,134.93577413943507,522.1334657822408,15.288,0.0,11.244044361696364,0.0871289130869644,2.5310445349687056e-05,-0.3402268643538114,0.1319949016943956,0.026040675676414,0.6060084419090828,16.60478727206622,29.51020288121581,1.664491952430993
8.04,31.22151210178709,131.01232665141876,258.74402456784674,0.4876150591708961,-0.347739785974292,-1.5481206175416256,-0.1458289568150593,0.4644279594012781,0.0,29.550111949709454,27.52338543873721,5.717956583945821,18.90734112195624,134.9440640424923,521.6853576195225,15.288,0.0,11.244248145887964,0.0870916630621459,2.5371115845824265e-05,-0.3405585852583695,0.1315490212671092,0.0260548422364979,0.5989060738040873,16.59794111167414,29.49548944720084,1.622848378800949
8.05,31.221511175765244,131.0123293343344,258.7711864208032,0.4699551395675954,-0.3605562879991804,-1.5051716354986988,-0.1290989666616781,0.4674894227834053,0.0,29.537784121700422,27.51995945332761,5.508899043356393,18.908136915972488,134.95204150004494,521.2488039567414,15.288,0.0,11.244444875606902,0.0870553566554649,2.5430891497708445e-05,-0.3408707462884976,0.1310897685712506,0.0260677764995054,0.592330781438064,16.59127492246546,29.48114844622332,1.5813774236143952
8.06,31.22151024988839,131.0123320169425,258.79737059254325,0.4522967784519537,-0.3730367663579373,-1.462096725271258,-0.112208620504438,0.4707862380871918,0.0,29.52577714063196,27.516535968828865,5.2997633152872,18.908874062115583,134.959703513182,520.8238025177164,15.288,0.0,11.244634549623996,0.0870199948790436,2.5489759968064417e-05,-0.3411633975666784,0.1306175235686981,0.026079485263468,0.5862814292308222,16.5847938907419,29.4671810763746,1.5401159990522582
8.07,31.221509324155686,131.01233469924304,258.8225769173012,0.4346473559485421,-0.3851760145727523,-1.4189017890183149,-0.0951681272488315,0.4743139462975067,0.0,29.51409133896523,27.51311492644981,5.09056235723157,18.90955457812414,134.9670472652979,520.4103510182673,15.288,0.0,11.244817166734652,0.0869855787145851,2.554770931536148e-05,-0.3414365958803287,0.1301326699304037,0.0260899757233348,0.5807547161013055,16.578502944630753,29.453588487801287,1.499104058755008
8.08,31.221508398566336,131.01233738123582,258.84680522731844,0.4170141832815719,-0.3969690670866192,-1.3755927767250853,-0.0779876685383324,0.4780680370745798,0.0,29.502727038756923,27.50969626896876,4.881309021685873,18.910180532574824,134.9740701219822,520.0084471651329,15.288,0.0,11.244992725742472,0.086952109113062,2.560472799608243e-05,-0.3416904045809542,0.1296355948069948,0.0260992554624363,0.5757451577543632,16.57240675284291,29.4403717823895,1.458384932689109
8.09,31.221507473119555,131.0123400629208,258.8700553558231,0.3994044997349484,-0.4084112004797404,-1.3321756827461315,-0.0606773950022562,0.4820439521503442,0.0,29.491684551562376,27.50627994079005,4.672016052001736,18.91075404189647,134.98076963084907,519.6180886541254,15.288,0.0,11.245161225451056,0.0869195869944384,2.566080486671105e-05,-0.3419248934821027,0.1291266886003335,0.0261073324439244,0.571245097360766,16.566509723640625,29.42753201347816,1.4180057008944302
8.1,31.221506547814627,131.01234274429788,258.892327145975,0.3818254696639847,-0.4194979344925232,-1.2886565423138427,-0.0432474226261944,0.4862370886455069,0.0,29.480964178352163,27.50286588799771,4.4626960783405085,18.91127726737419,134.98714352130747,519.2392731688724,15.288,0.0,11.24532266468859,0.0868880132474282,2.5715929185475897e-05,-0.3421401387561762,0.1286063447361409,0.026114215002254,0.5672447454315552,16.56081600405109,29.415070185616187,1.378017608736019
8.11,31.22150562265088,131.012345425367,258.9136204329764,0.3642841796011536,-0.4302250329856393,-1.2450414280159376,-0.0257078292268614,0.4906428023014411,0.0,29.47056620941576,27.49945405840652,4.253361613730632,18.911752412145,134.9931897042733,518.8719983799662,15.288,0.0,11.245477042291446,0.0868573887291981,2.5770090613840767e-05,-0.3423362228301377,0.1280749594378423,0.026119911834722,0.5637322488977395,16.555329479210506,29.40298725431668,1.338476525535556
8.12,31.22150469762767,131.01234810612812,258.9339350609675,0.3467876354043696,-0.4405885046817696,-1.2013364462439449,-0.0080686510474569,0.4952564106318499,0.0,29.46049092428633,27.49604440161225,4.044025050227722,18.912181718188528,134.99890627182504,518.5162619434896,15.288,0.0,11.24562435713698,0.0868277142651575,2.5823279217748698e-05,-0.3425132342802257,0.1275329315015464,0.0261244319929878,0.5606937881605929,16.550053771972653,29.391284125866516,1.299443447201801
8.13,31.22150377274443,131.01235078658115,258.9532708740809,0.3293427595200794,-0.450584603915636,-1.1575477336166171,0.0096601205586361,0.5000731959851472,0.0,29.45073859163748,27.49263686903792,3.834698655177793,18.912567463314726,135.00429149680394,518.1720614993595,15.288,0.0,11.245764608094344,0.0867989906486498,2.587548546860793e-05,-0.3426712677257089,0.1269806620723105,0.026127784874644,0.5581137003016937,16.544992242583216,29.379961657106666,1.2609850414945347
8.14,31.221502848000554,131.01235346672613,258.9716277194248,0.311956388274384,-0.460209831110503,-1.1136814533826935,0.0274685423191583,0.5050884085287602,0.0,29.441309469211728,27.489231413978224,3.6253945675833337,18.912911958151128,135.00934383235975,517.8393946706125,15.288,0.0,11.245897794057283,0.0867712186407395,2.5926700244040035e-05,-0.3428104237217478,0.126418554421729,0.0261299802148427,0.5559746253181197,16.540147988664884,29.36902065528713,1.2231742316022864
8.15,31.221501923395586,131.01235614656306,258.98900544708204,0.2946352692599123,-0.4694609332101262,-1.069743791804472,0.045346722145426,0.5102972691448512,0.0,29.43220380373448,27.48582799164224,3.416124794572328,18.91321754313269,135.01406191144284,517.5182590617268,15.288,0.0,11.246023913927734,0.0867443989699636,2.597691482839921e-05,-0.3429308086514489,0.1258470137268279,0.026131028077928,0.5542576720328928,16.535523845311186,29.358461877914475,1.1860908094282818
8.16,31.22150099892904,131.0123588260919,259.0054039081214,0.2773860587736975,-0.4783349039091745,-1.0257409545283742,0.0632848221232509,0.5156949722456065,0.0,29.42342183084388,27.482426559192405,3.206901207970273,18.91348658549576,135.01844454624433,517.208652258129,15.288,0.0,11.2461429666404,0.0867185323321173,2.6026120913022485e-05,-0.3430325346171177,0.1252664468504705,0.0261309388491561,0.5529425994654273,16.531122385424947,29.348286032646733,1.149822064020059
8.17,31.22150007460052,131.01236150531273,259.0208229565878,0.2602153193418551,-0.4868289838116595,-0.981679162943187,0.0812730614164963,0.5212766885014274,0.0,29.414963775011863,27.479027075781342,2.9977355409749458,18.913721476279235,135.02249072758443,516.9105718245355,15.288,0.0,11.246254951154588,0.0866936193900287,2.60743105962802e-05,-0.3431157193308188,0.1246772621231688,0.0261297232264104,0.5520080093605523,16.52694592018614,29.338493777190987,1.1144634024694844
8.18,31.2214991504096,131.01236418422553,259.03526245049324,0.2431295173309513,-0.4949406605067294,-0.9375646505308424,0.0993017190823116,0.527037567482662,0.0,29.40682984945972,27.475629502587303,2.788639384933792,18.913924627334904,135.02619962425024,516.6240153034397,15.288,0.0,11.246359866421388,0.0866696607733102,2.6121476383368767e-05,-0.3431804860042674,0.1240798691264413,0.0261273922119782,0.5514315454161699,16.522996499654578,29.329085719208248,1.0801189299682532
8.19,31.221498226355965,131.0123668628304,259.04872225082505,0.2261350205753768,-0.5026676683455755,-0.8934036592141607,0.1173611367724439,0.5329727402254386,0.0,29.39902025610981,27.472233802845544,2.579624186223787,18.91409846834928,135.02957058228395,516.3489802151522,15.288,0.0,11.246457711449272,0.0866466570782089,2.6167611185895207e-05,-0.3432269632381224,0.1234746784777049,0.0261239571044233,0.5511900945505387,16.519275913699527,29.32006241630151,1.0469019421823542
8.2,31.221497302439328,131.01236954112744,259.0612022195573,0.2092380961445043,-0.5100079883078809,-0.8492024357020774,0.1354417213762982,0.5390773217042197,0.0,29.39153518549689,27.468839941877885,2.370701243233356,18.914245443879206,135.03260312422157,516.0854640557873,15.288,0.0,11.2465484852467,0.0866246088673499,2.621270832121687e-05,-0.3432552849107248,0.1228621016167777,0.0261194294904452,0.5512599864975787,16.515785692908395,29.311424375949272,1.0149352666389668
8.21,31.221496378659413,131.01237221911663,259.0727022266066,0.1924449081494679,-0.5169598476444541,-0.8049672278383817,0.1535339475653698,0.5453464132260487,0.0,29.384374816702174,27.465447887119566,2.161881703446377,18.91436801040333,135.0352969482837,515.8334642961078,15.288,0.0,11.246632186822136,0.0866035166695442,2.625676151158273e-05,-0.3432655900663323,0.1222425505940274,0.0261138212368151,0.5516171876926605,16.512527109749897,29.3031720554969,0.9843513708871091
8.22,31.22149545501604,131.01237489679815,259.08322213691554,0.1757615155691974,-0.5235217192409272,-0.7607042809582292,0.1716283602342668,0.5517751047497235,0.0,29.37753931732151,27.46205760814305,1.9531765606275604,18.91446863339165,135.03765192751817,515.5929783820092,15.288,0.0,11.24670881527418,0.0865833809796867,2.629976488303368e-05,-0.3432580228028934,0.1216164378602136,0.0261071444824215,0.5522374861956383,16.509501180039404,29.2953058622259,0.955292135069921
8.23,31.221494531508995,131.01237757417212,259.09276182833764,0.1591938702737067,-0.5296923212450324,-0.7164198342503654,0.1897155769165942,0.558358477105709,0.0,29.37102884335877,27.45866907668031,1.7445966521092695,18.91454978439513,135.03966810889602,515.3640037311851,15.288,0.0,11.246778369660468,0.0865642022584567,2.634171296411396e-05,-0.3432327321594187,0.1209841760580423,0.0260994116302476,0.5530966656203993,16.50670866422181,29.28782615330689,0.9279081678635682
8.24,31.22149360813817,131.01238025123868,259.10132117176306,0.142747814997225,-0.5354706162029179,-0.6721201171359505,0.2077862900745687,0.5650916041524802,0.0,29.36484353919605,27.455282266641014,1.536152656178989,18.914613938157533,135.0413457123603,515.146537734119,15.288,0.0,11.2468408490796,0.0865459809322105,2.6382600684353386e-05,-0.3431898720029891,0.1203461778154711,0.0260906353395597,0.5541706652665482,16.504150069139765,29.280733235906546,0.9023575318494439
8.25,31.221492684903488,131.01238292799795,259.1089000509958,0.1264290814290081,-0.540855810220016,-0.6278113456611297,0.2258312693363745,0.5719695548462906,0.0,29.35898353753832,27.451897154129128,1.3278550895674015,18.914663569751248,135.04268512982927,514.9405777524241,15.288,0.0,11.246896252671148,0.0865287173928336,2.642242337255033e-05,-0.3431296009154506,0.1197028555407913,0.0260808285180452,0.5554357256230013,16.501825649826333,29.27402736726493,0.8788037435184153
8.26,31.221491761804863,131.01238560445012,259.1154983458556,0.1102432883969675,-0.5458473520749175,-0.583499718909749,0.2438413636732561,0.578987395229735,0.0,29.35344895934588,27.448513717456112,1.1197143050363163,18.914701151739266,135.04368692415352,514.7461211175868,15.288,0.0,11.246944579574697,0.086512411997537,2.6461176754856743e-05,-0.3430520820798168,0.1190546212195778,0.0260700043140434,0.5568685183352612,16.499735411384272,29.267708754768066,0.8574129322798337
8.27,31.221490838842296,131.01238828059536,259.1211159451011,0.094195940071705,-0.5504449320615769,-0.5391914154392033,0.2618075034900025,0.5861401903495961,0.0,29.34823991380156,27.445131937151977,0.9117404890661536,18.914729151365183,135.0443518280281,514.5631651308131,15.288,0.0,11.246985828978978,0.0864970650687593,2.649885695265996e-05,-0.3429574831664435,0.118401886213466,0.0260581761088662,0.5584462600649299,16.4978791111474,29.2617775560978,0.8383500904216925
8.28,31.221489916015823,131.01239095643388,259.1257527325138,0.078292424300936,-0.5546484809009045,-0.4948925897407909,0.2797207026782388,0.5934230060900766,0.0,29.343356498242706,27.441751795973254,0.7039436596425171,18.914750027772868,135.04468074285964,514.3917070615124,15.288,0.0,11.247020000064548,0.0864826768939647,2.6535460480273408e-05,-0.342845976219009,0.117745061060808,0.0260453575091442,0.5601468107504077,16.496256260819788,29.25623387933549,0.8217744283221141
8.29,31.22148899332551,131.01239363196586,259.1294086087637,0.0625380109336909,-0.5584581682984645,-0.4506093687307305,0.297572060576445,0.6008309109424556,0.0,29.33879879814568,27.438373278908536,0.4963336641411751,18.91476622925788,135.04467473758868,514.2317441472726,15.288,0.0,11.2470470920857,0.0864692477256014,2.6570984242432044e-05,-0.342717737540325,0.1170845552792634,0.0260315623392681,0.5619487562914214,16.494866128964794,29.2510777831737,0.8078339668320217
8.3,31.22148807077146,131.01239630719158,259.1320834675567,0.0469378503191082,-0.5618744017014696,-0.4063478482710989,0.3153527639160456,0.6083589776872108,0.0,29.334566887048307,27.434996373180777,0.2889201773111125,18.91478019055197,135.0443350474678,514.083273591767,15.288,0.0,11.247067104272151,0.0864567777808744,2.660542553160517e-05,-0.3425729475780183,0.1164207771703539,0.0260168046338443,0.563831476998793,16.49370774335147,29.24630927703449,0.7966596420283065
8.31,31.22148714835383,131.0123989821113,259.1337772125294,0.0314969717549108,-0.5648978245920606,-0.3621140897283472,0.3330540886663294,0.6160022850203457,0.0,29.330660826548748,27.43162106824769,0.0817126993547874,18.914794330143195,135.0436630727957,513.9462925656612,15.288,0.0,11.247080035935568,0.0864452672417355,2.6638782025133986e-05,-0.3424117908101322,0.115754133625951,0.0260010986303029,0.5657752021027653,16.492779893742213,29.24192832133686,0.7883593438955588
8.32,31.22148622607278,131.01240165672525,259.13448974234274,0.0162202821295325,-0.5675293150386815,-0.3179141165669193,0.350667401879128,0.6237559190925318,0.0,29.32708066623084,27.428247355798607,-0.1252794458944018,18.914811047632124,135.0426603776075,513.8207982043135,15.288,0.0,11.24708588636302,0.0864347162546676,2.667105178217901e-05,-0.3422344556306637,0.1150850299367854,0.0259844587614733,0.5677610521827369,16.49208113448025,29.237934827650054,0.7830124257354744
8.33,31.221485303928525,131.0124043310337,259.1342209715516,0.0011125645290439,-0.5697699838289139,-0.2737539109856163,0.3681841634442771,0.631614974993922,0.0,29.32382644365609,27.424875229748817,-0.3320471126987264,18.91483272112693,135.04132868832045,513.706787608188,15.288,0.0,11.247084654890749,0.0864251249306565,2.6702233240497574e-05,-0.3420411342350855,0.1144138696029433,0.0259668996483073,0.5697710700201971,16.49160978747386,29.23432865897918,0.780665266697357
8.34,31.221484381921343,131.01240700503706,259.13297080774663,-0.0138215230332723,-0.5716211726658915,-0.2296394105970898,0.3855959278227251,0.6395745581647668,0.0,29.320898184324296,27.421504686231508,-0.5385813350470113,18.914861704678216,135.03966989233734,513.6042578413176,15.288,0.0,11.247076340879593,0.086416493345086,2.6732325213054106e-05,-0.3418320225058545,0.1137410541464643,0.0259484360925955,0.5717882415728901,16.491363945145284,29.231109630009367,0.7813284161634617
8.35,31.221483460051527,131.01240967873548,259.1307391694433,-0.0285774488391252,-0.5730844521894463,-0.1855765051539921,0.402894345729413,0.6476297857438652,0.0,29.31829590165076,27.41813572358675,-0.7448733281903707,18.91490032575527,135.03768603660532,513.5132059314,15.288,0.0,11.247060943731336,0.0864088215376598,2.676132688446461e-05,-0.3416073198979602,0.1130669829259862,0.0259290830698203,0.5737965080837989,16.49134147355677,29.22827750739399,0.7849756890939656
8.36,31.22148253831939,131.0124123521294,259.1275259771385,-0.0431508085986087,-0.5741616199641147,-0.1415710333238656,0.4200711657871572,0.6557757878509519,0.0,29.31601959693187,27.41476834234746,-0.9509144900836438,18.91495088276549,135.03537932613173,513.4336288687398,15.288,0.0,11.247038462864184,0.0864021095123019,2.6789237807278823e-05,-0.3413672293245317,0.1123920529534906,0.025908855722026,0.5757807706020287,16.491540015581286,29.225832010036363,0.7915453402893008
8.37,31.2214816167258,131.0124150252186,259.1233311552948,-0.0575372670137938,-0.5748546781659027,-0.1195447416588284,0.437343719949394,0.6640476282258401,0.0,29.314016655643968,27.41135397031301,-1.1566964027382352,18.91501564261803,135.03275212246288,513.3636811527134,15.288,0.0016666666611084,11.247008897729096,0.0863962022000693,2.6816057918459605e-05,-0.3411119571098984,0.1117166589645173,0.0258877229006307,0.5777268619519127,16.491985860385107,29.22372020889342,0.8040645043712684
8.38,31.221480695284967,131.0124176979869,259.1181546691085,-0.0717313247671813,-0.5751654200143924,-0.1194858199803951,0.4547389754575474,0.6725697457802999,0.0,29.311953984407733,27.407585078349644,-1.3622108345230644,18.915096838300585,135.0298069435379,513.2916949229098,15.288,0.0049999999833287,11.246972248039269,0.0863901178863,2.6841788218479648e-05,-0.3408417156334033,0.1110412017711872,0.0258654064820748,0.5796209714070573,16.49285933656564,29.22160872889982,0.8206183399824455
8.39,31.221479774024445,131.0124203704025,259.11199654338503,-0.0857263362380418,-0.5750954387568719,-0.1194770829255261,0.4720325273795439,0.6813370764810975,0.0,29.30977916817783,27.403413381133845,-1.5674497460488117,18.91519666637275,135.02654646768417,513.215835013779,15.288,0.0083333333055491,11.246928513917608,0.0863837020901975,2.686643087545088e-05,-0.3405567260074718,0.1103660898851789,0.0258418773883182,0.5814495004759844,16.49418709023493,29.21944490474634,0.8374423514705486
8.4,31.22147885297228,131.01242304243303,259.1048568347183,-0.0995157410792642,-0.5746465384172362,-0.1195227165961357,0.4892141026121439,0.690342967995138,0.0,29.307492405807764,27.39883920566424,-1.772405294920857,18.915317284512465,135.02297353403927,513.1361092313751,15.288,0.0116666666277695,11.246877695773856,0.0863769553981777,2.6889988457468795e-05,-0.3402572165784646,0.1096917300815061,0.0258171536087439,0.58319953255545,16.49596669083915,29.217228651927524,0.8545112822177724
8.41,31.22147793215657,131.01242571404606,259.09673563447353,-0.1130931300487986,-0.5738207530776457,-0.1196268479494418,0.5062735353571649,0.6995806300166113,0.0,29.305093898660942,27.39386290681333,-1.9770698391197945,18.91546080915136,135.0190911405756,513.0525255087823,15.288,0.0149999999499899,11.246819794238975,0.0863698784041047,2.6912463890491296e-05,-0.3399434226541021,0.109018526672411,0.0257912536817624,0.5848588591308053,16.498195460542217,29.21495985232395,0.8718007417109715
8.42,31.22147701160539,131.01242838520926,259.08763306977926,-0.1264522484871729,-0.5726203446823445,-0.119793541241653,0.5232007733267954,0.7090431391517206,0.0,29.30258385055805,27.38848486730153,-2.1814359402171486,18.91562931316939,135.01490244200667,512.9650919034682,15.288,0.0183333332722102,11.246754810181596,0.0863624717091456,2.6933860454302347e-05,-0.3396155863224712,0.1083468812498402,0.0257641966800567,0.5864159768541508,16.500870478085666,29.2126383544943,0.889287194842644
8.43,31.22147609134687,131.01243105589035,259.0775492975651,-0.1395869996908426,-0.5710478006708177,-0.1200267945298414,0.5399858838462581,0.7187234438669755,0.0,29.29996246773105,27.382705497663807,-2.3854963664476343,18.915824823650528,135.01041074761704,512.8738165959957,15.288,0.0216666665944306,11.246682744740754,0.0863547359216227,2.6954181778236536e-05,-0.3392739562672089,0.1076771924308494,0.0257360021955796,0.5878600819651142,16.503988582836783,29.21026397400076,0.9069479449904161
8.44,31.22147517140911,131.01243372605717,259.06648451450104,-0.1524914481397049,-0.569105831555824,-0.1203305362330474,0.5566190598651661,0.7286143694920381,0.0,29.29722995876085,27.376525236209588,-2.5892440956365146,18.916049319701177,135.0056195190161,512.7787078867552,15.288,0.024999999916651,11.246603599309516,0.0863466716568453,2.6973431836679565e-05,-0.3389187875789998,0.1070098556061418,0.025706690324167,0.5891810626002716,16.507546378916558,29.207836493726735,0.9247611124964081
8.45,31.22147425182024,131.0124363956774,259.05443894506976,-0.1651598225642991,-0.5667973684769213,-0.1207086217593731,0.5730906258794471,0.7387086232723704,0.0,29.294386534493043,27.36994454897585,-2.7926723179809,18.916304730332964,135.0005323678173,512.6797741936673,15.288,0.0283333332388714,11.246517375453031,0.0863382795368422,2.6991614944339177e-05,-0.3385503415635385,0.1063452626919081,0.0256762816499332,0.5903694894590367,16.511540239373584,29.205355664176363,0.9427056098989253
8.46,31.22147333260837,131.012439064719,259.0414128505124,-0.1775865190380277,-0.5641255602231283,-0.121164830204686,0.5893910436898169,0.7489987994943706,0.0,29.291432408036066,27.362963929672706,-2.9957744386838967,18.91659293241208,134.99515305324314,512.5770240510815,15.288,0.0316666665610917,11.246424075056048,0.0863295601903707,2.7008735751306546e-05,-0.3381688855461518,0.1056838018850139,0.0256447972293849,0.5914166047392707,16.51596631085263,29.202821203939784,0.9607611150043024
8.47,31.221472413801663,131.01244173314987,259.0274065238588,-0.189766103788128,-0.5610937705604099,-0.1217028611221924,0.605510918107171,0.7594773846382393,0.0,29.28836779467037,27.35558389962233,-3.198544080440376,18.91691574867632,134.98948547965776,512.4704661064,15.288,0.0349999998833121,11.246323700216356,0.0863205142526466,2.702479923790863e-05,-0.3377746926731458,0.1050258574219448,0.0256122585752361,0.5923143104172071,16.52082051800546,29.200232800021528,0.9789080427339725
8.48,31.22147149542821,131.01244440093802,259.0124202988723,-0.201693315983709,-0.5577055751612155,-0.1223263313732264,0.6214410025059726,0.7701367625908654,0.0,29.285192911814327,27.347805007690862,-3.400975085773684,18.917274945821664,134.98353369402747,512.3601091189125,15.288,0.0383333332055325,11.246216253293976,0.0863111423652369,2.7039810709343228e-05,-0.33736804171011,0.1043718093414526,0.0255786876400394,0.5930551555254815,16.526098568265546,29.19759010828804,0.9971275164374913
8.49,31.221470577516182,131.01244706805144,258.99645453414814,-0.2133630703355639,-0.5539647585751116,-0.1230387720556188,0.6371722042848562,0.780969219892142,0.0,29.28190797895624,27.339627830213235,-3.6030615192221713,18.917672232659843,134.9773018833107,512.2459619568208,15.288,0.0416666665277529,11.246101736861991,0.086301445175865,2.7053775790135244e-05,-0.3369492168373295,0.1037220332510807,0.0255441067995266,0.5936323230702665,16.531795956591484,29.19489275387483,1.015401339255133
8.5,31.221469660093685,131.01244973445824,258.9795096270274,-0.2247704596455601,-0.5498753108774833,-0.1238436255220066,0.6526955901757013,0.7919669510327462,0.0,29.27851321762863,27.331052970911205,-3.804797669374928,18.91810925834796,134.97079437177837,512.1280335960834,15.288,0.0449999998499732,11.245980153772091,0.0862914233383335,2.7066700418382183e-05,-0.3365185074424243,0.1030769000978205,0.0255085388357821,0.5940396164645539,16.53790797049598,29.192140331686403,1.033711965948613
8.51,31.221468743188822,131.0124524001265,258.9615860086272,-0.2359107571620096,-0.5454414243781164,-0.1247442424840315,0.6680023914552871,0.8031220637789805,0.0,29.27500885134528,27.32208106080341,-4.006178050756141,18.918587610692168,134.9640156182661,512.00633311772,15.288,0.0483333331721936,11.245851507113612,0.086281077512342,2.707859083981756e-05,-0.336076207910401,0.102436775942981,0.0254720069201674,0.59427144600607,16.544429695017147,29.18933240684956,1.052042475545311
8.52,31.22146782682971,131.01245506502462,258.942684143842,-0.2467794188229438,-0.5406674901701753,-0.1257438792116553,0.6830840090236073,0.8144265845334089,0.0,29.271395105549523,27.3127127581102,-4.20719740555716,18.919108814525654,134.95697021335943,511.8808697062528,15.288,0.051666666494414,11.245715800197136,0.0862704083633235,2.7089453601702743e-05,-0.3356226174112644,0.1018020217414446,0.0254345345961005,0.5943228153356405,16.551356017820215,29.18646851520289,1.0703765450240923
8.53,31.22146691104444,131.0124577291207,258.92280453134265,-0.2573720854126347,-0.5355580944486116,-0.1268456948264066,0.6979320183374103,0.8258724637316474,0.0,29.267672207586145,27.30294874815021,-4.4078507052164815,18.919674330162856,134.94966287651292,511.75165264743873,15.288,0.0549999998166344,11.245573036603671,0.0862594165623802,2.7099295546532064e-05,-0.3351580396853955,0.1011729931253364,0.0253961457616042,0.5941893079650504,16.558681634491204,29.18354816384613,1.0886984242051176
8.54,31.221465995861088,131.01246039238316,258.9019477025827,-0.2676845845542788,-0.53011801481364,-0.1280527486985981,0.7125381742229568,0.8374515812626999,0.0,29.26384038665428,27.292789743230006,-4.608133151846523,18.920285551930608,134.942098453105,511.61869132753975,15.288,0.0583333331388547,11.245423220176445,0.0862481027861202,2.7108123805581e-05,-0.3346827828267766,0.1005500401924528,0.025356864651781,0.5938670741362168,16.56640105382397,29.18057083167281,1.1069929119617918
8.55,31.22146508130772,131.01246305478034,258.88011422676726,-0.2777129325245241,-0.5243522165907006,-0.1293679979385465,0.7268944155753204,0.8491557519046167,0.0,29.25989987373596,27.28223648252741,-4.80804017950749,18.920943806777075,134.93428191143008,511.4819952292594,15.288,0.0616666664610751,11.245266354938966,0.0862364677164714,2.711594579228527e-05,-0.3341971590643166,0.0999335072993437,0.0253167158209959,0.5933528181284659,16.57450860306837,29.17753596987599,1.1252453338174344
8.56,31.22146416741238,131.0124657162808,258.8573047038972,-0.2874533360748182,-0.5182658486788879,-0.130794295005202,0.7409928698627339,0.8609767308032211,0.0,29.25585090160189,27.271289731968583,-5.007567455327939,18.92165035295942,134.92621833962832,511.3415739323533,15.288,0.0649999997832955,11.245102445226134,0.0862245120406836,2.7122769195470104e-05,-0.3337014845413586,0.0993237328593916,0.0252757241250863,0.5926437856998448,16.582998433570932,29.1744430026052,1.143441520926156
8.57,31.221463254203087,131.012468376853,258.83351976476854,-0.2969021939842765,-0.5118642396577671,-0.1323343854146468,0.7548258575474555,0.8729062189473744,0.0,29.25169370474155,27.25995028409628,-5.206710880472009,18.922406378811168,134.91791294255603,511.197437111074,15.288,0.0683333331055159,11.2449314956023,0.0862122364511183,2.712860197243356e-05,-0.3331960790936049,0.0987210491458216,0.0252339147033606,0.5917377522777679,16.591864526153707,29.17129132750717,1.1615677904721382
8.58,31.22146234170784,131.01247103646563,258.8087600809106,-0.3060560985194402,-0.505152893698322,-0.1339909055598909,0.768385896348095,0.8849358686642012,0.0,29.247428519316976,27.24821895793397,-5.405466590953324,18.923213001589502,134.90937103859693,511.04959453127447,15.288,0.0716666664277362,11.244753510836668,0.0861996416451309,2.7133452341881687e-05,-0.3326812660255716,0.0981257820998998,0.0251913129604506,0.5906330115830626,16.601100696630105,29.168080316320985,1.1796109274366227
8.59,31.221461429954623,131.01247369508735,258.7830263516669,-0.3149118368297678,-0.4981374861909952,-0.1357663806516267,0.7816657053294755,0.8970572891370943,0.0,29.243055583154035,27.23609659884128,-5.603830958295736,18.924071266403384,134.90059805641647,510.8980560507314,15.288,0.0749999997499566,11.24456849598526,0.0861867283250262,2.713732877673435e-05,-0.3321573718857633,0.0975382511443625,0.0251479445481963,0.5893283646923235,16.610700601535182,29.164809315555196,1.1975581676885099
8.6,31.22146051897137,131.01247635268692,258.7563193151258,-0.3234663921174997,-0.4908238595336639,-0.1376632227671571,0.7946582088836863,0.9092620519167388,0.0,29.23857513568369,27.22358407836377,-5.80180059004113,18.924982145223005,134.8915995316608,510.7428316161856,15.288,0.078333333072177,11.244376456325345,0.0861734971978962,2.714023999680292e-05,-0.3316247262407281,0.0969587690021976,0.025103835347333,0.5878231098469994,16.620657743669298,29.161477647089747,1.215397182366615
8.61,31.221459608785988,131.01247900923315,258.72863974215966,-0.3317169447429911,-0.4832180186467987,-0.1396837290230447,0.8073565405332641,0.9215416964480212,0.0,29.23398741792243,27.210682294076623,-5.999372330104643,18.925946535970727,134.88238110360209,510.5839312625084,15.288,0.0816666663943974,11.244177397396417,0.086159948975559,2.714219496134745e-05,-0.3310836614481474,0.0963876415209123,0.0250590114491821,0.5861170327424876,16.630965477838306,29.158084608860037,1.2331160634700695
8.62,31.22145869942636,131.01248166469497,258.69998843046125,-0.3396608731452058,-0.4753261265406177,-0.1418300798651035,0.819754046605167,0.9338877355902856,0.0,29.229292672424783,27.19739216942128,-6.19654325897764,18.92696526169409,134.8729485117315,510.4213651109167,15.288,0.0849999997166177,11.24397132495922,0.0861460843744141,2.7143202861519125e-05,-0.3305345124291453,0.0958251675023268,0.0250134991372681,0.5842103975284112,16.641617016498664,29.154629475504784,1.2507033106080911
8.63,31.221457790920308,131.0124843190414,258.6703662204439,-0.3472957546839225,-0.4671544996580851,-0.1441043374825102,0.831844289729146,0.9462916611445232,0.0,29.22449114326609,27.18371465353568,-6.393310693778917,18.92803906982097,134.86330759230222,510.2551433678212,15.288,0.0883333330388381,11.24375824503673,0.086131904115396,2.714327311269041e-05,-0.3299776164399709,0.0952716385380263,0.0249673248689025,0.5821039383427371,16.652605435549933,29.15111149907953,1.2681478188239421
8.64,31.221456883295662,131.0124869722414,258.63977398132926,-0.3546193662957004,-0.4587096032781814,-0.1465084443426809,0.8436210522014335,0.9587449493675412,0.0,29.219583075997924,27.16965072107868,-6.589672188154944,18.929168631497,134.85346427482403,510.08527632259165,15.288,0.0916666663610585,11.24353816387317,0.0861174089238496,2.714241534669595e-05,-0.3294133128432008,0.0947273388505973,0.0249205152567128,0.5797988515695082,16.663923680018673,29.14752990973321,1.2854388674374737
8.65,31.22145597658016,131.01248962426428,258.60821261611545,-0.3616296850669057,-0.4499980467170143,-0.1490442218576389,0.8550783391723363,0.9712390664857392,0.0,29.214568717631312,27.15520137204872,-6.785625532029708,18.930354541005286,134.843424578511,509.9117743475284,15.288,0.0949999996832789,11.243311087966791,0.0861025995294624,2.714063940397005e-05,-0.3288419428786534,0.0941925451406607,0.0248730970502461,0.5772967886639969,16.67556456986528,29.14388391644442,1.302566109822822
8.66,31.22145507080153,131.01249227507913,258.57568305959063,-0.3683248886375471,-0.4410265785521839,-0.15171336916917,0.8662103816895595,0.9837654741914336,0.0,29.209448316600305,27.14036763159545,-6.981168751204852,18.931597315268657,134.83319460868495,509.7346478952449,15.288,0.0983333330054992,11.243077024045297,0.0860874766661772,2.713795532560256e-05,-0.3282638494341676,0.0936675264398126,0.0248250971174653,0.5745998496671608,16.68752080571113,29.140172707734354,1.3195195640620603
8.67,31.22145416598744,131.01249492465533,258.54218628628263,-0.3747033555116319,-0.4318020816807421,-0.154517462070405,0.8770116395646717,0.996315635131292,0.0,29.204222122747545,27.12515054982609,-7.17630010681113,18.93289739343372,134.8227805531359,509.55390749882895,15.288,0.1016666663277196,11.242835979098604,0.0860720410721295,2.7134373345314443e-05,-0.3276793768163918,0.0931525439695853,0.0247765424263797,0.571710577317052,16.699784974652736,29.136395452427944,1.3362896043985608
8.68,31.221453262165507,131.01249757296225,258.5077232925703,-0.3807636651770526,-0.4223315684662209,-0.1574579520459318,0.8874768041023722,1.0088810183663512,0.0,29.198890387280127,27.10955120160695,-7.371018094612366,18.934255136537363,134.81218867844214,509.3695637689565,15.288,0.10499999964994,11.242587960321504,0.0860562934895372,2.712990388135532e-05,-0.3270888705217722,0.0926478510064247,0.0247274600265815,0.5686319518683975,16.71234955593244,29.132551300371336,1.3528669534371016
8.69,31.22145235936331,131.01250021996933,258.4722951155679,-0.3865045981724787,-0.4126221756253003,-0.160536165452197,0.8976008006336798,1.0214531048244029,0.0,29.193453362765847,27.09357068635716,-7.565321444162504,18.93567082725445,134.8014253262514,509.1816273943096,15.288,0.1083333329721604,11.242332975171015,0.0860402346646713,2.7124557528341727e-05,-0.3264926770078762,0.0921536927528215,0.0246778770309542,0.5653673864530968,16.725206926779226,29.12863938323072,1.369242675011165
8.7,31.221451457608367,131.0125028656462,258.4359028281526,-0.3919251359698757,-0.4026811591979522,-0.1637533028195478,0.9073787909059166,1.0340233927185791,0.0,29.18791130310313,27.07721012783893,-7.759209117817166,18.937144669727275,134.7904969095257,508.99010913946177,15.288,0.1116666662943807,11.24207103134178,0.0860238653477821,2.711834504903364e-05,-0.3258911434652161,0.0916703062146294,0.0246278205973347,0.5619207231298856,16.73834936810718,29.12465881525172,1.385408167674579
8.71,31.22145055692813,131.01250550996252,258.39854752902966,-0.3970244607329584,-0.3925158894485609,-0.1671104382887905,0.9168061753044776,1.046583402939108,0.0,29.18226446349472,27.06047067394145,-7.952680309601154,18.938676789475263,134.77940990875183,508.7950198442277,15.288,0.1149999996166011,11.241802136749712,0.0860071862930088,2.7111277366054527e-05,-0.3252846175897429,0.0911979200846,0.0245773179103158,0.5582962295538817,16.751769070209757,29.12060869403352,1.4013551587549458
8.72,31.22144965735001,131.012508152888,258.36023034770074,-0.4018019549709728,-0.3821338456597761,-0.1706085191766191,0.925878594897604,1.0591246844175892,0.0,29.176513100434217,27.043353496459662,-8.145734443932998,18.940267233385686,134.7681708681194,508.5963704225165,15.288,0.1183333329388215,11.24152629954835,0.0859901982583469,2.710336555357549e-05,-0.3246734473561622,0.0907367546322015,0.0245263961630963,0.5544985962094552,16.765458138482877,29.1164881013327,1.4170756989123263
8.73,31.22144875890135,131.01251079439243,258.3209524573813,-0.4062572010601182,-0.3715426108935251,-0.1742483656727146,0.9345919333128572,1.0716388194569004,0.0,29.170657471691136,27.02585979086797,-8.338371174207893,18.94191596978344,134.75678639166932,508.39417186140673,15.288,0.1216666662610419,11.241243528137089,0.0859729020056043,2.709462082894396e-05,-0.3240579807921968,0.0902870215998299,0.0244750825394381,0.5505329342532729,16.77940859910821,29.11229610387077,1.4325621571576068
8.74,31.221447861609416,131.01251343444585,258.28071505015873,-0.4103899806102483,-0.3607498667794655,-0.1780306706664576,0.9429423184564492,1.084117429018142,0.0,29.164697836283125,27.007990776089528,-8.530590381240986,18.94362288858014,134.74526313941425,508.18843522028175,15.288,0.1249999995832622,11.240953831128344,0.0859552983003111,2.708505454429644e-05,-0.3234385657539976,0.0898489241053467,0.0244234041957474,0.5464047739479589,16.793612404644342,29.108031754124717,1.4478072162877482
8.75,31.22144696550144,131.01251607301816,258.239519361836,-0.4142002737688376,-0.3497633881086683,-0.1819559997036431,0.950926124035603,1.0965521779774,0.0,29.15863445448044,26.989747694259474,-8.722392171572052,18.9453878015013,134.7336078234339,507.9791716299636,15.288,0.1283333329054826,11.240657217404996,0.0859373879117457,2.707467817813292e-05,-0.3228155497028243,0.0894226565510438,0.0243713882432489,0.5421200635865675,16.808061439723776,29.10369409118033,1.4628038686811387
8.76,31.221446070604543,131.01251871007952,258.1973666510604,-0.4176882583070107,-0.3385910376311491,-0.1860247910708244,0.958539970948822,1.1089347803223708,0.0,29.15246758776389,26.9711318104854,-8.913776875633605,18.94721044239085,134.72182720394713,507.7663922914652,15.288,0.131666666227703,11.240353696038367,0.0859191716127993,2.706350332688046e-05,-0.3221892794831563,0.0890084045390453,0.0243190617303164,0.5376851690141554,16.82274752649756,29.09928214150717,1.4775454124351433
8.77,31.221445176945828,131.0125213456001,258.1542582142342,-0.4208543086813671,-0.3272407605684779,-0.1902373560124348,0.9657807284609496,1.1212570043188608,0.0,29.14619749883448,26.95214441260126,-9.10474504578432,18.94909046759224,134.70992808536334,507.55010847585856,15.288,0.1349999995499233,11.24004327635382,0.0859006501800069,2.705154169644041e-05,-0.3215601011023598,0.0886063447932218,0.0242664516249569,0.5331068735346512,16.837662430268782,29.09479491982996,1.4920254477800539
8.78,31.22144428455228,131.01252397955028,258.1101953795481,-0.4236989949277534,-0.315720579225465,-0.1945938790722236,0.9726455152273408,1.1335106776178807,0.0,29.1398244515998,26.93278681091888,-9.295297454209107,18.95102745640492,134.69791731231587,507.3303315233446,15.288,0.1383333328721437,11.23972596792256,0.0858818243935088,2.703880509373101e-05,-0.3209283595121005,0.0882166450875372,0.0242135847974369,0.528392378296542,16.85279786496798,29.09023142996124,1.5062378737563273
8.79,31.221443393450823,131.01252661190037,258.0651795049965,-0.4262230813804459,-0.3040385877027934,-0.1990944185565655,0.979131700165422,1.1456876922998953,0.0,29.13334871113468,26.913060337974063,-9.485435090688474,18.95302091161508,134.68580176567934,507.10707284142137,15.288,0.1416666661943641,11.239401780479664,0.0858626950369369,2.702530541821522e-05,-0.3202943983916128,0.0878394641809182,0.0241604880030564,0.5235493030702666,16.868145498471534,29.085590665592512,1.520176885121158
8.8,31.22144250366833,131.01252924262093,258.0192119724137,-0.4284275254236371,-0.2922029462260534,-0.2037389071376639,0.9852369030917104,1.157780009887642,0.0,29.12677054371832,26.892966348269127,-9.675159160238527,18.955070260099912,134.67358835857348,506.8803439064918,15.288,0.1449999995165845,11.239070724055232,0.0858432628975107,2.7011054653466712e-05,-0.3196585599329792,0.0874749517586347,0.0241071878652053,0.5185856872257084,16.883696958197802,29.08087161122221,1.5338369694302008
8.81,31.22144161523156,131.01253187168248,257.97229421033165,-0.4303134759484503,-0.2802218758914218,-0.2085271525609043,0.9909589952565449,1.169779666268412,0.0,29.120090216783307,26.87250621801161,-9.864471080624227,18.957174853503844,134.6612840323565,506.65015626084806,15.288,0.1483333328388048,11.238732808851433,0.0858235287659043,2.699606485871532e-05,-0.3190211846285404,0.0871232483802354,0.0240537108584647,0.5135099910338682,16.89944383626409,29.07607324293006,1.5472129043056928
8.82,31.22144072816719,131.01253449905576,257.92442766515774,-0.431882271848285,-0.2681036530223167,-0.2134588384912448,0.9962960996422612,1.181678776579095,0.0,29.113307998943533,26.851681344849503,-10.05337247974786,18.95933396898564,134.64889575260972,506.4165215137913,15.288,0.1516666661610252,11.238388045340864,0.085803493436319,2.6980348160429712e-05,-0.3183826110606018,0.0867844854339758,0.0240000832920453,0.5083310969671483,16.915377694928267,29.071194529291617,1.5602997548259374
8.83,31.221439842501866,131.01253712471154,257.87561382105565,-0.4331354402878861,-0.2558566037957198,-0.2185335254701307,1.0012465911337287,1.1934695400052668,0.0,29.106424159965684,26.83049314760291,-10.241865192914869,18.96154681003505,134.6364305051165,506.17945134039934,15.288,0.1549999994832456,11.238036444200986,0.0857831577063963,2.6963916743918336e-05,-0.3177431756935484,0.0864587850977891,0.0239463312933752,0.5030583110446654,16.931490071726078,29.06623443219403,1.5730928710447136
8.84,31.221438958262063,131.01253974862072,257.8258541900021,-0.4340740029264307,-0.2434907499635345,-0.2237505946886725,1.0058093833004316,1.2051441221139736,0.0,29.099438630634843,26.808943065938145,-10.429951259979676,18.963812507357733,134.62389529183767,505.9389456531379,15.288,0.158333332805466,11.237677045247,0.0857625213747764,2.694678284502922e-05,-0.3171032127095741,0.0861462602108129,0.0238924805157304,0.4977015682456932,16.94777100376758,29.06119130819491,1.585587966410123
8.85,31.221438075474254,131.01254237075432,257.77515031477253,-0.4346978740704344,-0.231019201287906,-0.2291091385667435,1.009984303006392,1.2166944962532908,0.0,29.092350713611303,26.78703255803678,-10.61763292245924,18.966130120042564,134.61129712570954,505.6949825644508,15.288,0.1616666661276864,11.23730708359296,0.0857415823889154,2.692895874457327e-05,-0.3164630559798143,0.0858470091805053,0.0238385560519723,0.4922713571483557,16.96420778047809,29.056062400656835,1.5977812074583777
8.86,31.22143719416476,131.0125449910834,257.72350376794384,-0.4350117391413511,-0.2184441623540293,-0.2346085295905488,1.0137694858242257,1.228113563270402,0.0,29.08516196579657,26.76476310358809,-10.804912620617088,18.96849863701953,134.59864302432385,505.44761859292186,15.288,0.1649999994499067,11.236930229748763,0.0857203453400744,2.6910456753105303e-05,-0.3158230357031163,0.0855611233734914,0.023784584542805,0.486777308802033,16.980797492130723,29.050848920140453,1.609668492837478
8.87,31.221436314359824,131.01254760957923,257.6709161558728,-0.4350178612766011,-0.2057740980999835,-0.2402478464930423,1.0171643141526128,1.2393939033012908,0.0,29.07787266185988,26.742136203340166,-10.99179299006654,18.97091697765908,134.58594000868973,505.19686568393166,15.288,0.1683333327721271,11.236546495409632,0.0856988110405267,2.6891289204249528e-05,-0.3151834779149858,0.0852886877607219,0.0237305912345693,0.4812304078512592,16.997531634454973,29.045549811601045,1.6212462851986769
8.88,31.2214354360856,131.012550226213,257.6173891067688,-0.4347186818656036,-0.1930174958137554,-0.2460260514817668,1.0201684202728232,1.250528203526181,0.0,29.07048307762152,26.71915337782875,-11.178276858416751,18.97338399280656,134.57319509983225,504.94273584663273,15.288,0.1716666660943475,11.236155892494896,0.085676980305983,2.687146844901838e-05,-0.31454470553206,0.0850297780110685,0.0236766011132504,0.4756420620101745,17.01440170383248,29.040164017625703,1.6325113204949222
8.89,31.22143455936815,131.01255284095626,257.5629242875885,-0.4341168182034776,-0.1801828597207734,-0.2519419918711361,1.022781685471743,1.261509262509221,0.0,29.062993490045567,26.695816167093184,-11.364367241854888,18.975898465986123,134.56041531479354,504.68524115323066,15.288,0.1749999994165679,11.235758433123108,0.0856548539555727,2.6851006847692363e-05,-0.3139070381613801,0.0847844604910578,0.0236226388895801,0.4700240988725596,17.031399202125574,29.03469047927677,1.6434606057952754
8.9,31.221433684233407,131.0125554537804,257.50752339012377,-0.4332150610830482,-0.167278705488696,-0.2579944018221563,1.0250042389781744,1.2723299944572704,0.0,29.05540417725259,26.672126130388406,-11.5500673416235,18.97845911466309,134.5476076626464,504.42439373928266,15.288,0.1783333327387882,11.23535412964522,0.0856324328118763,2.6829916761758863e-05,-0.3132707919129613,0.0845527922709282,0.0235687289844581,0.4643887608649421,17.048515641530777,29.02912813696822,1.6540914170898888
8.91,31.22143281070728,131.01255806465718,257.45118813000784,-0.4320163722558135,-0.1543135548381521,-0.2641819041808022,1.0268364567431334,1.2829834333824808,0.0,29.047715418516496,26.648084845895983,-11.735380540396076,18.98106459156372,134.53477914052257,504.160205803394,15.288,0.1816666660610086,11.234942994628003,0.0856097177009126,2.6808210545923003e-05,-0.3126362792157302,0.0843348211370673,0.0235148955146486,0.4587486979012991,17.065742549288935,29.02347593130963,1.6644012970817121
8.92,31.22143193881547,131.01256067355823,257.39392026162017,-0.430523881800851,-0.1412959301634712,-0.2705030124088945,1.0282789600537825,1.2934627371701428,0.0,29.03992749426499,26.623693910432976,-11.920310398553504,18.983713486050355,134.5219367296587,503.89268960643,15.288,0.184999999383229,11.234525040845725,0.085586709452149,2.678590054019577e-05,-0.3120038086370375,0.0841305856105561,0.0234611622787613,0.4531169572422519,17.08307147234062,29.01773280395216,1.6743880529492716
8.93,31.221431068583662,131.01256328045548,257.33572156517045,-0.4287408853896654,-0.1282343492099709,-0.276956132615207,1.0293326139813337,1.3037611915504097,0.0,29.032040686075064,26.59895493915941,-12.104860650364376,18.98640432555021,134.50908739146237,503.62185747143775,15.288,0.1883333327054494,11.234100281255268,0.0855634088984791,2.676299906205667e-05,-0.3113736847056987,0.0839401149721166,0.0234075527435734,0.447506969997436,17.10049398188828,29.0118976984208,1.6840497540725339
8.94,31.22143020003737,131.01256588532084,257.2765938427214,-0.426670841538575,-0.1151373195992888,-0.2835395656782746,1.0299985256361723,1.3138722139828518,0.0,29.02405527670731,26.57386956528467,-12.289035200072211,18.989135577036063,134.49623806360083,503.347721784139,15.288,0.1916666660276697,11.233668729079133,0.0855398168763298,2.673951839871441e-05,-0.3107462077388352,0.0837634292930181,0.0233540900306737,0.4419325336908214,17.118001678052934,29.005969561009223,1.6933847297037712
8.95,31.221429333202053,131.0125684881264,257.2165389330968,-0.4243173686248932,-0.1020133337277477,-0.2902515094486459,1.0302780423170896,1.3237893574140671,0.0,29.015971550070933,26.54843943977197,-12.47283811789286,18.99190564855729,134.48339565611477,503.07029499173854,15.288,0.1949999993498901,11.233230397689216,0.085515934225551,2.67154707994458e-05,-0.3101216736724793,0.0836005394721962,0.0233007969034075,0.436407790171536,17.135586194158723,28.99994734154688,1.702391566597033
8.96,31.221428468103003,131.0125710888443,257.1555587009486,-0.421684241957578,-0.0888708633782712,-0.2970900610426367,1.0301727494421309,1.3335063139559222,0.0,29.00778979125616,26.52266623104212,-12.65627363592442,18.99471289081868,134.47056704756005,502.7895896031835,15.288,0.1983333326721105,11.232785300681533,0.0854917617895202,2.669086846803323e-05,-0.3095003738961078,0.0834514472793584,0.0232476957541709,0.4309471982385578,17.153239201238595,28.99382999427839,1.711069106559927
8.97,31.221427604765463,131.01257368744697,257.0936550337765,-0.4187753907289744,-0.0757183544610312,-0.3040532192194566,1.029684468335326,1.3430169184503975,0.0,28.999510286551057,26.496551624677632,-12.839346143973753,18.9975555988058,134.45775908118017,502.5056181898751,15.288,0.2016666659943308,11.232333451901104,0.0854673004151823,2.666572355530517e-05,-0.3088825950911818,0.0833161454040413,0.0231948085920809,0.4255655002331597,17.170952412389678,28.98761647870722,1.71941644394042
8.98,31.22142674321451,131.0125762839066,257.0308298488853,-0.4155948947596264,-0.0625642220771544,-0.311138886819339,1.028815253907244,1.3523151519021834,0.0,28.99113332339964,26.47009732312426,-13.022060185302188,19.00043201345492,134.44497856111053,502.2183933837368,15.288,0.2049999993165512,11.231874865300858,0.0854425509529281,2.664004815178516e-05,-0.3082686190737934,0.0831946175105196,0.0231421570309202,0.4202776817611282,17.1887175868104,28.98130576032988,1.7274329230472685
8.99,31.221425883475124,131.01257887819588,256.96708509636625,-0.4121469813922425,-0.0494168451115612,-0.3183448732966697,1.0275673920853303,1.361395144841607,0.0,28.98265919046816,26.44330504539301,-13.204420452293824,19.00334032336536,134.43223224861913,501.9279278790288,15.288,0.2083333326387716,11.231409555107632,0.0854175142567915,2.661385428043496e-05,-0.3076587226414732,0.0830868382985637,0.0230897622775228,0.415098924030445,17.20652653422978,28.97489681155224,1.7351181354679053
9.0,31.221425025572167,131.0125814702874,256.90242274816256,-0.408436022114451,-0.036284561328052,-0.3256688973046524,1.02594339717318,1.3702511805376263,0.0,28.97408817762022,26.41617652676265,-13.386431782049655,19.006278666552284,134.4195268583844,501.63423443100265,15.288,0.211666665960992,11.230937535722578,0.0853921911843785,2.658715388952933e-05,-0.3070531774242652,0.0829927735699032,0.0230376451204488,0.4100445478855454,17.2243711188614,28.96838861243584,1.7424719173173586
9.01,31.22142416953037,131.01258406015393,256.8368448010549,-0.4044665291902231,-0.0231756623221231,-0.333108589356559,1.0239460090231165,1.378877698110264,0.0,28.96542057593229,26.38871351848151,-13.56809915191114,19.00924513223848,134.40686905481343,501.3373258565092,15.288,0.2149999992832123,11.230458821737752,0.0853665825969033,2.6559958845636225e-05,-0.3064522497401288,0.0829123803003581,0.022985825919084,0.4051299490740288,17.242243263461205,28.961780151506897,1.7494943463879342
9.02,31.221423315374377,131.01258664776833,256.77035327765407,-0.4002431522103616,-0.0100983885575402,-0.3406614945435998,1.0215781900679668,1.3872692955220132,0.0,28.956656677703663,26.360917787468896,-13.749427674916026,19.01223776268252,134.39426544840293,501.0372150338525,15.288,0.2183333326054327,11.229973427936116,0.0853406893592204,2.6532280926723063e-05,-0.3058562004547961,0.082845606717423,0.0229343245930848,0.4003705242443567,17.260134953290205,28.9550704265466,1.7561857392045308
9.03,31.221422463128658,131.01258923310354,256.70295023633645,-0.3957706745741417,0.0029390755344166,-0.3483250753085206,1.018843122204783,1.3954207324499803,0.0,28.947796776467555,26.332791116017745,-13.930422595190336,19.015254555041828,134.3817225921448,500.7339149020871,15.288,0.2216666659276531,11.229481369291548,0.0853145123398708,2.6504131815391338e-05,-0.3052652848460567,0.0827923923834342,0.0228831606121725,0.3957815873439541,17.27803824000235,28.94825844537272,1.762546647979541
9.04,31.221421612817583,131.01259181613267,256.634637750378,-0.3910540099230965,0.0159286064349175,-0.3560967142860375,1.0157442035297268,1.4033269330390228,0.0,28.93884116701088,26.30433530149728,-14.11108928327957,19.018293463268485,134.3692469779795,500.427438462529,15.288,0.2249999992498735,11.228982660993728,0.0852880524111162,2.6475523092237047e-05,-0.3046797524726214,0.0827526682840396,0.0228323529864057,0.391378276402939,17.2959452454983,28.941343226626543,1.7685778574669142
9.05,31.22142076446542,131.01259439682903,256.56541792584045,-0.3860981984490654,0.0288621462098206,-0.3639737171745407,1.0122850449600629,1.4109829885185108,0.0,28.92979014536607,26.275552156056847,-14.291433231422946,19.02135240003584,134.35684503329838,500.1177987772709,15.288,0.2283333325720939,11.228477318390048,0.0852613104489312,2.644646622934468e-05,-0.304099847047605,0.0827263569219117,0.0227819202567273,0.3871754508235666,17.313848165579508,28.93432380049931,1.7742803817131827
9.06,31.221419918096263,131.01259697516593,256.49529288964817,-0.3809084031862134,0.0417317072113695,-0.3719533156659144,1.0084694667003735,1.4183841597023474,0.0,28.92064400882325,26.24644350633013,-14.47146004877392,19.0244292386938,134.3445231174984,499.80500896955374,15.288,0.2316666658943142,11.227965356985605,0.085234287333032,2.641697258392326e-05,-0.3035258063166606,0.0827133724156723,0.0227318804859706,0.3831875798450315,17.331739273617988,28.927199209483508,1.7796554606991595
9.07,31.22141907373411,131.01259955111675,256.42426479654074,-0.3754899063464675,0.0545293769337232,-0.3800326704240278,1.0043014945344635,1.4255258793803915,0.0,28.911403055988163,26.2170111931404,-14.65117545657028,19.02752181525124,134.33228751859022,499.4890822252685,15.288,0.2349999992165346,11.227446792576009,0.0852069839470495,2.638705339207573e-05,-0.3029578619408636,0.0827136206038204,0.0226822512502782,0.379428623259144,17.349610924355787,28.919968509194103,1.7847045568656492
9.08,31.221418231402783,131.01260212465516,256.3523358231146,-0.3698481053215831,0.0672473221724454,-0.3882088740750628,0.9997853561024846,1.4324037545284227,0.0,28.902067586715194,26.187257071207405,-14.830585283258092,19.03062793038297,134.32014444986297,499.1700317902641,15.288,0.238333332538755,11.226921641014972,0.0851794011783316,2.635671976271912e-05,-0.3023962393843584,0.0827269991536422,0.0226330496308264,0.3759119052904899,17.367455557074145,28.91263076895552,1.7894293515461073
9.09,31.221417391126057,131.0126046957548,256.2795081737836,-0.3639885089566011,0.0798777938253449,-0.3964789542658974,0.994925476917211,1.4390135684492276,0.0,28.892637902186348,26.15718300885576,-15.009695459572136,19.03374535145992,134.3081000466068,498.84787097296186,15.288,0.2416666658609754,11.226389918405223,0.0851515399181702,2.632598267164983e-05,-0.3018411578068303,0.0827533976749553,0.0225842922060798,0.3726499842541884,17.385265699333857,28.905185072635238,1.793831741266638
9.1,31.221416552927497,131.01260726438954,256.2057840758111,-0.3579167335628348,0.0924131311497299,-0.4048398767270182,0.9897264763445646,1.445351282742004,0.0,28.88311430489529,26.12679088772352,-15.18851201357704,19.03687181459992,134.2961603628957,498.5226131430836,15.288,0.2449999991831957,11.22585164101549,0.0851234010617605,2.629485295575281e-05,-0.3012928299608583,0.0827926978385529,0.0225359950443489,0.3696545196329935,17.403033970226804,28.897630519297085,1.7979138339447003
9.11,31.221415716830567,131.01260983053328,256.1311657793093,-0.3516384989586986,0.1048457660895234,-0.4132885483728974,0.9841931634356746,1.451413039152853,0.0,28.873497098664643,26.096082602474887,-15.367041065672424,19.04000502673785,134.28433136843267,498.1942717319743,15.288,0.2483333325054161,11.225306825288817,0.0850949855082495,2.626334130737972e-05,-0.3007514620941662,0.0828447734992696,0.0224881736968026,0.3669361396773075,17.42075308369067,28.889966223898707,1.8016779449703597
9.12,31.221414882858568,131.01261239416016,256.05565555922686,-0.3451596244234684,0.1171682274354306,-0.4218218204199911,0.9783305326594444,1.4571951612834684,0.0,28.863786588644786,26.065060060512376,-15.545288823565684,19.04314266771261,134.27261894545887,497.86286023238216,15.288,0.2516666658276365,11.224755487801042,0.0850662941607284,2.623145826886261e-05,-0.3002172538568266,0.0829094908235133,0.0224408431908807,0.3645043124312613,17.438415851676556,28.88219131794423,1.8051265931740357
9.13,31.221414051034674,131.0126149552443,255.979255717338,-0.3384860247499826,0.1293731451915099,-0.4304364915350058,0.972143759466516,1.462694156191736,0.0,28.853983081373567,26.03372518169268,-15.723261577216212,19.04628239236938,134.26102888572856,497.5283921998546,15.288,0.2549999991498568,11.22419764539363,0.0850373279264129,2.619921422720416e-05,-0.2996903982134297,0.082986708421184,0.0223940180241434,0.3623672238638435,17.456015187506267,28.874304950230297,1.8082624966724579
9.14,31.221413221381948,131.01261751376003,255.90196857130965,-0.3316237059915228,0.1414532542758218,-0.4391293109726457,0.9656381958561904,1.467906715804978,0.0,28.844086884719275,26.002079898044272,-15.90096569375418,19.049421832675016,134.24956688755196,497.1908812505945,15.288,0.2583333324720772,11.223633314966134,0.0850080877164713,2.6166619408924146e-05,-0.2991710813602711,0.0830762774817949,0.0223477121584667,0.3605316658569197,17.4735441086397,28.86630628737065,1.8110885686120006
9.15,31.22141239392328,131.0126200696818,255.8237964646389,-0.3245787614941454,0.1534013988198863,-0.4478969817551849,0.9588193657071032,1.4728297182588417,0.0,28.834098307962392,25.97012615348663,-16.078407612378005,19.052558599845,134.23823855290755,496.8503410637719,15.288,0.2616666657942976,11.223062513675435,0.0849785744462673,2.613368387506025e-05,-0.2986594826475584,0.0831780419147195,0.0223019390147448,0.3590029384891549,17.490995739986992,28.858194514553563,1.8136079127823619
9.16,31.2214115686814,131.0126226229842,255.7447417676493,-0.3173573676212281,0.1652105357813741,-0.456736163832377,0.9516929601211572,1.47746022904606,0.0,28.824017661758905,25.93786590355309,-16.255593839233818,19.055690286479496,134.2270493846252,496.5067853800244,15.288,0.264999999116518,11.222485258786309,0.0849487890352478,2.6100417516353577e-05,-0.29815577450666,0.0832918384934352,0.0222567114679283,0.3577847688008395,17.508363316615945,28.84996883607284,1.8158238191270986
9.17,31.221410745678952,131.01262517364188,255.66480686556287,-0.3099657796277699,0.1768737388422224,-0.4656434772597247,0.9442648325994036,1.4817955020622182,0.0,28.8138452581798,25.905301115115712,-16.43253094228068,19.05881446870761,134.21600478364235,496.1602280021434,15.288,0.2683333324387384,11.221901567746128,0.0849187324070655,2.6066830048581088e-05,-0.2976601223824265,0.0834174970035904,0.0222120418425184,0.3568792496475712,17.525640186726722,28.841628475979885,1.8177397591322937
9.18,31.22140992493837,131.01262772162968,255.5839941704274,-0.3024103274352529,0.1883842020533668,-0.4746155053741274,0.9365409941564876,1.4858329804994663,0.0,28.80358141071959,25.87243376611335,-16.609225546144824,19.06192870833692,134.2051100463338,495.8106827954568,15.288,0.2716666657609587,11.221311458168294,0.0848884054895931,2.603293100808228e-05,-0.2971726846705938,0.0835548403947794,0.0221679419084877,0.3562868004513506,17.542819814413217,28.833172678664877,1.8193593811056374
9.19,31.221409106482007,131.01263026692254,255.502306116146,-0.2946974113893395,0.1997352433954561,-0.4836487979575166,0.9285276083444792,1.489570297603972,0.0,28.79322643430689,25.839265845281528,-16.785684326967175,19.065030555007464,134.19437036191792,495.45816368713326,15.288,0.2749999990831791,11.220714947823907,0.0848578092149676,2.5998729747437663e-05,-0.296693612660253,0.0837036849359294,0.0221244228775669,0.3560061515379482,17.559895782365285,28.824600709426747,1.82068650534013
9.2,31.22140829033204,131.01263280949547,255.4197451535112,-0.2868334979786877,0.2109203081934335,-0.4927398744016049,0.920230986203155,1.4930052772911877,0.0,28.78278064530764,25.805799351887178,-16.961914007246843,19.06811754834768,134.18379080993887,495.10268466664735,15.288,0.2783333324053995,11.220112054608574,0.0848269445195847,2.596423543133086e-05,-0.2962230504814197,0.0838638403741129,0.0220814954000046,0.3560343527298962,17.57686179445502,28.815911855012875,1.8217251191694857
9.21,31.22140747651048,131.01263534932377,255.33631375914544,-0.2788251156354653,0.2219329726416789,-0.5018852268613969,0.9116575810909748,1.4961359346425684,0.0,28.772244361569246,25.772036295464808,-17.137921350684795,19.071187220130973,134.17337635782803,494.74425978629694,15.288,0.2816666657276198,11.2195027966337,0.0847958123442402,2.5929457032585404e-05,-0.2957611350577007,0.0840351100966435,0.0220391695617145,0.3563668063108568,17.593711678441423,28.80710542421696,1.8224793719082681
9.22,31.22140666503921,131.01263788638263,255.25201442954108,-0.2706788503411161,0.2327669468428553,-0.5110813233826726,0.9028139835156156,1.4989604762295057,0.0,28.76161790238933,25.73797869555697,-17.313713157031003,19.074237096431023,134.16313185854426,494.3829031600919,15.288,0.2849999990498402,11.21888719209372,0.08476441363403,2.589440332838264e-05,-0.2953079960640201,0.0842172912963961,0.0219974548818187,0.3569973228039342,17.610439388258353,28.79818074832505,1.8229535696885166
9.23,31.22140585593997,131.01264042064764,255.16684967907167,-0.2624013414346157,0.243416078191617,-0.5203246110290953,0.8937069158087906,1.5014773003410606,0.0,28.750901588573942,25.70362858145785,-17.489296256938747,19.077264699774407,134.15306204829497,494.0186289650736,15.288,0.2883333323720606,11.218265259398848,0.0847327493385274,2.5859082896651245e-05,-0.2948637558894586,0.0844101751400812,0.0219563603106463,0.3579181985540589,17.627039006631367,28.789137181705254,1.82315217018397
9.24,31.22140504923433,131.01264295209427,255.08082204695043,-0.2539992772114803,0.2538743542276755,-0.5296115189725596,0.8843432268183246,1.5036849970354995,0.0,28.74009574241163,25.66898799196077,-17.664677506829207,19.08026755128824,134.14317154433903,493.6514514404449,15.288,0.291666665694281,11.21763701705892,0.0847008204116972,2.582350411264078e-05,-0.2944285296051339,0.084613546939456,0.0219158942281075,0.3591203117905995,17.64350474724133,28.779974102229797,1.823079777233437
9.25,31.22140424494374,131.01264548069827,254.9939340853008,-0.2454793906568007,0.264135905677581,-0.5389384615658676,0.8747298864823358,1.5055823480828932,0.0,28.72920068770527,25.634058975108186,-17.83986378377012,19.08324317284188,134.13346484287223,493.2813848876495,15.288,0.2949999990165013,11.217002483741476,0.0846686278120016,2.578767514567756e-05,-0.2940024249371422,0.0848271863252652,0.021876064442474,0.3605932348388109,17.659830957079933,28.77069091178451,1.822741135356083
9.26,31.22140344308945,131.0126480064355,254.90618837009413,-0.236848455115887,0.2741950092573228,-0.5483018413936765,0.8648739803747028,1.5071683267592115,0.0,28.718216749779465,25.598843587946696,-18.01486198037197,19.086189089180976,134.1239463169962,492.9084436711284,15.288,0.2983333323387217,11.216361678255168,0.0846361725024029,2.575160395609992e-05,-0.293585542244557,0.0850508674237296,0.0218368781896176,0.3623253586826713,17.676012118613503,28.761287036716272,1.8221411241698704
9.27,31.221402643692592,131.01265052928193,254.8175875001502,-0.22811328000488,0.2840460904493084,-0.5576980522808607,0.8547827041821217,1.50844209751369,0.0,28.707144255503763,25.5633438962852,-18.189678999704817,19.089102830051903,134.1146202147719,492.5326422175072,15.288,0.3016666656609421,11.21571461958294,0.0846034554504562,2.5715298292376985e-05,-0.2931779745024213,0.0852843590355343,0.0217983421325669,0.3643040264888721,17.69204285194867,28.751761928292165,1.821284752705701
9.28,31.22140184677413,131.01265304921358,254.72813408720432,-0.2192807064223525,0.2936837259555791,-0.5671234822751651,0.8444633581768679,1.509403015482166,0.0,28.69598353327373,25.52756197445727,-18.364321750239352,19.09198193231541,134.10549065735827,492.15399501560495,15.288,0.3049999989831625,11.215061326790757,0.084570477628231,2.567876568841121e-05,-0.2927798072897123,0.0855274248171539,0.0217604623615343,0.3665156722312182,17.70791791673376,28.74211506306563,1.82017715363036
9.29,31.22140105235489,131.01265556620675,254.63783076285927,-0.2103576029288027,0.3031026463754171,-0.5765745165982576,0.8339233415832275,1.5100506258985262,0.0,28.684734913058666,25.491499905087185,-18.5387971408155,19.09482394204794,134.09656163723645,491.7725166171086,15.288,0.3083333323053829,11.21440181913548,0.084537240012463,2.5642013461028017e-05,-0.2923911187823054,0.0857798234642629,0.0217232443943199,0.3689459615695464,17.72363221428522,28.73234594334445,1.818823577372028
9.3,31.22140026045552,131.0126580802378,254.54668018057765,-0.201350861151748,0.3122977383887446,-0.5860475405432032,0.8231701469831096,1.5103846633377307,0.0,28.673398726373748,25.4551597788606,-18.71311207564189,19.09762641662916,134.08783701652084,491.38822163529767,15.288,0.3116666656276032,11.213736115948684,0.0845037435844693,2.5605048707645776e-05,-0.2920119797508479,0.0860413088971962,0.0216866931770806,0.3715799310976953,17.739180789299564,28.722454097505526,1.8172293861554083
9.31,31.22139947109653,131.0126605912832,254.45468500574103,-0.1922673916059482,0.3212640472469175,-0.5955389423556728,0.8122113546055763,1.5104050508692013,0.0,28.661975306335,25.418543694298684,-18.8872734493291,19.100386926814167,134.07932052535645,491.00112474677286,15.288,0.3149999989498236,11.213064236769448,0.0844699893303048,2.556787830413448e-05,-0.2916424535635293,0.0863116304482706,0.0216508130855583,0.3744021240850165,17.754558831865484,28.712439080440685,1.8154000479518373
9.32,31.22139868429825,131.0126630993196,254.36184792956416,-0.1831141192875781,0.3299967786552355,-0.6050451160384899,0.8010546266891652,1.5101118990321103,0.0,28.65046498761648,25.381653757536885,-19.0612881419604,19.10310305878905,134.07101576040424,490.61124068918014,15.288,0.318333332272044,11.212386201186646,0.0844359782406433,2.553050890285124e-05,-0.2912825961937021,0.0865905330508403,0.0216156079265918,0.3773967194362019,17.769761678960013,28.70230047380919,1.8133411303393838
9.33,31.22139790008089,131.01266560432373,254.2681716531933,-0.1738979795317608,0.3384913010453644,-0.6145624641437121,0.7897077017200808,1.5095055047328585,0.0,28.63886810650722,25.34449208210797,-19.23516301420284,19.10577241620855,134.06292618341365,490.2185842628925,15.288,0.3216666655942643,11.211702028980076,0.0844017113109422,2.549294693087816e-05,-0.2909324562323114,0.0868777574299278,0.0215810809401093,0.3805476531920845,17.784784816319725,28.69203788645116,1.8110582942879572
9.34,31.22139711846448,131.01266810627249,254.1736588996344,-0.1646259137050715,0.346743147350788,-0.6240874004953513,0.7781783887308426,1.5085863499784404,0.0,28.627185000892595,25.307060788729583,-19.40890490246162,19.10839262221439,134.0550551198833,489.82317033010304,15.288,0.3249999989164847,11.211011740037431,0.0843671895413835,2.5455198588426807e-05,-0.2905920749051015,0.0871730402942703,0.0215472348014412,0.3838387302451007,17.799623879894977,28.68165095464736,1.808557287864017
9.35,31.221396339468868,131.0126706051429,254.078312407788,-0.1553048649797208,0.3547480167920549,-0.6336163528655471,0.7664745615610215,1.5073551004975427,0.0,28.615416010260148,25.269362005096088,-19.58252061408138,19.110961321433084,134.0474057578098,489.425013814369,15.288,0.3283333322387051,11.210315354346008,0.0843324139368957,2.5417269847439066e-05,-0.2902614860945303,0.0874761145296613,0.0215140716240057,0.3872537259935483,17.8142746573412,28.671139342405013,1.805843939861569
9.36,31.221395563113795,131.0126731009121,253.98213493245007,-0.1459417741964955,0.3625017766708094,-0.6431457656101635,0.754604153086097,1.5058126042511584,0.0,28.60356147572978,25.231397865674847,-19.75601692259652,19.113476181951857,134.03998114652487,489.02412970148384,15.288,0.3316666655609255,11.209612892059113,0.0842973855072366,2.537916645036253e-05,-0.2899407163663836,0.0877867093933704,0.0214815929624053,0.3907764774795838,17.82873308954419,28.660502741769225,1.8029241533682787
9.37,31.2213947894188,131.0126755935574,253.88512924530647,-0.136543144511932,0.3699995926597157,-0.6526720503618724,0.7425753294250395,1.503959800869663,0.0,28.591621568669368,25.19317051150636,-19.929400563034434,19.11593489727163,134.0327841956206,488.62052718091576,15.288,0.3349999988831459,11.20890385900062,0.0842621047619145,2.5340893909127426e-05,-0.2896297850009357,0.0881045507096819,0.0214497996872544,0.3943899969783835,17.84299449749211,28.64974056482724,1.7998038803786909
9.38,31.22139401840328,131.01267808305627,253.78729813294467,-0.1271090213587681,0.3772238200238697,-0.6621907678426102,0.7303991935986275,1.5017963745548495,0.0,28.579593910761343,25.15468208711505,-20.10267822745912,19.118335188766512,134.02581767241617,488.214128346878,15.288,0.3383333322053662,11.208180073928062,0.0842265646963102,2.53024575084386e-05,-0.2893287079893651,0.088429353085384,0.0214186904992237,0.39806316114251,17.85704282347346,28.638847661773763,1.7964887825009095
9.39,31.221393250086464,131.0126805693862,253.68864440182404,-0.1176535505626408,0.3841855036064324,-0.6716992030314881,0.7180809950707076,1.4993250998021894,0.0,28.567481733927814,25.11593474375096,-20.27585656105795,19.120674809525703,134.01908419549164,487.8050470483733,15.288,0.3416666655275866,11.2074501956356,0.0841907748397135,2.526386229592452e-05,-0.2890374940549859,0.088760828256216,0.0213882677539057,0.4017967790877523,17.870887515823217,28.62782899949974,1.7929851894903424
9.4,31.22139248448743,131.01268305252486,253.5891708683364,-0.1081836267907878,0.3908812069403107,-0.6811938913130974,0.7056288439734044,1.4965475351006488,0.0,28.555285386252624,25.0769306410191,-20.448942157024007,19.12295154455873,134.0125862389097,487.3932985314355,15.288,0.344999998849807,11.206714244990897,0.0841547362224866,2.522511308016489e-05,-0.2887561409029371,0.0890986929055538,0.0213585308113443,0.4055756815606809,17.88452515039788,28.61668438638629,1.7892992225520443
9.41,31.221391721625075,131.0126855324502,253.4888803687454,-0.0987061219019419,0.3973076682891137,-0.6906713970558866,0.6930508804916915,1.4934654120357795,0.0,28.543005217480303,25.03767194433804,-20.621941551857248,19.12516321196352,134.0063261335072,486.9788981026944,15.288,0.3483333321720273,11.20597224296248,0.084118449879911,2.518621443691596e-05,-0.2884846391174671,0.0894426610831703,0.0213294784929781,0.4093850578849562,17.897952462226943,28.605413659922576,1.7854370441459537
9.42,31.221390961518136,131.01268800914005,253.38777574825417,-0.0892278808922181,0.4034618015008459,-0.700128315888689,0.6803552691961015,1.4900806330902268,0.0,28.530641579004904,24.99816082477537,-20.794861220970983,19.127307664745928,134.0003060662659,486.5618611290798,15.288,0.3516666654942477,11.205224210636608,0.0840819168521436,2.5147170708974783e-05,-0.2882229722152688,0.0897924444034663,0.0213011090867973,0.4132104892220327,17.911166346355092,28.594016686828205,1.781404851274017
9.43,31.22139020418524,131.0126904825726,253.2858598749187,-0.0797557179405077,0.409340696857513,-0.7095612769151999,0.667550193376838,1.4863952693423252,0.0,28.518194823873028,24.958399458875704,-20.967707574367235,19.129382792610137,133.99452807976996,486.1422030372137,15.288,0.3549999988164681,11.20447016921724,0.0840451381842309,2.5107986006241422e-05,-0.2879711167030659,0.0901477522437861,0.0212734203528032,0.4170379747969251,17.924163858710664,28.582493363189144,1.7772088687315923
9.44,31.22138944964476,131.01269295272607,253.18313562474168,-0.070296412475094,0.414941621763299,-0.7189669448654957,0.6546438494161259,1.4824115580554704,0.0,28.505665306778333,24.918390028494223,-21.14048695238325,19.131386523718408,133.98899407175028,485.71993931282736,15.288,0.3583333321386885,11.203710140000805,0.0840081149260915,2.506866420595602e-05,-0.2877290421393429,0.0905082919427479,0.0212464095287929,0.4208539517286385,17.936942216854252,28.5708436145598,1.7728553423345164
9.45,31.22138869791497,131.0126954195788,253.0796058926028,-0.0608567053231665,0.4202620213881276,-0.7283420221876414,0.6416444411802856,1.4781319001727669,0.0,28.49305338406904,24.87813472063459,-21.31320562151185,19.13331682641971,133.98370579471427,485.29508550067305,15.288,0.3616666654609088,11.202944144393047,0.0839708481325356,2.5029208953099005e-05,-0.2874967112001663,0.0908737689984013,0.0212200733364681,0.424645309387803,17.949498800711886,28.559067396071093,1.7683505321316524
9.46,31.221387949014,131.01269788310938,252.97527357834807,-0.0514432948723372,0.4252995191234836,-0.7376832510673909,0.6285601744649295,1.4735588577050438,0.0,28.48035941374032,24.83763572729092,-21.48586977029741,19.13517171094596,133.9786648556614,484.8676572037117,15.288,0.3649999987831292,11.20217220388378,0.0839333388632448,2.4989623660992425e-05,-0.2872740797490008,0.0912438872661106,0.0211944079878282,0.4283993988664721,17.961831153164667,28.547164692493915,1.7637007056044773
9.47,31.22138720295976,131.01270034329636,252.8701416076572,-0.0420628333473677,0.4300519170502264,-0.7469874153898965,0.6153992514557712,1.468695151035849,0.0,28.467583755451496,24.7968952452952,-21.65848550531055,19.13694923107552,133.97387271588315,484.43767008313614,15.288,0.3683333321053496,11.201394340097345,0.0838955881828245,2.494991151204244e-05,-0.2870610969104469,0.0916183491560209,0.0211694091918773,0.4321040384926702,17.973936980671112,28.53513551832933,1.758912130869367
9.48,31.221386459770027,131.0127028001186,252.76421291018167,-0.0327219230537662,0.4345171961197977,-0.7562513426284146,0.60216986527234,1.4635436561148722,0.0,28.45472677050899,24.755915476169267,-21.831058847202737,19.138647485762785,133.96933069084704,484.00513985766287,15.288,0.37166666542757,11.200610574742148,0.0838575971607471,2.491007545867256e-05,-0.2868577051478152,0.0919968558299728,0.021145072161615,0.4357475157074567,17.985814153656264,28.522979917819484,1.7539910698813366
9.49,31.22138571946241,131.01270525355503,252.6574904304768,-0.0234271127261671,0.4386935163217564,-0.7654719056700284,0.5888801945419195,1.4581074015711433,0.0,28.441788821867664,24.714698625980954,-22.00359572684371,19.14026462073316,133.96503995016351,483.5700823032788,15.288,0.3749999987497903,11.19982092961908,0.0838193668713523,2.4870118224413174e-05,-0.2866638403444664,0.0923791073977099,0.0211213916213162,0.43931858616305,17.997460706910164,28.51069796497482,1.7489437716548766
9.5,31.221384982054367,131.01270770358465,252.5499771329696,-0.01418489391942,0.4425792167085756,-0.7746460245613545,0.5755383980345422,1.452389565735602,0.0,28.42877027412598,24.67324690520516,-22.176101981543567,19.14179883004289,133.96100151763545,483.13251325172416,15.288,0.3783333320720107,11.19902542661312,0.0837808983938509,2.483004230517092e-05,-0.2864794318888134,0.0927648031122814,0.0210983618140334,0.4428064704541837,18.008874839878597,28.49828976357268,1.7437764655019659
9.51,31.221384247563176,131.0127101501867,252.44167598108933,-0.0050016975019459,0.4461728153920977,-0.7837706682141344,0.5621526093374163,1.4463934735890407,0.0,28.415671493537207,24.63156252859001,-22.34858335136088,19.14324835760309,133.95721627138877,482.6924485916376,15.288,0.3816666653942311,11.198224087735351,0.0837421928123333,2.4789849970650245e-05,-0.2863044027628852,0.0931536415645347,0.0210759765094685,0.4462008490209338,18.02005491694733,28.48575544716754,1.7384953543161017
9.52,31.22138351600596,131.0127125933406,252.33258996609,0.0041161098929273,0.4494730092305885,-0.7928428560069225,0.548730931636104,1.4401225936061155,0.0,28.40249284798053,24.589647715026445,-22.52104547549975,19.144611498666777,133.9536849440836,482.2499042662192,15.288,0.3849999987164515,11.1974169350473,0.0837032512157017,2.474954326594248e-05,-0.2861386696344095,0.0935453208764817,0.021054229011983,0.4494918553654229,18.03099946747052,28.47309517901257,1.733106607877959
9.53,31.221382787399687,131.01271503302576,252.22272207325844,0.0131622292357441,0.4524786736315788,-0.8018596593484631,0.5352814325122479,1.4335805345467707,0.0,28.38923470697584,24.54750468742318,-22.69349388879644,19.145886601279017,133.95040812320468,481.8048962737532,15.288,0.3883333320386718,11.196603990719805,0.0836640746977042,2.47091240132724e-05,-0.2859821429522707,0.0939395388935138,0.0210331121689484,0.4526700683370935,18.041707185917577,28.460309152043116,1.7276163562302256
9.54,31.221382061761137,131.01271746922183,252.11207531669783,0.0221304324850489,0.4551888620883273,-0.810818203155185,0.5218121388457387,1.426771042155272,0.0,28.37589744166756,24.505135672586167,-22.865934018298265,19.147072067689177,133.94738625143034,481.3574406663928,15.288,0.3916666653608922,11.195785276999352,0.0836246643568912,2.466859381390665e-05,-0.2858347270452883,0.0943359933752678,0.0210126183792868,0.4557265034069588,18.052176931799945,28.44739758878733,1.7220306831027745
9.55,31.22138133910695,131.01271990190855,252.00065271051008,0.0310145658495817,0.457602805722091,-0.8197156672719049,0.5083310317647329,1.4196979958002558,0.0,28.362481424828992,24.46254290110185,-23.0383711799358,19.14816635572474,133.94461962707842,480.9075535500094,15.288,0.3949999986831126,11.194960816241744,0.0835850212966248,2.4627954050207816e-05,-0.2856963202241846,0.0947343821850955,0.0209927396022752,0.4586526034453304,18.062407729617256,28.43436074129839,1.716355619417283
9.56,31.22138061945361,131.0127223310659,251.8884572846933,0.0398085530531988,0.4597199125737519,-0.828549287815314,0.4948460417035432,1.412365405031233,0.0,28.348987030839204,24.419728607225764,-23.210810575289862,19.149167980126325,133.9421084046282,480.45525108305714,15.288,0.3983333320053329,11.194130630861633,0.0835451466250078,2.458720588785117e-05,-0.2855668148866652,0.0951344034779775,0.0209734673665507,0.4614402289634025,18.07239876859453,28.421198891019795,1.710597136867114
9.57,31.2213799028174,131.01272475667383,251.77549208315665,0.0485063984669973,0.4615397669190501,-0.8373163584506935,0.48136504351403,1.4047774060833695,0.0,28.335414635682728,24.3766950287742,-23.383257288455297,19.15007551384309,133.93985259531766,480.0005494756341,15.288,0.4016666653275534,11.19329474335774,0.0835050414548931,2.4546350278176065e-05,-0.2854460976255384,0.095535755886724,0.0209547927793267,0.4640816482552981,18.08214940245321,28.40791234867729,1.7047611415939519
9.58,31.22137918921449,131.0127271787126,251.6617601508012,0.0571021901832273,0.4630621284483046,-0.8460142316122518,0.4678958516653867,1.3969382583184704,0.0,28.32176461694408,24.333444407021776,-23.55571628300224,19.15088758928886,133.93785206781362,479.54346498941584,15.288,0.4049999986497737,11.192453176321278,0.0834647069038546,2.4505387960704324e-05,-0.28533404933972,0.0959381387064481,0.0209367065358557,0.4665695274375355,18.091659149071614,28.394501454144333,1.698853467974795
9.59,31.22137847866085,131.01272959716252,251.5472645533937,0.0655901030629866,0.4642869312600196,-0.8546403196415979,0.454446215549645,1.3888523405976907,0.0,28.308037353783828,24.28997898660147,-23.72819239903656,19.151602899557,133.93610654895488,479.0840139362377,15.288,0.4083333319719941,11.1916059523939,0.0834241440941204,2.4464319465778577e-05,-0.2852305453480774,0.0963412520771065,0.0209191989290478,0.4688969204357739,18.1009276899919,28.38096657625993,1.6928798725155223
9.6,31.221377771172296,131.01273201200408,251.43200835968105,0.0739644016051658,0.4652142829496547,-0.8631920958724513,0.4410238148329028,1.3805241476224337,0.0,28.2942332269529,24.24630101541029,-23.900690350360733,19.15222019959553,133.9346156245659,478.62221267780046,15.288,0.4116666652942145,11.190753094343377,0.0833833541526208,2.4423145117357248e-05,-0.2851354555059678,0.096744797164073,0.0209022598592977,0.4710572593027035,18.109954870018417,28.367308112699664,1.6868460278860928
9.61,31.221377066764497,131.01273442321792,251.31599465231992,0.0822194429138921,0.4658444632716889,-0.8716670956369139,0.4276362549701289,1.3719582861863813,0.0,28.280352618742928,24.202412744517986,-24.073214721735724,19.152738307340524,133.93337874034034,478.1580776241687,15.288,0.4149999986164348,11.189894624945875,0.0833423382108287,2.4381865035943567e-05,-0.2850486443243951,0.0971484763365997,0.0208858788444893,0.4730443444274472,18.11874069644604,28.353526489715804,1.680757517078666
9.62,31.22137636545294,131.01273683078475,251.199226521916,0.0903496793920175,0.4661779230733334,-0.8800629172171834,0.4142910627347684,1.363159471422466,0.0,28.26639591300652,24.158316428080408,-24.245769966245604,19.153156104808367,133.93239520279266,477.6916252332668,15.288,0.4183333319386552,11.189030567086888,0.0833010974048347,2.4340479141637635e-05,-0.2849699710916811,0.0975519933440546,0.0208700450301641,0.4748523353580454,18.12728533853483,28.339622161990032,1.6746198277374778
9.63,31.22137566725297,131.01273923468554,251.0817070680166,0.0983496614877875,0.4662152828882309,-0.888377222732251,0.4009956818982829,1.3541325229772645,0.0,28.25236349513064,24.11401432325656,-24.4183604027652,19.15347253914612,133.93166418027687,477.2228720102578,15.288,0.4216666652608756,11.188160943719131,0.0832596328752528,2.42989871573323e-05,-0.2848992899975322,0.0979550534898714,0.0208547471998819,0.4764757417073373,18.13558912668793,28.325595612385893,1.6684383466449422
9.64,31.22137497217978,131.01274163490126,250.9634393981176,0.1062140403308482,0.4659573314923755,-0.8966077389524457,0.3877574689978197,1.3448823611515073,0.0,28.23825575201973,24.06950869012948,-24.590990213532123,19.153686623639867,133.93118470407026,476.7518345061529,15.288,0.424999998583096,11.18728577785421,0.0832179457671783,2.4257388612029338e-05,-0.2848364502594123,0.0983573638030828,0.0208399737856964,0.4779094144569359,18.14365255160006,28.311447351705112,1.6622183543835225
9.65,31.22137428024834,131.01274403141315,250.8444266346196,0.1139375702665691,0.4654050244095483,-0.9047522580560974,0.3745836891969578,1.3354140030078907,0.0,28.224073072086025,24.02480179163052,-24.763663441823663,19.15379743868045,133.93095566952147,476.2785293168753,15.288,0.4283333319053163,11.186405092579372,0.0831760372301622,2.421568284428296e-05,-0.2847812962511124,0.0987586332073497,0.0208257128787897,0.4791485376658711,18.15147626336272,28.29717791844321,1.6559650201920235
9.66,31.221373591473544,131.0127464242026,250.7246718999208,0.1215151113242085,0.4645594822946786,-0.9128086383300976,0.3614815122567698,1.325732558442264,0.0,28.209815845234107,23.9798958934684,-24.93638398973924,19.15380413268717,133.93097583726043,475.8029730827549,15.288,0.4316666652275367,11.185518911057548,0.0831339084181555,2.417386900575916e-05,-0.2847336676333876,0.0991585726874367,0.0208119522402659,0.4801886205368406,18.159061070461934,28.28278787852019,1.6496833970272475
9.67,31.22137290587005,131.01274881325105,250.6041783353011,0.1289416316502801,0.46342198914285,-0.9207748047910214,0.3484580086335301,1.3158432262137036,0.0,28.19548446282803,23.934793264060847,-25.10915561608911,19.15370592298788,133.93124383446988,475.32518248644993,15.288,0.4349999985497571,11.184627256476883,0.0830915604894235,2.413194606490949e-05,-0.2846933994865963,0.0995568954529745,0.0207986793120176,0.481025489800502,18.166407938621862,28.268277824966464,1.6433784168265313
9.68,31.221372223452423,131.01275119854014,250.48294908303137,0.1362122097362319,0.4619939906391837,-0.9286487497755318,0.3355201456346342,1.3057512899746395,0.0,28.181079317700327,23.889496174469485,-25.281981934389663,19.15350209665654,133.93175815621572,474.8451742534245,15.288,0.4383333318719775,11.183730152134828,0.0830489946065585,2.4089912810763366e-05,-0.2846603224452193,0.0999533170994461,0.0207858812277915,0.4816552827105617,18.173517989770485,28.25364837767283,1.6370548860245278
9.69,31.221371544235023,131.01275358005165,250.3609872903517,0.1433220367387648,0.4602770920920272,-0.9364285334369408,0.322674783758576,1.2954621142385572,0.0,28.1666008040994,23.844006898339543,-25.454866410966147,19.153192011307457,133.9325171668353,474.3629651493608,15.288,0.4416666651941978,11.182827621328828,0.0830062119363322,2.404776785683268e-05,-0.2846342628341445,0.1003475557663296,0.0207735448242748,0.4820744401474428,18.18039250063353,28.2389001830134,1.6307174812750171
9.7,31.221370868232043,131.01275595776747,250.23829612039856,0.1502664185085993,0.4582730566695776,-0.9441122842123492,0.3099286730612227,1.2849811403736426,0.0,28.152049317707377,23.798327711841264,-25.62781236316244,19.152775095845943,133.93351910138213,473.87857198005776,15.288,0.4449999985164182,11.181919687474032,0.0829632136497542,2.4005509645105765e-05,-0.284615042806612,0.1007393322923147,0.0207616566523396,0.4822797004719975,18.18703290159274,28.224033913586677,1.6243707454587135
9.71,31.22137019545755,131.0127583316697,250.1148787392912,0.1570407777425901,0.4559838031670279,-0.951698199217582,0.297288449721457,1.2743138825340563,0.0,28.137425255585534,23.75246089361561,-25.8008229576589,19.15225085117548,133.93476206712486,473.39201158992455,15.288,0.4483333318386386,11.18100637399401,0.0829200009218936,2.396313645015964e-05,-0.284602480483695,0.1011283703675443,0.0207502029883681,0.4822680934482877,18.19344077512237,28.20905026781048,1.6180190839266377
9.72,31.22136952592545,131.0127607017406,249.99073832507185,0.1636420986101552,0.4534087403955724,-0.959184345975552,0.2847612332385536,1.2634656014955987,0.0,28.122728520469007,23.70640872469004,-25.973901208897985,19.15161885086135,133.93624404509987,472.9032841893946,15.288,0.451666665160859,11.180086136838993,0.0828765734710743,2.3920646383398508e-05,-0.284596390129121,0.101514396619721,0.0207391694825398,0.482034919183852,18.199615502756448,28.19394905551689,1.611666496420002
9.73,31.22136885964948,131.01276306796245,249.865878054788,0.170074144160928,0.4505351908907728,-0.9665678091751184,0.2723570641242045,1.2524399812927312,0.0,28.10795674537073,23.660173484252223,-26.147049977991472,19.150878742889404,133.93796288912557,472.41231371963096,15.288,0.4549999984830793,11.179150198689255,0.0828329243268531,2.3878037402430312e-05,-0.2845965883652216,0.1018971294784574,0.020728540303414,0.4815667934714387,18.205545813529035,28.17872591836174,1.6053154228538642
9.74,31.2213681966432,131.01276543031784,249.74030111939928,0.17632321811785,0.4473830735010824,-0.9738481908549548,0.2600784839527507,1.2412447233023016,0.0,28.09311360049299,23.61375745545193,-26.32027197236253,19.150030253317446,133.93991632055807,471.91922713465937,15.288,0.4583333318052997,11.178208883000329,0.0827890643101473,2.383530730215298e-05,-0.2846028865878848,0.1022762937390259,0.0207183037115754,0.4808750979756126,18.21124923104186,28.163387655242847,1.5989714130566677
9.75,31.22136753692005,131.01276778878935,249.6140107138398,0.1823852225621661,0.4439549200350285,-0.9810239658470848,0.2479316369684664,1.2298855920937115,0.0,28.07819948870696,23.567162926243792,-26.49356974345164,19.149073183668747,133.9421019372774,471.4240414373736,15.288,0.4616666651275201,11.177262213753844,0.0827449946131701,2.379245372092932e-05,-0.2846150882385558,0.10265162599828,0.0207084450009895,0.4799579926524664,18.216727942424544,28.14793506665992,1.5926382790250602
9.76,31.22136688049328,131.0127701433599,249.48701003999824,0.188256185368321,0.440253406503803,-0.9880936789784842,0.2359225376112977,1.2183684048272063,0.0,28.063214814151976,23.520392186824964,-26.6669456852664,19.148007410487946,133.9445172175753,470.9267736627888,15.288,0.4649999984497404,11.176310214956976,0.0827007164318774,2.3749474151650576e-05,-0.2846329934370176,0.1030228664301981,0.0206989492482739,0.4788139051606036,18.2219842786983,28.13236897702816,1.5863196815495235
9.77,31.221366227375988,131.01277249401235,249.3593023087085,0.1939322617331518,0.436281350631915,-0.9950559451587296,0.2240570677558102,1.206699027176756,0.0,28.04815998221381,23.4734475295976,-26.84040203334544,19.1468328857821,133.94715952195628,470.4274408772957,15.288,0.4683333317719609,11.175352910650956,0.0826562309658951,2.370636594636369e-05,-0.2846563991279905,0.1033897589184951,0.0206898013244005,0.4774415274774405,18.22702071292571,28.116690234265857,1.5800191283007916
9.78,31.22136557758115,131.01277484072983,249.23089072881527,0.1994097355811938,0.4320417093607785,-1.0019094494126972,0.2123409740612322,1.194883369266225,0.0,28.033035399512112,23.42633124913309,-27.013940863829543,19.145549637417776,133.95002609498104,469.9260601774404,15.288,0.4716666650941812,11.174390324953686,0.0826115394184892,2.366312632098066e-05,-0.2846850992285928,0.1037520511856686,0.0206809859064048,0.4758398129675539,18.2318398583404,28.100899709390152,1.573739972243424
9.79,31.22136493112152,131.0127771834956,249.10177852605628,0.2046850209731879,0.4275375761262215,-1.0086529468590186,0.2007798654783593,1.18292738159548,0.0,28.01784147385812,23.37904564213896,-27.1875640926398,19.144157769473967,133.95311406715243,469.4226486880836,15.288,0.4749999984164016,11.173422482008588,0.082566642996441,2.3619752360049426e-05,-0.2847188847764575,0.1041094949186142,0.0206724874891065,0.4740079737843402,18.236444466261275,28.084998296047477,1.5674854103682205
9.8,31.221364288009767,131.0127795222931,248.9719689251764,0.2097546633356367,0.4227721782331463,-1.015285262654209,0.1893792108447372,1.1708370509987316,0.0,28.00257861424093,23.33159300742788,-27.36127347476216,19.14265746255106,133.95642045684147,468.91722356151473,15.288,0.478333331738622,11.172449406027235,0.0825215429100067,2.357624102160192e-05,-0.2847575440784763,0.1044618458906208,0.0206642903968674,0.4719454788271975,18.240837424076226,28.068986910087904,1.5612584827806086
9.81,31.22136364825837,131.01278185710584,248.8414651558884,0.2146153407156562,0.4177488739672393,-1.0218052918817977,0.1781443366499573,1.1586183965924577,0.0,27.98724723077592,23.28397564588883,-27.53507060363799,19.141048974035463,133.95994217225143,468.4098019757586,15.288,0.4816666650608423,11.171471121212663,0.0824762403727551,2.353258914204149e-05,-0.2848008628600479,0.1048088640797301,0.0206563787953461,0.4696520520436232,18.24502175297633,28.05286648906028,1.5550620721117778
9.82,31.22136301187967,131.01278418791753,248.71027045983064,0.2192638647701405,0.4124711499680954,-1.028211999407838,0.1670804248524725,1.146277465781863,0.0,27.971847734710245,23.2361958604596,-27.708956910659804,19.13933263832067,133.9636760134194,467.9004011336807,15.288,0.4849999983830627,11.170487651870133,0.082430736601598,2.3488793441105464e-05,-0.2848486244147256,0.1051503137834237,0.0206487367032429,0.4671276714317738,18.24900060590251,28.036637991805566,1.5488989033033875
9.83,31.22136237888584,131.01278651471205,248.57838807069027,0.2236971818687948,0.4069426181817233,-1.0345044196819495,0.1561925109023501,1.1338203302433767,0.0,27.956380538362648,23.188255956102346,-27.8829336647719,19.137508866984,133.96761867425292,467.3890382610609,15.288,0.4883333317052831,11.169499022304874,0.0823850328166014,2.344485052687057e-05,-0.2849006097541284,0.1054859637296556,0.0206413480040343,0.4643725683426285,18.252777265100736,28.020302397918403,1.5427715437084868
9.84,31.22136174928889,131.0127888374735,248.44582124501187,0.2279123739946253,0.4011670129662008,-1.0406816565017247,0.1454854818432615,1.1212530819564472,0.0,27.940846055098167,23.14015823977923,-28.057001972174607,19.135578148919848,133.9717667446006,466.8757306050844,15.288,0.4916666650275035,11.168505256839165,0.0823391302409164,2.3400756900797064e-05,-0.2849565977580849,0.1058155871840655,0.0206341964576828,0.4613872274786779,18.25635513979304,28.00386070726761,1.5366824035574727
9.85,31.22136112310072,131.0127911561858,248.31257322741448,0.2319066595017595,0.3951481882446142,-1.0467428827493623,0.1349640745146731,1.108581829275098,0.0,27.92524469932188,23.091905020430968,-28.23116277613215,19.133541050428853,133.97611671235478,466.3604954337188,15.288,0.4949999983497238,11.167506379888955,0.0822930301007608,2.335650896283656e-05,-0.2850163653248445,0.1061389620534524,0.0206272657123431,0.458172387560602,18.25973776386796,27.98731393954315,1.5306337367884488
9.86,31.22136050033303,131.01279347083351,248.17864727643035,0.235677393961621,0.3888901142921585,-1.0526873400686412,0.1246328739510706,1.095812692989224,0.0,27.90957688641328,23.043498608956167,-28.40541685688239,19.131398215263843,133.980664965585,465.8433500334261,15.288,0.4983333316719442,11.166502415853168,0.0822467336252187,2.331210301655772e-05,-0.2850796875212815,0.1064558709854374,0.0206205393160019,0.4547290424706752,18.262928793226852,27.97066313368633,1.524627642188869
9.87,31.221359880997404,131.01279578140097,248.04404665854207,0.2392220707048308,0.3823968748676949,-1.0585143385254685,0.1144963118153388,1.0829518024673552,0.0,27.893843032731343,22.9949413181918,-28.579764831648312,19.129150364631936,133.98540779470048,465.324311708516,15.288,0.5016666649941646,11.16549338923292,0.0822002420462637,2.3267535274319063e-05,-0.2851463377329989,0.1067661014642689,0.020614000728097,0.4510584433523803,18.26593200341075,27.95390934744467,1.5186660649236285
9.88,31.22135926510525,131.01279808787282,247.90877463526328,0.2425383215578981,0.3756726637932523,-1.0642232562041471,0.1045586650726541,1.0700052917699416,0.0,27.87804355552732,22.94623546289586,-28.754207154749366,19.1267982971534,133.99034139464067,464.8033977782962,15.288,0.5049999983163849,11.164479324452683,0.0821535565984926,2.3222801862463536e-05,-0.2852160878142285,0.107069445902763,0.0206076333310545,0.4471621012230137,18.268751286716324,27.937053656747885,1.5127507983482313
9.89,31.22135865266785,131.01280039023388,247.77283447108977,0.245623917113765,0.3687217821754903,-1.069813538808824,0.0948240546301324,1.05697929588657,0.0,27.86217887297963,22.89738335972953,-28.928744117812663,19.124342888777367,133.99546186709128,464.28062557733386,15.288,0.5083333316386053,11.163460246081696,0.0821066785192382,2.3177898826538536e-05,-0.285288708237449,0.1073657017303222,0.0206014204418173,0.4430417908553801,18.27139064985449,27.920097155306724,1.5068834862350928
9.9,31.22135804369634,131.0128026884691,247.6362294464176,0.2484767673133258,0.361548634874605,-1.075284699190464,0.0852964442619443,1.0438799469228828,0.0,27.84624940410053,22.848387327241785,-29.10337585008221,19.121785092654488,134.00076522272542,463.756012452511,15.288,0.5116666649608258,11.162436178638112,0.0820596090482827,2.3132822136545028e-05,-0.2853639682425691,0.107654671477112,0.0205953453232575,0.4386995552664304,18.27385421091917,27.90304095396541,1.5010656252491357
9.91,31.22135743820167,131.0128049825634,247.4989628366754,0.2510949216237985,0.35415772750498,-1.080636316868908,0.0759796395253882,1.030713370402352,0.0,27.83025556874337,22.799249685853272,-29.278102318825173,19.119125938966672,134.006247383468,463.229575762218,15.288,0.5149999982830461,11.16140714672524,0.0820123494278926,2.3087567692196936e-05,-0.285441635985644,0.1079361628542766,0.0205893911955379,0.4341377116046135,18.27614619680056,27.88588618023814,1.495298567806638
9.92,31.221356836194687,131.0128072725022,247.36103792027265,0.2534765693772984,0.3465536629628558,-1.085868037511229,0.0668772869000993,1.017485681555356,0.0,27.814197787532336,22.74997275784284,-29.452923329833816,19.11636653471413,134.01190418478157,462.70133287459726,15.288,0.5183333316052665,11.16037317491232,0.081964900902591,2.3042131328189792e-05,-0.2855214786870293,0.1082099888301772,0.0205835412474089,0.4293588580818718,18.278270940153487,27.868633977693797,1.489583525204872
9.93,31.22135623768604,131.0128095582708,247.2224579825764,0.2556200397954635,0.3387411383317782,-1.0909795723842544,0.0579928729513553,1.0042029817089155,0.0,27.79807648186312,22.70055886733234,-29.62783852802245,19.11350806345999,134.0177313779729,462.1713011661188,15.288,0.5216666649274869,11.159334287853763,0.0819172647191823,2.299650881948919e-05,-0.2856032627788443,0.1084759677027141,0.0205777786473809,0.4243658825062166,18.28023287667384,27.85128550547088,1.483921571089914
9.94,31.22135564268628,131.01281183985475,247.08322631292924,0.2575238021272853,0.3307249414070477,-1.0959706977739976,0.049329723693164,0.9908713546799724,0.0,27.781892073841828,22.651010340273807,-29.802847398117216,19.11055178503283,134.02372463251797,461.639498019786,15.288,0.5249999982497072,11.15829051020398,0.0818694421265586,2.295069588660876e-05,-0.2856867540516589,0.108733923167715,0.0205720865548293,0.4191619722470986,18.282036542010683,27.83384193767083,1.4783136451863625
9.95,31.22135505120579,131.0128141172398,246.9433462016688,0.2591864656054054,0.3225099473684127,-1.100841254384788,0.0408910040294463,0.9774968632419476,0.0,27.765644986254195,22.601329504435824,-29.977949265437903,19.107499035186866,134.0298795384053,461.10594082394016,15.288,0.5283333315719276,11.1572418666344,0.081821434375605,2.2904688200898016e-05,-0.2857717178003569,0.1089836843833154,0.0205664481310062,0.4137506261217805,18.28368656878185,27.81630446280492,1.4727605573255473
9.96,31.221354463254816,131.0128163904118,246.802820939134,0.260606779336553,0.3141011153984084,-1.1055911466970942,0.0326797173193734,0.9640855456404062,0.0,27.749335642529303,22.55151868939057,-30.1531432967702,19.104351225220547,134.03619160849507,460.5706469700364,15.288,0.531666664894148,11.1561883818335,0.0817732427191059,2.2858481389822343e-05,-0.2858579189690712,0.1092250860303533,0.0205608465499026,0.4081356683257299,18.285187683513563,27.798674283227072,1.4672629917270557
9.97,31.221353878843445,131.01281865935672,246.6616538236128,0.2617836320775467,0.3055034853374831,-1.1102203423231212,0.0246987050424549,0.950643412172406,0.0,27.732964466712524,22.50158022649991,-30.328428501326872,19.10110984155364,134.04265628089303,460.0336338520383,15.288,0.5349999982163683,11.155130080540852,0.0817248684116518,2.281207104223168e-05,-0.2859451222950656,0.1094579683688604,0.0205552650090616,0.4023212648098102,18.286544703585328,27.780952614581697,1.4618215115552369
9.98,31.221353297981626,131.01282092406075,246.5198481563782,0.2627160520220369,0.2967221741560566,-1.1147288713105203,0.0169506466170954,0.9371764418004838,0.0,27.716531883411,22.45151644890312,-30.503803731796648,19.09777644526292,134.04926892133847,459.4949188639016,15.288,0.5383333315385888,11.154066987487504,0.0816763127094855,2.2765452713625e-05,-0.2860330924515352,0.109682177290548,0.0205496867402071,0.3963119422798935,18.287762533982768,27.763140685195232,1.456436563678549
9.99,31.221352720679164,131.01282318451027,246.37740723373324,0.2634032063989315,0.2877623725999519,-1.1191168254418795,0.0094380592867787,0.9236905788511336,0.0,27.700038317771263,22.40132969150326,-30.679267685478496,19.094352671576942,134.0560248256043,458.9545193984322,15.288,0.541666664860809,11.152999127447094,0.081627576870437,2.2718621931384056e-05,-0.2861215941892163,0.1098975643673432,0.0205440950197852,0.3901126104784693,18.28884616417676,27.745239735527075,1.4511084836801669
10.0,31.221352146945737,131.01282544069176,246.23433436291563,0.2638444010926945,0.2786293416453698,-1.123384357503167,0.0021632981590112,0.9101917297496976,0.0,27.68348419542572,22.351022290953058,-30.85481890550077,19.09084022933005,134.06291922190843,458.4124528455647,15.288,0.5449999981830294,11.151926525184734,0.0815786621537574,2.267157420000261e-05,-0.2862103924767411,0.1101039868959597,0.020538473179371,0.38372858800355,18.28980066480507,27.72725101755942,1.4458375010513715
10.01,31.221351576790862,131.0128276925918,246.09063285116247,0.2640479870710929,0.2693130044126642,-1.1275303286571203,-0.0048676943645257,0.8966836102152991,0.0,27.666867240598304,22.300596583802808,-31.030455782198256,19.087240900615043,134.06994727287108,457.8686471622828,15.288,0.5483333315052498,11.150840184049732,0.0815295618581061,2.262430500823024e-05,-0.2862992549508242,0.1103013039114611,0.0205328027764944,0.3771608680023047,18.290617572732188,27.70917067263329,1.4406213358543607
10.02,31.22135101022392,131.0128299401972,245.94630600571327,0.2640095260410785,0.2598257878548322,-1.1315553922058623,-0.0116541363453621,0.8831727383163757,0.0,27.650189127890176,22.25005490352023,-31.206176555837125,19.08355654441865,134.077104069711,457.32316117193983,15.288,0.5516666648274702,11.149744194587717,0.0814802809232557,2.25768098337433e-05,-0.2863879570160236,0.1104893676212995,0.0205270688949292,0.370418671348133,18.291308322769897,27.691002327322547,1.4354607309952314
10.03,31.22135044725412,131.01283218349502,245.8013571357956,0.2637238955683822,0.250181532805984,-1.1354605639218207,-0.0181961015530415,0.8696659959343069,0.0,27.63345175693625,22.199399591228577,-31.38197931792634,19.079789095535865,134.08438463565588,456.77606102071417,15.288,0.5549999981496905,11.148643477038028,0.081430824952083,2.252908413357065e-05,-0.2864762661787286,0.1106680509843497,0.020521256259405,0.3635115547388158,18.29188562214302,27.67275005533381,1.4303568557593582
10.04,31.221349887890568,131.01283442247228,245.65578955560824,0.2631909421653356,0.2403857601184598,-1.1392462337269746,-0.0244918868889842,0.8561691074365989,0.0,27.61665555533129,22.14863299025746,-31.55786201155641,19.07594056008799,134.0917839357791,456.2273640829004,15.288,0.5583333314719109,11.147538056589209,0.0813811952096012,2.2481123361312163e-05,-0.2865639496568455,0.1108372346615696,0.0205153485219757,0.3564468814107911,18.292354845744704,27.654415151455183,1.4253095713259143
10.05,31.221349332142218,131.0128366571163,245.5096065773636,0.2624106477656706,0.2304440432576846,-1.1429128487540243,-0.0305399499663863,0.8426877441609268,0.0,27.599800950944008,22.0977574456096,-31.73382243297058,19.072013014640703,134.09929687971646,455.67708772091777,15.288,0.5616666647941314,11.146427958378045,0.0813313929616251,2.243292297338157e-05,-0.2866507755586305,0.1109968052157605,0.0205093294390858,0.349232635690144,18.29272143270115,27.63599891901892,1.4203186623254729
10.06,31.221348780017887,131.0128388874145,245.36281151526288,0.2613831287379411,0.2203620049828829,-1.14646091252155,-0.0363389084962736,0.8292275215784733,0.0,27.582888371910894,22.04677530394232,-31.909858233252645,19.068008605416782,134.10691832412732,455.1252492852448,15.288,0.5649999981163517,11.1453132076017,0.0812814194747441,2.238447843403524e-05,-0.2867365130139553,0.1111466551325521,0.0205031828811208,0.3418774873520213,18.292990883081984,27.617502669373945,1.4153838429039745
10.07,31.22134823152624,131.01284111335448,245.215407689472,0.2601086349903974,0.2101453137472062,-1.149890984051746,-0.0418875395093625,0.8157939964901308,0.0,27.56591824658117,21.9956889135484,-32.08596692008663,19.06392954747025,134.1146430751589,454.5718661115412,15.288,0.5683333314385721,11.144193829465973,0.0812312760161749,2.233578522033848e-05,-0.2868209323037596,0.1112866828376431,0.0204968928416969,0.3343908663650591,18.293168754334907,27.59892772126529,1.4105047627991125
10.08,31.22134768667585,131.012843334924,245.06739841419483,0.2585875489816274,0.1997996801430145,-1.153203676995632,-0.047184778491155,0.8023926642993074,0.0,27.5488910034694,21.944500624335586,-32.26214585958684,19.05977812382223,134.12246589091328,454.0169555193396,15.288,0.5716666647607925,11.1430698491594,0.0811809638536104,2.228683882708689e-05,-0.2869038049876614,0.1114167927102556,0.0204904434468429,0.3267830497897153,18.293260657732255,27.58027540022837,1.405681013487358
10.09,31.22134714547507,131.01284555211103,244.9187870105952,0.2568203845660479,0.1893308535167128,-1.1563996587455985,-0.0522297184595111,0.7890289563790758,0.0,27.53180707123568,21.893212787804284,-32.43839227819632,19.055556684559384,134.13038148391485,453.4605348109373,15.288,0.5749999980830128,11.141941291922288,0.0811304842551642,2.223763477167651e-05,-0.2869849040297095,0.1115368950927605,0.0204838189639974,0.3190652628423808,18.293272254940497,27.5615470380373,1.4009121343760107
10.1,31.221346607932176,131.01284776490357,244.7695767998377,0.2548077859375612,0.1787446183066913,-1.159479649512555,-0.0570216088822445,0.7757082374732096,0.0,27.51466687861781,21.841827757024788,-32.614703264651745,19.051267645894765,134.13838452357837,452.9026212688777,15.288,0.5783333314052332,11.1408081829518,0.0810798384891706,2.2188168598904733e-05,-0.2870640039221533,0.1116469062966087,0.0204770038107953,0.3112497963291504,18.293209254317865,27.54274397206181,1.3961976189626848
10.11,31.22134607405531,131.0128499732899,244.6197711001076,0.2525505263173075,0.1680467907164609,-1.162444421418486,-0.0615598545816548,0.762435803216135,0.0,27.49747085441912,21.790347886612096,-32.79107577201296,19.046913489191912,134.14646963867642,452.34323215536256,15.288,0.5816666647274537,11.13967054749686,0.0810290278241469,2.213843588572519e-05,-0.2871408808071994,0.1117467486045607,0.0204699825637164,0.3033501431061919,18.29307740748227,27.523867544732365,1.3915369210369182
10.12,31.221345543852447,131.01285217725842,244.46937323654808,0.2500495067422048,0.1572432151175625,-1.1652947975449433,-0.0658440144831501,0.7492168776883688,0.0,27.480219427447743,21.738775532699098,-32.96750661975504,19.042496759952343,134.1546314198049,451.7823847096277,15.288,0.584999998049674,11.13852841078914,0.0809780535286206,2.2088432245919456e-05,-0.2872153125966852,0.1118363502692734,0.0204627399664893,0.2953811563854889,18.29288250561456,27.50491910291424,1.3869294608024143
10.13,31.221345017331465,131.01285437679766,244.3183865293362,0.2473057546929807,0.1463397606269306,-1.16803165099739,-0.0698738003158474,0.7360566110700547,0.0,27.46291302648412,21.68711305290866,-33.14399249592122,19.03802006676697,134.16286442184628,451.2200961471461,15.288,0.5883333313718943,11.137381798068944,0.0809269168710233,2.2038153334715223e-05,-0.2872870790896249,0.1119156455082621,0.0204552609383653,0.28735923310684,18.29263037589068,27.48589999733727,1.3823746309890823
10.14,31.22134449450005,131.01285657189644,244.16681430262568,0.2443204226884556,0.1353423176551587,-1.1706559039381164,-0.0736490752175448,0.722960077363405,0.0,27.445552080240752,21.635362806323435,-33.320529959334365,19.03348608023219,134.17116316642927,450.65638365759855,15.288,0.5916666646941147,11.136230734585192,0.0808756191195803,2.198759485333448e-05,-0.287355962087587,0.1119845744952622,0.0204475305821472,0.2793025257051249,18.29232687786372,27.46681158201322,1.377871802878217
10.15,31.22134397536581,131.01285876254354,244.01465988156653,0.2410947868372007,0.12425679444165,-1.1731685266179672,-0.0771698522510473,0.709932272187703,0.0,27.42813701731683,21.58352715345352,-33.49711544186529,19.028897531830385,134.1795221443847,450.09126440346233,15.288,0.594999998016335,11.135075245578188,0.0808241615421698,2.19367525534485e-05,-0.2874217455078179,0.1120430833480908,0.0204395341920519,0.2712311856652791,18.2919778998108,27.447655213645927,1.3734203322497507
10.16,31.22134345993621,131.0128609487281,243.8619265873355,0.2376302452942218,0.1130891136680496,-1.1755705363898776,-0.0804362928536728,0.6969781106590404,0.0,27.410668266162965,21.53160845620233,-33.67374525075589,19.02425721277609,134.18793581819563,449.5247555181609,15.288,0.5983333313385554,11.133915356296852,0.0807725454062286,2.188562224158153e-05,-0.2874842154941153,0.1120911241129686,0.0204312572613447,0.2631676419687963,18.291589355125645,27.42843225106384,1.3690195652268349
10.17,31.221342948218563,131.01286313043923,243.70861774409263,0.2339283166530861,0.1018452091055034,-1.1778629967321357,-0.0834487052147155,0.6841024253502032,0.0,27.39314625504861,21.47960907783052,-33.85041557099453,19.01956797282764,134.1963986244429,448.9568741053857,15.288,0.6016666646607758,11.132751092024614,0.0807207719786417,2.183419978341828e-05,-0.2875431605253161,0.1121286547454947,0.0204226854898174,0.2551369168039812,18.29116717871988,27.409144054660548,1.3646688440214534
10.18,31.22134244022005,131.01286530766643,243.5547366799764,0.2299906384139195,0.090531022062806,-1.1800470162217185,-0.0862075425216865,0.6713099642951696,0.0,27.375571411992,21.42753138291756,-34.02712246774296,19.014832719065488,134.204904976243,448.38763723596736,15.288,0.6049999979829963,11.1315824779759,0.0806688425255489,2.1782481108033853e-05,-0.2875983715214621,0.1121556390881442,0.0204138047909794,0.2471669793774176,18.290717323224936,27.38979198576653,1.3603675124918968
10.19,31.22134193594776,131.01286748039917,243.40028671418204,0.2258189651498557,0.0791524982737781,-1.1821237475501591,-0.0887134012352028,0.6586053891315152,0.0,27.35794416475998,21.37537773732081,-34.20386188881127,19.010054414636897,134.21344926567932,447.817061947933,15.288,0.6083333313052166,11.130409539434131,0.0806167583123374,2.1730462212034973e-05,-0.2876496419475262,0.1121720468444635,0.0204046012991306,0.2392891359078955,18.290245755564484,27.37037740615976,1.356114921632317
10.2,31.221341435408583,131.0128696486272,243.2452711738593,0.2214151668863608,0.0677155843658209,-1.1840943864862483,-0.090967019184345,0.6459932732560014,0.0,27.34026494079324,21.323150508132446,-34.38062966717979,19.005236077468368,134.22202586622538,447.245165243826,15.288,0.611666664627437,11.129232301630994,0.0805645206034214,2.16781391636192e-05,-0.2876967679147077,0.1121778535499373,0.0203950613761557,0.2315384496521339,18.289758453134752,27.35090167743588,1.351910434821602
10.21,31.221340938609348,131.0128718123403,243.08969338218336,0.2167812271914139,0.0562262247555745,-1.1859601708657912,-0.0929692736928457,0.6334781001168605,0.0,27.32253416719894,21.270852063633804,-34.557421523565715,19.000380778945328,134.23062913515955,446.67196409014576,15.288,0.6149999979496574,11.128050789858532,0.0805121306622229,2.1625508106547468e-05,-0.2877395482791842,0.1121730405397027,0.0203851716181466,0.2239541777405265,18.289261400345623,27.331366160512943,1.3477534329611849
10.22,31.221340445556702,131.01287397152862,242.9335566623332,0.2119192414710616,0.0446903581441024,-1.1877223795390237,-0.0947211795331774,0.621064261521497,0.0,27.304752270671408,21.218484773247663,-34.734233069032165,18.995491642560737,134.23925341597027,446.0974754146874,15.288,0.6183333312718777,11.126865029331167,0.080459589750934,2.157256526400292e-05,-0.2877777847383709,0.1121575949130211,0.0203749188617707,0.2165802020239689,18.288760584788164,27.311772215001188,1.3436433193557134
10.23,31.221339956257182,131.01287612618228,242.77686433947744,0.2068314149623341,0.0331139144742304,-1.189382331342306,-0.0962238869219761,0.6087560560837741,0.0,27.286919677484992,21.166051007487106,-34.91105980763826,18.990571842532457,134.24789304075168,445.5217161058516,15.288,0.6216666645940981,11.125675045297834,0.0804068991305013,2.151930694238779e-05,-0.2878112819246221,0.1121315094946191,0.0203642901904578,0.2094654166771666,18.288261993796667,27.292121198717613,1.3395795244562017
10.24,31.221339470717226,131.0128782762916,242.61961973580648,0.2015200608111268,0.0215028116962158,-1.190941384055191,-0.0974786794014056,0.5965576877183488,0.0,27.26903681344994,21.11355313790253,-35.08789713912724,18.98562460238988,134.25654233258837,444.9447030113938,15.288,0.6249999979163186,11.1244808630247,0.0803540600604875,2.1465729534994147e-05,-0.2878398474962985,0.1120947827930296,0.0203532729403667,0.2026640173137186,18.287771610824286,27.27241446713347,1.3355615103652092
10.25,31.221338988943096,131.01288042184729,242.4618261715248,0.1959875981599049,0.0098629524804131,-1.1924009333289252,-0.0984869716383934,0.5844732641983318,0.0,27.251104103853617,21.06099353702539,-35.2647403616516,18.980653193530795,134.26519560792957,444.36645293592,15.288,0.6283333312385389,11.123282507726186,0.080301073798906,2.141182952558788e-05,-0.2878632922262581,0.1120474189558485,0.0203418547060894,0.1962356137010056,18.287295411757697,27.25265337279873,1.3315887750911863
10.26,31.22133851094096,131.01288256283982,242.30348696882763,0.1902484341015525,-0.0018193221383415,-1.193760556472288,-0.0992453732584583,0.5725038044394241,0.0,27.23311874591115,21.00837457519048,-35.44158467467751,18.97566093422269,134.27384717813385,443.7868774496438,15.288,0.6316666645607592,11.122068642459972,0.0802479320915836,2.1357603494317432e-05,-0.2878814335300976,0.1119894220482139,0.0203300211798842,0.1902571328461609,18.28682196134567,27.23283296745798,1.3276575297868995
10.27,31.221338036716823,131.01288469926018,242.14460544693267,0.1842977133292203,-0.0135257593915953,-1.1950226265817605,-0.0997581629377383,0.5606547771769322,0.0,27.21508322942464,20.955698618227125,-35.6184251835746,18.97065119400736,134.28249134167342,443.2060607514183,15.288,0.6349999978829796,11.1208464299113,0.0801946422800623,2.130304811796111e-05,-0.2878940993181975,0.1119207898406745,0.020317762782677,0.1847933783308897,18.28636822314952,27.21295860812743,1.3237690690926411
10.28,31.221337566276617,131.0128868310993,241.9851849270464,0.1781337871637793,-0.0252433156758664,-1.1961892878530869,-0.1000288752350324,0.5489310428354736,0.0,27.196999168910448,20.902968040580088,-35.795256901888614,18.965627390446706,134.2911223896052,442.62405835009,15.288,0.6383333312051999,11.119620067112727,0.0801412091266262,2.124816016070008e-05,-0.287901110952474,0.1118415419831648,0.0203050688561871,0.1799135043918434,18.28594654221792,27.19303395828475,1.3199241940519544
10.29,31.22133709962608,131.01288895834855,241.82522872640368,0.1717594686456938,-0.0369661655785374,-1.1972620783738404,-0.1000594335099632,0.5373363135294511,0.0,27.178866987500346,20.850185217800824,-35.97207475285019,18.96059298320118,134.29973461547965,442.04088687320393,15.288,0.6416666645274203,11.118389579595648,0.0800876338828902,2.1192936489825875e-05,-0.287902292475566,0.1117517048120926,0.0202919280786925,0.175692368570186,18.28556284271501,27.173060356192543,1.3161225962591034
10.3,31.221336636770847,131.01289108099908,241.6647401652237,0.1651776662948211,-0.0486885143415028,-1.198242568958691,-0.0998518808829372,0.52587419947513,0.0,27.160687107611576,20.79735252609868,-36.14887357222245,18.955551472348645,134.30832231781957,441.45656289847255,15.288,0.6449999978496407,11.117154992856513,0.0800339177983445,2.113737407955156e-05,-0.2878974714382072,0.1116513100495645,0.020278329411665,0.1722040252273642,18.285223023597577,27.15303913458356,1.3123640218530044
10.31,31.221336177716463,131.01289319904248,241.50372255577915,0.1583913818037141,-0.0604046006497742,-1.1991323620745535,-0.0994083777919351,0.5145482080468489,0.0,27.14245995093408,20.74447234226687,-36.325648111201055,18.95050639676989,134.31687980242404,440.87110295296577,15.288,0.648333331171861,11.115916332444186,0.0799800621203219,2.1081470013972167e-05,-0.2878864789715264,0.1115403947417627,0.0202642621041813,0.1695185426854529,18.28493295531325,27.132971620209517,1.308648274271565
10.32,31.22133572246833,131.01289531247042,241.34217921431903,0.1514037079023644,-0.0721086997092436,-1.1999330907306385,-0.0987311994268919,0.5033617428588552,0.0,27.124185938364537,20.6915470436062,-36.50239303933732,18.94546133250821,134.32540138465868,440.28452351047406,15.288,0.6516666644940815,11.11467362385512,0.0799260680938108,2.1025221489914943e-05,-0.2878691498565351,0.1114190011948305,0.0202497156970614,0.1676983459598774,18.284698476233707,27.11285913329132,1.3049752166782937
10.33,31.22133527103172,131.0128974212748,241.1801134531219,0.1442178260343239,-0.0837951260202318,-1.200646417405117,-0.0978227331870338,0.4923181029597851,0.0,27.10586548998185,20.63857900784429,-36.67910294748157,18.9404198911036,134.33388139173016,439.69684099125055,15.288,0.6549999978163019,11.113426892577015,0.0798719369613684,2.096862581968094e-05,-0.2878453225908604,0.1112871769082262,0.0202346800268629,0.1667944533306827,18.284525389355515,27.09270298705849,1.301344774169338
10.34,31.22133482341177,131.01289952544758,241.01752858745027,0.1368370040109288,-0.0954582361212913,-1.201274032944033,-0.0966854760973051,0.4814204820989725,0.0,27.08749902502144,20.58557061305311,-36.85577235074588,18.935385717903543,134.3423141649452,439.1080717603147,15.288,0.6583333311385222,11.112176164123804,0.07981766996306,2.091168043365998e-05,-0.2878148394526783,0.1111449745056674,0.0202191452295837,0.1668431094934056,18.284419459023443,27.072504487292147,1.2977569356771672
10.35,31.22133437961349,131.01290162498097,240.8544279246196,0.1292645937762606,-0.1070924315097981,-1.2018176554585605,-0.0953220321343621,0.4706719680320377,0.0,27.06908696181233,20.532524237562185,-37.0323956914829,18.93036249034926,134.35069406195413,438.51823212585685,15.288,0.6616666644607426,11.110921463939496,0.0797632683362617,2.0854382882853028e-05,-0.2877775465618351,0.1109924516637376,0.0202031017441729,0.167863351069442,18.284386407494058,27.05226493180291,1.2942117555768402
10.36,31.221333939641816,131.01290371986727,240.69081477294188,0.121504028924426,-0.1186921611525325,-1.2022790292388887,-0.0937351096098671,0.460075541953534,0.0,27.050629717774232,20.47944225986915,-37.20896734228046,18.925353916239608,134.3590154589774,437.9273383387367,15.288,0.664999997782963,11.109662817511804,0.0797087333156572,2.079673084126857e-05,-0.2877332939381533,0.1108296710382267,0.0201865403158216,0.1698559302641035,18.28443191186511,27.031985610033345,1.2907093550544275
10.37,31.22133350350152,131.01290581009908,240.52669243973875,0.1135588224215215,-0.1302519243226524,-1.2026599236370614,-0.0919275184290272,0.4496340779439478,0.0,27.03212770935352,20.42632705854698,-37.38548160896882,18.920363731972664,134.36727275301607,437.3354065903843,15.288,0.6683333311051833,11.108400250267266,0.0796540661330478,2.073872210819588e-05,-0.2876819355569474,0.1106567001882207,0.0201694519990041,0.1728037838833536,18.284561600713,27.01166780254795,1.287249923136811
10.38,31.221333071197257,131.01290789566903,240.36206423233577,0.1054325641008722,-0.141766273052079,-1.2029621319757362,-0.0899021674049678,0.4393503425388345,0.0,27.013581352013027,20.37318101214709,-37.56193273363922,18.91539570076587,134.37546036404467,436.7424530122661,15.288,0.6716666644274037,11.107133787658649,0.0795992680173235,2.068035461039088e-05,-0.2876233294016944,0.1104736114981035,0.0201518281603262,0.1766739343080496,18.28478105107721,26.99131278063743,1.2838337174886436
10.39,31.221332642733586,131.01290997656994,240.19693344911755,0.0971289182939739,-0.153229814791243,-1.2031874704383927,-0.0876620614832768,0.4292269943288513,0.0,26.994991060181885,20.32000649910071,-37.73831489767192,18.910453610855548,134.3835727371867,436.14849367439393,15.288,0.674999997749624,11.105863455103751,0.0795443401943106,2.0621626404104752e-05,-0.2875573375138759,0.110280482097507,0.0201336604811365,0.1814204520400442,18.28509578526081,26.970921805850416,1.2804610648918677
10.4,31.22133221811489,131.01291205279486,240.03130339443453,0.0886516213777547,-0.1646372149065973,-1.2033377769571445,-0.0852102989683073,0.4192665836439444,0.0,26.97635724722208,20.266805897615164,-37.914622224771904,18.905541273676576,134.3916043448724,435.5535445838617,15.288,0.6783333310718443,11.104589277985434,0.0794892838866789,2.0562535677037508e-05,-0.2874838260400469,0.1100773937792002,0.0201149409599082,0.1869879698667301,18.285511267782,26.95049612956748,1.2771323614500165
10.41,31.221331797345524,131.012914124337,239.86517736667767,0.0800044792544931,-0.1759831990505716,-1.2034149101170426,-0.0825500687490224,0.4094715523194624,0.0,26.957680325407924,20.21358158556787,-38.09084878401045,18.90066252202276,134.3995496889782,434.9576216842798,15.288,0.6816666643940648,11.103311281695287,0.0794341003138771,2.0503080750142985e-05,-0.2874026652760232,0.1098644329151669,0.0200956619144287,0.1933152423389392,18.28603290244472,26.93003699260801,1.2738480725350996
10.42,31.221331380429625,131.01291619118965,239.69855866126056,0.0711913648802799,-0.1872625555813276,-1.203420748044084,-0.0796846474780332,0.3998442335123723,0.0,26.93896070588912,20.16033594039675,-38.26698859287042,18.89582120818908,134.4074033029476,434.3607408544033,15.288,0.6849999977162852,11.102029491616175,0.0793787906920258,2.0443260079335462e-05,-0.2873137297082997,0.1096416903707704,0.0200758159837487,0.200338356561945,18.28666602937232,26.909545624812985,1.270608732434882
10.43,31.221330967371262,131.01291825334638,239.5314505726064,0.0622162157885683,-0.1984701379417593,-1.2033571872948536,-0.0766173967301809,0.3903868515815019,0.0,26.92019879865185,20.107071338986948,-38.44303562029448,18.891021202096315,134.4151597538933,433.76291790689294,15.288,0.6883333310385055,11.100743933095996,0.0793233562338011,2.038307225706368e-05,-0.2872168980526511,0.1094092614171681,0.0200553961299198,0.2079933597010417,18.287415922085746,26.889023244632117,1.2674149437274318
10.44,31.2213305581744,131.01292031080078,239.36385639315367,0.053083031552862,-0.2096008669066587,-1.2032261417531356,-0.0733517601658599,0.3811015220454166,0.0,26.901395012492728,20.053790157554506,-38.61898378973319,18.88626638939897,134.42281364468013,433.1641685874478,15.288,0.6916666643607259,11.099454631465184,0.0792677981483564,2.032251601379305e-05,-0.2871120532899151,0.1091672456420625,0.0200343956395244,0.2162182209645947,18.288287784709297,26.868471058744596,1.2642673763974532
10.45,31.22133015284284,131.0129223635468,239.19577941435284,0.0437958712644228,-0.2206497328174504,-1.203029541516166,-0.0698912606696727,0.3719902515974607,0.0,26.88254975498584,20.0004947715264,-38.794826982192674,18.88156066957733,134.43035961598804,432.56450857339007,15.288,0.6949999976829464,11.098161612027951,0.0792121176412313,2.02615902193326e-05,-0.2869990826990047,0.1089157468588039,0.0200128081249712,0.2249541585522704,18.289286749198983,26.84789026167493,1.261166766673676
10.46,31.221329751380303,131.01292441157844,239.02722291771764,0.0343588509620776,-0.2316117976981512,-1.2027693317970471,-0.0662394974936298,0.3630549381935389,0.0,26.86366343246008,19.94718755541721,-38.97055903927916,18.87690795401452,134.43779234835583,431.96395347312,15.288,0.6983333310051667,11.09686490008852,0.07915631591428,2.0200293884080743e-05,-0.2868778778871399,0.1086548730139512,0.0199906275256118,0.234146426499428,18.290417872688867,26.82728203543776,1.2581139156238748
10.47,31.2213293537904,131.01292645488982,238.85819018874173,0.0247761411098986,-0.2424821974037832,-1.2024474718190048,-0.0624001433695644,0.3542973711883725,0.0,26.84473644996275,19.89387088270248,-39.146173766239286,18.872312164059327,134.4451065642041,431.3625188250676,15.288,0.7016666643273871,11.095564520924896,0.0791003941655596,2.013862616013585e-05,-0.2867483348172961,0.1083847360933928,0.0199678481086328,0.243744681091587,18.291686134821823,26.80664754916379,1.2551096874805205
10.48,31.22132896007656,131.01292849347533,238.68868451491016,0.0150545829091337,-0.25326028074129,-1.2020655385750132,-0.0583758978332944,0.3457185689641215,0.0,26.825768567439503,19.840547125592213,-39.32166493499411,18.8677772290758,134.45229702983823,430.76019942059,15.288,0.7049999976496075,11.094258118100903,0.0790443516922722,2.007658634233899e-05,-0.286610353900943,0.1081054519200638,0.019944463995801,0.2537073290071264,18.29309270932437,26.78598666511441,1.252154396791418
10.49,31.22132857024217,131.0129305273295,238.5187091668172,0.0052117679351818,-0.2639623211440969,-1.201623325839264,-0.0541649245254102,0.3373165018211843,0.0,26.80675693807368,19.78721864520437,-39.49702628794371,18.863307087124493,134.45935855326877,430.1569064201347,15.288,0.7083333309718278,11.092933588490736,0.078988180110586,2.001417387367807e-05,-0.2864638495005196,0.1078171251689296,0.0199204683666848,0.2640137672870324,18.294623496072557,26.76529398029965,1.2492457238873136
10.5,31.221328184290467,131.01293255644697,238.34826742400503,-0.0047639040180963,-0.2745584981658245,-1.2011250891400191,-0.0497771820374979,0.3290964812340919,0.0,26.787705893269088,19.733887805059325,-39.67225154297231,18.858905689806768,134.46628597552885,429.55278145645616,15.288,0.7116666642940482,11.091605420929552,0.078931892187871,1.995138833053208e-05,-0.2863087375736296,0.1075198687789334,0.0198958598694337,0.2745998243319203,18.296305899669505,26.74457851028273,1.2463882788175897
10.51,31.221327802224568,131.01293458082264,238.17736256005765,-0.0148680807160346,-0.285044247496503,-1.2005728348082891,-0.0452166156597054,0.3210598669752721,0.0,26.768615832840634,19.68055697273384,-39.8473343943116,18.85457699308932,134.47307418407067,428.9478397814078,15.288,0.7149999976162686,11.090273640968794,0.078875489106704,1.988822942734153e-05,-0.2861449316904132,0.1072138100870119,0.0198706340828289,0.2854317449607444,18.29814457975991,26.72384137184341,1.243583174618211
10.52,31.22132742404745,131.01293660045144,238.00599784259884,-0.0250963682232276,-0.2954150885130811,-1.1999685778719755,-0.0404872299556326,0.3132079120260713,0.0,26.749487155161606,19.627228514081484,-40.02226851492781,18.850324953257857,134.47971811792996,428.3420965713333,15.288,0.718333330938489,11.08893827407139,0.0788189720453973,1.9824697024157287e-05,-0.2859723498639949,0.1068990799935181,0.0198447869142035,0.2964791672913422,18.300144106220205,26.7030836671689,1.2408315759301514
10.53,31.22132704976205,131.01293861532855,237.83417653826345,-0.0354443335905579,-0.3056666258397224,-1.1993143409773086,-0.0355930859130816,0.3055417630965496,0.0,26.730320257166607,19.57390479308533,-40.19704755949972,18.84615352490797,134.4862127696299,427.7355669270471,15.288,0.7216666642607092,11.087599345717967,0.078762342178009,1.976079112707337e-05,-0.2857909145618162,0.1065758128608319,0.0198183145991492,0.307714762429866,18.30230895712177,26.682306483611743,1.2381346959175321
10.54,31.221326679371096,131.01294062544946,237.6619019117032,-0.045907507333835,-0.3157945511707362,-1.198612153289104,-0.0305382980186817,0.2980624611478215,0.0,26.711115534305776,19.520588171708248,-40.37166516738177,18.84206665892787,134.4925531870632,427.12826587254415,15.288,0.7249999975829297,11.086256881327213,0.078705600674204,1.9696511888536864e-05,-0.2856005527143021,0.1062441464110741,0.019791213701003,0.3191138925803353,18.30464351647637,26.66151089335767,1.235493792944229
10.55,31.221326312877288,131.0129426308095,237.48917721962192,-0.0564813860676973,-0.3257946447819984,-1.197864049410297,-0.0253270314009602,0.2907709420070629,0.0,26.691873380536823,19.467281009738592,-40.54611496555095,18.838068300474355,134.4987344753508,426.5202083545482,15.288,0.72833333090515,11.084910906317798,0.0786487486992346,1.9631859607568167e-05,-0.2854011957209434,0.105904221622912,0.0197634811101566,0.3306542955386889,18.30715207228547,26.64069795318026,1.2329101670863511
10.56,31.22132595028314,131.01294463140442,237.31600572171087,-0.0671614350367844,-0.3356627771360385,-1.1970720683004905,-0.01996349894193,0.2836680370091257,0.0,26.6725941882948,19.41398566463385,-40.72039057153551,18.834162386942552,134.50475179867817,425.9114092418218,15.288,0.7316666642273704,11.083561446081855,0.0785917874138451,1.9566834729841308e-05,-0.2851927794537963,0.1055561826275626,0.0197351140431827,0.3423157996754332,18.30983881452656,26.61986870415867,1.2303851564513566
10.57,31.22132559159112,131.01294662723006,237.14239066971288,-0.0779430906510628,-0.3453949104073431,-1.196238252184756,-0.014451958402041,0.2767544736907481,0.0,26.653278348464724,19.360704491360643,-40.894485596324735,18.83035284593076,134.51060038210773,425.3018833237842,15.288,0.7349999975495908,11.08220852596726,0.0785347179742028,1.9501437847681555e-05,-0.2849752442584478,0.1052001766040407,0.0197061100417428,0.3540800699349353,18.312707833234533,26.599024171410704,1.2279201333146783
10.58,31.221325236803512,131.01294861828242,236.96833531239585,-0.0888217630732247,-0.3549870998515877,-1.1953646454990985,-0.0087967095808704,0.2700308765498803,0.0,26.633926250368823,19.307439842231176,-41.06839364725804,18.826643593200927,134.51627551336807,424.6916453107608,15.288,0.7383333308718113,11.080852171313028,0.0784775415318455,1.9435669699945066e-05,-0.2847485349524248,0.1048363536737927,0.0196764669713771,0.3659303836903715,18.3157631167488,26.578165363865107,1.2255165001332835
10.59,31.22132488592253,131.01295060455763,236.79384289853,-0.0997928387398143,-0.3644354952049282,-1.1944532938088797,-0.0030020914662617,0.2634977678374725,0.0,26.614538281740536,19.254194066737217,-41.242108330892336,18.823038530636616,134.52177254461876,424.0807098326093,15.288,0.7416666641940316,11.07949240743164,0.0784202592336175,1.9369531171781527e-05,-0.2845126008211385,0.1044648667947057,0.0196461830200508,0.3778514344673081,18.31900854995717,26.55729327401588,1.2231756853777727
10.6,31.22132453895032,131.0129525860521,236.6189166669528,-0.1108516828507001,-0.3737363420492723,-1.1935062427499696,0.0029275206108292,0.2571555683899141,0.0,26.595114828694665,19.200969511380126,-41.41562325584637,18.819541544198103,134.52708689419111,423.4690914382981,15.288,0.744999997516252,11.078129259573611,0.0783628722215701,1.9303023294318183e-05,-0.2842673956113888,0.104085871654557,0.0196152566965738,0.3898291608876575,18.32244791259583,26.53640887767811,1.2208991392469797
10.61,31.2213241958888,131.01295456276225,236.44355985650563,-0.1219936419590396,-0.3828859829448576,-1.1925255369734271,0.0089877177606311,0.2510045985364642,0.0,26.57565627572348,19.14776851949837,-41.58893203562091,18.816156501877128,134.53221404830416,422.8568045952953,15.288,0.7483333308384724,11.07676275298946,0.0783053816329617,1.923614724420953e-05,-0.2840128775223936,0.1036995265640933,0.0195836868288175,0.4018505979541677,18.32608487778669,26.515513133806344,1.2186883292666575
10.62,31.22132385673988,131.0129565346848,236.26777570205908,-0.1332140464586813,-0.3918808586383073,-1.1915132191000064,0.0151740603388057,0.2450450790266639,0.0,26.55616300567328,19.094593431092186,-41.76202829139329,18.81288725165136,134.5371495627554,422.2438636892172,15.288,0.7516666641606927,11.075392912912008,0.07824778860018,1.916890434310427e-05,-0.2837490091944686,0.1033059923496572,0.0195514725617909,0.4139037482541293,18.32992301053165,26.494606984281543,1.216544735779334
10.63,31.221323521505315,131.01295850181654,236.09156743451297,-0.1445082129971149,-0.4007175092989286,-1.1904713286618451,0.0214820807541923,0.2392771319858607,0.0,26.536635399707027,19.04144658264437,-41.93490565478552,18.80973761943964,134.54188906458683,421.6302830224928,15.288,0.7549999974829131,11.07401976448556,0.0781900942506365,1.9101296057004628e-05,-0.2834757576953146,0.102905432245553,0.0195186133555155,0.4259774705293621,18.333965766209296,26.47369135367975,1.214469847320553
10.64,31.22132319018676,131.01296046415447,235.9149382768207,-0.1558714471167667,-0.4093925753208071,-1.1894019010965486,0.0279072861628977,0.2337007819742044,0.0,26.51707383732365,18.98833030693923,-42.10755777060472,18.80671140705985,134.54642825372432,421.0160768152877,15.288,0.7583333308051335,11.07264333290754,0.078132299706817,1.903332399553659e-05,-0.2831930945040031,0.1024980117861368,0.0194851089828011,0.4380613830057842,18.338216489492503,26.45276714916557,1.2124651559729114
10.65,31.221322862785744,131.01296242169576,235.7378914569099,-0.1672990455155459,-0.4179027986176104,-1.188306966679124,0.0344451612827575,0.2283159569921976,0.0,26.497478696294795,18.935246932877337,-42.27997829955459,18.803812390189208,134.55076290459155,420.4012592030295,15.288,0.7616666641273538,11.071263643251452,0.0780744060861061,1.8964989911106228e-05,-0.2829009954926741,0.1020838986977268,0.0194509595267669,0.4501457801535025,18.3426784128464,26.4318352602258,1.2105321525722474
10.66,31.221322539303703,131.0129643744377,235.56043018979184,-0.178786298705761,-0.4262450232206988,-1.187188549542703,0.0410911710232229,0.2231224896325388,0.0,26.477850352696983,18.882198785289084,-42.452160920917336,18.80104431632943,134.5548888676975,419.7858442378933,15.288,0.7649999974495743,11.06988072065276,0.0780164145008735,1.889629569797144e-05,-0.2825994409059727,0.101663262790426,0.0194161653783209,0.4622215602249052,18.347354655687933,26.410896558607828,1.2086723219637279
10.67,31.221322219741964,131.0129663223778,235.38255769048408,-0.1903284932496636,-0.4344161964316841,-1.1860486666399823,0.047840763249505,0.218120118165369,0.0,26.458189180852266,18.829188184743987,-42.62409933520418,18.79841090277661,134.55880207119668,419.16984588701393,15.288,0.7683333307717946,11.068494590140716,0.0779583260582973,1.88272433912208e-05,-0.2822884153382841,0.1012362758498832,0.0193807272334028,0.4742801628906644,18.352248223069505,26.38995189807957,1.2068871381431032
10.68,31.22132190410173,131.01296826551365,235.20427716307475,-0.2019209142596252,-0.4424133694787666,-1.1848893267488625,0.0546893714115984,0.2133084877325766,0.0,26.438495553333954,18.77621744735794,-42.79578726677473,18.79591583459784,134.5624985224224,418.5532780324464,15.288,0.7716666640940149,11.067105276718028,0.0779001418603876,1.8757835165658825e-05,-0.2819679077088191,0.1008031115290416,0.0193446460901154,0.4863135149182822,18.35736200484248,26.36900211433228,1.205178059428368
10.69,31.22132159238413,131.01297020384308,235.02559181762177,-0.2135545378803545,-0.4502402735936092,-1.1837118890248854,0.0616341124807531,0.2086860304956995,0.0,26.41876887994607,18.723288884249868,-42.96721846642322,18.79356276261627,134.56597430939067,417.9361240653138,15.288,0.7749999974162353,11.065709053328806,0.0778418601723738,1.8688073334732195e-05,-0.2816379114439447,0.1003639449238172,0.0193079225577275,0.4983180770173424,18.362692771932807,26.34804603102452,1.2035457861519872
10.7,31.22132128459012,131.01297213736405,234.84650485524088,-0.2252125888141495,-0.4579125167554238,-1.1825163498521365,0.0686755187278949,0.2042488040490803,0.0,26.399006867912338,18.67040478821288,-43.13838671499562,18.79135530519074,134.5692255967338,417.31831360697424,15.288,0.7783333307384557,11.064295420975844,0.0777834742429133,1.861796035305868e-05,-0.2812984354023918,0.0999189359462124,0.0192705570680447,0.5102974654605684,18.36822640682333,26.327078903700222,1.201989525118936
10.71,31.221320980720595,131.0129740660747,234.6670194681105,-0.2369067339637916,-0.4654024504040371,-1.1813069884886824,0.0758028007841756,0.2000002642181685,0.0,26.379213551634123,18.61756745407141,-43.30928582795563,18.78929705359176,134.57224861644792,416.6999763909433,15.288,0.781666664060676,11.062878640402912,0.0777249959634118,1.854749879846673e-05,-0.280949487595034,0.0994682537940211,0.0192325546191539,0.5222288837875463,18.3739882712862,26.30610910958744,1.2005133782454331
10.72,31.221320680776326,131.01297598997328,234.4871388504002,-0.2486322874036517,-0.4727075324223387,-1.1800857738563015,0.0830113525140802,0.1959396989540263,0.0,26.359389296612928,18.56477917761575,-43.47990965531228,18.787391561054665,134.5750396825578,416.08112595513165,15.288,0.7849999973828964,11.06145873685502,0.077666426414967,1.8476691377497195e-05,-0.2805910738904812,0.0990120786938125,0.0191939173798563,0.534105816239584,18.37998080234728,26.28513741341853,1.1991187113586532
10.73,31.221320384757973,131.01297790905826,234.306866184358,-0.2603845732956618,-0.4798253279842997,-1.1788546620221478,0.0902965660664056,0.1920663096339094,0.0,26.339534466506787,18.51204224918052,-43.65025208350979,18.78564233884505,134.57759519538928,415.46177574987377,15.288,0.7883333307051169,11.060035735451654,0.0776077666732247,1.8405540929605146e-05,-0.2802232043167682,0.0985505922136277,0.0191546478040059,0.545922051553296,18.38620631805028,26.26416456122744,1.197806850586156
10.74,31.22132009266608,131.01297982332824,234.1262046522372,-0.2721589283082595,-0.4867535097465279,-1.1776155952788805,0.0976538343114998,0.1883792124621673,0.0,26.31964942315357,18.45935895343572,-43.82030703783284,18.784052854289584,134.57991164294,414.8419391387489,15.288,0.7916666640273372,11.058609661321269,0.0775490178084482,1.83340504255466e-05,-0.2798458930243956,0.0980839771559333,0.0191147486268714,0.5576716592598543,18.392667017217796,26.24319128034324,1.196579077741056
10.75,31.221319804501096,131.01298173278195,233.94515743132783,-0.2839507037912325,-0.4934898583119033,-1.176370501205221,0.1050785533301769,0.1848774398433617,0.0,26.299734526547866,18.406731569177136,-43.99006848477428,18.78262652882072,134.5819856022202,414.2216293978853,15.288,0.7949999973495576,11.057180539547504,0.0774901808854505,1.8262222965686582e-05,-0.2794591582474583,0.0976124174510806,0.0190742228613384,0.5693489691336063,18.39936497899194,26.222218279294456,1.1954366257727014
10.76,31.22131952026336,131.01298363741836,233.76372769693552,-0.2957552679971983,-0.500032262521566,-1.1751212917477345,0.1125661248423888,0.1815599418002822,0.0,26.27979013483388,18.35416236911384,-44.15953043436318,18.7813667360362,134.5838137405631,413.6008597157367,15.288,0.798333330671778,11.05574839517812,0.077431256963576,1.819006177822524e-05,-0.2790630222629919,0.0971360980511982,0.0190330737940071,0.5809485531200984,18.40630216256008,26.20124624775646,1.1943806743444145
10.77,31.22131923995311,131.0129855372365,233.5819186064824,-0.3075680082607376,-0.5063787197028944,-1.1738698623220087,0.1201119586052217,0.1784255874142292,0.0,26.25981660429757,18.30165361965379,-44.32868694245463,18.78027679977496,134.5853928169044,412.97964319319686,15.288,0.8016666639939983,11.054313253225043,0.0773722470966708,1.811757021735948e-05,-0.2786575113485166,0.0966552048246713,0.0189913049811925,0.5924652094795019,18.413480406949056,26.180275856504924,1.1934123455503496
10.78,31.22131896357048,131.0129874322356,233.3997333283287,-0.3193843330891605,-0.5125273359509828,-1.1726180909073616,0.1277114747997503,0.1754731662744103,0.0,26.2398142893448,18.249207580686743,-44.49753211297866,18.77935999221045,134.58671968303014,412.35799284277766,15.288,0.8049999973162187,11.052875138610531,0.0773131523330236,1.804475176137072e-05,-0.2782426557378411,0.0961699244512411,0.0189489202447828,0.6038939488940507,18.42090143081693,26.15930775735013,1.1925326997617798
10.79,31.22131869111548,131.01298932241508,233.21717501692447,-0.3311996744403305,-0.5184763260217777,-1.1713678371939629,0.1353601062982948,0.1727013900060833,0.0,26.2197835425286,18.196826505366094,-44.66606010014877,18.77861953196192,134.58779128479307,411.73592158965744,15.288,0.8083333306384392,11.05143407630168,0.077253973715444,1.7971610010644165e-05,-0.2778184895752129,0.0956804443177127,0.0189059236680447,0.6152299820705227,18.42856683262768,26.13834258318129,1.1917427316747442
10.8,31.22131842258805,131.0129912077745,233.03424681976864,-0.3430094896350297,-0.5242240136705195,-1.1701209416940344,0.1430533010237,0.1701088937345808,0.0,26.19972471450456,18.144512639888383,-44.83426511062908,18.77805858222584,134.58860466329645,411.1134422703775,15.288,0.8116666639606595,11.049990091157987,0.0771947122811311,1.7898148685622093e-05,-0.2773850508677753,0.0951869524144575,0.018862319591269,0.6264687090324252,18.43647809044428,26.117380947869098,1.1910433664868436
10.81,31.22131815798796,131.0129930883135,232.8509518833716,-0.3548092635096333,-0.529768831521263,-1.1688792249014348,0.1507865241671271,0.167694237639772,0.0,26.17963815404532,18.092268223270462,-45.00214140565921,18.777680248927343,134.58915695604512,410.49056763317566,15.288,0.8149999972828798,11.048543208012086,0.0771353690617209,1.7824371624697057e-05,-0.2769423814364878,0.094689637232594,0.0188181126073558,0.6376057094779047,18.44463656217913,26.096423446301014,1.1904354562991506
10.82,31.221317897314943,131.012994964032,232.66729334828543,-0.3665945104100371,-0.5351093210708365,-1.1676444864679418,0.1585552604157088,0.1654559084986328,0.0,26.15952420802931,18.04009548712621,-45.16968330313731,18.77748757889411,134.5894453980636,409.86731033837367,15.288,0.8183333306051002,11.047093451642793,0.0770759450832396,1.7750282782037184e-05,-0.2764905268654382,0.0941886876620787,0.0187733075573225,0.6486367343157701,18.453043485746345,26.075470654369692,1.1899197767251306
10.83,31.2213176405686,131.01299683493002,232.4832743461232,-0.3783607762374674,-0.5402441325064749,-1.1664185043773128,0.1663550161105004,0.1633923212667308,0.0,26.139383221447364,17.987996655440124,-45.33688517965928,18.77748355805288,134.58946732298014,409.2436829580126,15.288,0.8216666639273205,11.045640846819971,0.0770164413661377,1.767588622535626e-05,-0.2760295364497318,0.0936842928905443,0.0187279095256823,0.6595576981027605,18.461699979411385,26.05452312900855,1.1894970236986147
10.84,31.221317387748407,131.0129987010077,232.29889800651503,-0.3901036403118725,-0.5451720246919352,-1.1652030341371786,0.1741813214209687,0.1615018206401292,0.0,26.11921553737933,17.935973944340702,-45.503741472514974,18.77767110964997,134.5892201640768,408.61969797555065,15.288,0.8249999972495409,11.04418541822384,0.0769568589252144,1.7601186133628824e-05,-0.2755594631418464,0.0931766423031756,0.0186819238357551,0.6703646724198683,18.470607042010105,26.03358140817081,1.1891678105147812
10.85,31.221317138853788,131.01300056226535,232.11416745114607,-0.4018187173788677,-0.549891864826574,-1.1639998080038243,0.1820297324114387,0.1597826826789793,0.0,26.099021497008795,17.884029561870918,-45.670246681640094,18.778053092497053,134.5887014553047,407.9953677863944,15.288,0.8283333305717613,11.042727190516684,0.0768971987696617,1.7526186794753555e-05,-0.2750803634966458,0.0926659253834511,0.0186353560449133,0.6810538798478675,18.479765553493003,26.01264601089808,1.1889326651239804
10.86,31.22131689388401,131.01300241870348,231.9290857967368,-0.4135016594667676,-0.5544026282258369,-1.1628105342071955,0.1898958331117003,0.1582331164169513,0.0,26.07880143961429,17.83216570775852,-45.83639537152354,18.77863229924348,134.58790883226416,407.3707046976506,15.288,0.8316666638939816,11.04126618831596,0.0768374619030406,1.7450892603154365e-05,-0.2745922976150007,0.0921523316149455,0.0185882119397285,0.6916216886667906,18.489176275381237,25.99171743734629,1.1887920276597714
10.87,31.22131665283825,131.01300427032268,231.74365615405068,-0.4251481577385365,-0.5587033980001769,-1.1616368962077332,0.1977752375355809,0.1568512654925841,0.0,26.058555702567777,17.78038457318467,-46.00218217307014,18.779411454675408,134.58684003314943,406.7457209285994,15.288,0.8349999972162021,11.039802436194304,0.0767776493232679,1.7375308057350796e-05,-0.2740953290861244,0.0916360503841438,0.0185404975310747,0.7020646080926273,18.49883985133878,25.970796168834895,1.1887462482380404
10.88,31.221316415715627,131.01300611712375,231.55788162689885,-0.4367539442631287,-0.5627933647427333,-1.1604805519431325,0.2056635916738581,0.1556352097819798,0.0,26.03828462132485,17.72868834055073,-46.16760178541755,18.78039321404416,134.58549289965683,406.1204286099312,15.288,0.8383333305384225,11.038335958643671,0.0767177620226001,1.7299437757454226e-05,-0.2735895249286435,0.0911172708843599,0.0184922190491111,0.7123792840179944,18.50875680775847,25.949882667886357,1.1887955849944556
10.89,31.22131618251509,131.01300795910765,231.3717653141288,-0.4483029511130487,-0.5666893598908463,-1.15934140217581,0.2135612205781226,0.1545797868453896,0.0,26.01798612901709,17.67707917980141,-46.33264897777202,18.78158016166319,134.58386537752557,405.4947649626064,15.288,0.8416666638606428,11.03685686207018,0.0766577939152137,1.7223286403645152e-05,-0.2730749576577961,0.0905961789162623,0.0184433813803469,0.7225688985278006,18.51891132874112,25.928972223819446,1.1889389354525137
10.9,31.22131595323552,131.01300979627538,231.1853103086306,-0.4597920194899804,-0.5703892029747659,-1.1582209431291752,0.221463920903258,0.1536828746625743,0.0,25.99766080120294,17.62555923510548,-46.49731859331471,18.78297481749429,134.58195550606243,404.86874971036735,15.288,0.8449999971828632,11.035365993986987,0.076597746700787,1.714685879286112e-05,-0.2725517152934702,0.0900729421309836,0.0183939923269918,0.7326292104923201,18.529305141375104,25.90806575462461,1.1891763735163228
10.91,31.221315727875684,131.01301162862825,230.99851969336123,-0.4712278543850971,-0.5738763341457374,-1.1571222554895386,0.2293633438540723,0.1529451710566146,0.0,25.977311174126324,17.57413065763418,-46.66160555138447,18.78457963762728,134.57976141622174,404.2424635474723,15.288,0.8483333305050836,11.03387243948456,0.0765376278557967,1.707015980149533e-05,-0.2720198773614714,0.0895477448880426,0.0183440604854682,0.7425512184016213,18.539953287181756,25.88716839757346,1.1895090092145817
10.92,31.22131550643424,131.01301345616756,230.81139655327,-0.4826063808040214,-0.5771503528873301,-1.1560468912826305,0.2372552737451052,0.1523645212509197,0.0,25.95693757555749,17.52279559167678,-46.82550484651875,18.786397003123952,134.57728134471537,403.6159182490517,15.288,0.8516666638273039,11.032376223189615,0.0764774383497689,1.699319439530119e-05,-0.2714795239012042,0.0890207748776415,0.0182935929035111,0.7523320881600238,18.550855848235532,25.86628054328714,1.1899367323938363
10.93,31.221315288909764,131.01301527889487,230.62394395443013,-0.4939235731157839,-0.58021096364005,-1.1549963738054057,0.2451355358735697,0.1519387153194203,0.0,25.93654033135621,17.471556171566302,-46.989011549869474,18.78842921788008,134.57451363559807,402.989125502772,15.288,0.8549999971495243,11.030877369674394,0.0764171791465802,1.6915967628671155e-05,-0.2709307380598723,0.0884922191465896,0.0182425968216799,0.7619691063949886,18.5620127934939,25.84540256399347,1.1904593347378878
10.94,31.2213150753007,131.01301709681184,230.4361649708696,-0.5051754566977147,-0.5830579750340892,-1.1539721970013928,0.2529999982213048,0.1516654899024622,0.0,25.916119765487064,17.420414521441028,-47.15212081073777,18.790678507139503,134.57145674095892,402.3620969090495,15.288,0.8583333304717446,11.029375903511127,0.0763568512045111,1.683848464192238e-05,-0.2703736060271157,0.0879622640094136,0.0181910796680435,0.7714596780734373,18.57342397991609,25.824534813662904,1.1910765094566995
10.95,31.221314865605432,131.0130189099203,230.24806265873272,-0.516358109307711,-0.5856912994147354,-1.1529758248523163,0.2608445732036289,0.1515425298665647,0.0,25.895676199990863,17.369372755006356,-47.314827858061065,18.79314701604412,134.5681092215727,401.73484398118165,15.288,0.861666663793965,11.027871849135844,0.0762964554761423,1.676075065855453e-05,-0.2698082169687608,0.0874310949607713,0.0181390490528516,0.7808013244061139,18.58508915332568,25.80367762805464,1.191787851264654
10.96,31.22131465982221,131.0130207182222,230.0596400701949,-0.5274676627366214,-0.588110951852357,-1.152008690796296,0.2686652192518427,0.1515674700534221,0.0,25.875209955018608,17.318432975295494,-47.4771280018524,18.7958368082203,134.56446974751222,401.10737814574406,15.288,0.8649999971161854,11.026365230975491,0.0762359929084725,1.6682770982483253e-05,-0.269234662959726,0.086898896589217,0.0180865127631372,0.789991680773982,18.597007949766507,25.782831324906223,1.1925928566297184
10.97,31.2213144579492,131.01302252171962,229.87090025445508,-0.5385003042527157,-0.5903170493489573,-1.151072197171212,0.2764579424140504,0.1517378969899021,0.0,25.854721348834016,17.267597274429903,-47.639016634592224,18.79874986440367,134.56053709871924,400.47971074320617,15.288,0.8683333304384058,11.024856073438857,0.0761754644429172,1.6604550995240454e-05,-0.2686530389160672,0.0863658524924386,0.0180334787573141,0.7990284948745189,18.60917989669,25.76199620406087,1.1934909243087228
10.98,31.221314259984453,131.01302432041484,229.68184624978505,-0.5494522778526238,-0.5923098102264389,-1.150167714644686,0.2842187979720058,0.1520513505600215,0.0,25.8342106977862,17.2168677333796,-47.80048923257205,18.80188808110248,134.5563101655351,399.8518530270909,15.288,0.8716666637606262,11.023344400780344,0.0761148710152309,1.6526096153159874e-05,-0.2680634425262812,0.085832145193895,0.0179799551596997,0.8079096250568992,18.621604413986287,25.74117254753626,1.1944813561285743
10.99,31.221314065925924,131.01302611431026,229.49248109148112,-0.560319885887727,-0.5940895528565739,-1.1492965817310603,0.2919438918522191,0.1525053257903755,0.0,25.81367831636467,17.16624642172271,-47.96154135719005,18.805253269301115,134.55178794918993,399.2238161659983,15.288,0.8749999970828465,11.02183023730886,0.0760542135556655,1.6447411984534778e-05,-0.2674659741818746,0.08529795606094,0.0179259502550816,0.8166330385854953,18.634280815639173,25.720360619779164,1.195563358071394
11.0,31.2213138757715,131.01302790340836,229.30280780192507,-0.5710994901989793,-0.5956566950121704,-1.1484601042549911,0.2996293821658407,0.1530972745176729,0.0,25.793124517166945,17.115735397406016,-48.12216865619868,18.808847153204283,134.54696956224913,398.59561124239167,15.288,0.878333330405067,11.020313607224336,0.0759934929888825,1.6368504086762217e-05,-0.2668607369072386,0.0847634652244709,0.0178714724831746,0.8251968101927913,18.64720831081437,25.699560667735057,1.1967360415677335
11.01,31.22131368951893,131.01302968771185,229.1128294035043,-0.5817875134388099,-0.5970117528356471,-1.147659554887217,0.3072714806162943,0.1538246071171614,0.0,25.77254961091176,17.065336706504475,-48.28236686490367,18.812671369023203,134.5418542290188,397.96724925363424,15.288,0.8816666637272874,11.018794534644968,0.0759327102339814,1.6289378123465257e-05,-0.2662478362889329,0.0842288515000443,0.0178165304331282,0.8335991206037213,18.660386005313,25.678772921023345,1.197998425073591
11.02,31.22131350716588,131.01303146722356,228.9225489046981,-0.5923804404186279,-0.5981553396701395,-1.1468961726941602,0.3148664538350036,0.1546846942496301,0.0,25.75195390646532,17.015052382981235,-48.44213180731501,18.81672746380418,134.53644128590747,397.3387411126376,15.288,0.8849999970495077,11.017273043688965,0.0758718662045838,1.6210039821610076e-05,-0.265627380404346,0.0836942923106022,0.0177611328379892,0.8418382551132692,18.67381290316258,25.65799759214729,1.1993494358719001
11.03,31.221313328709886,131.01303324194643,228.7319693100156,-0.6028748191937688,-0.5990881651737181,-1.1461711626830515,0.3224106247584383,0.1556748685481378,0.0,25.7313377108252,16.96488444844753,-48.60145939724936,18.82101689430135,134.530730181745,396.7100976474241,15.288,0.8883333303717281,11.01574915837464,0.0758109618087879,1.613049496859879e-05,-0.2649994797498498,0.0831599636107245,0.0177052885691331,0.8499126022994445,18.68748790795211,25.637234876617065,1.200787912089735
11.04,31.22131315414848,131.01303501188352,228.54109361502768,-0.6132672622792241,-0.599811034137944,-1.145485695403412,0.3299003738911964,0.1567924263500969,0.0,25.710701329139724,16.914834911923666,-48.76034563938386,18.82554102589341,134.5247204780578,396.0813296021331,15.288,0.8916666636939485,11.014222902665836,0.0757499979492198,1.6050749409364518e-05,-0.2643642471684127,0.0826260398125517,0.0176490066307216,0.8578206527217526,18.701409824448625,25.616484953154703,1.202312604952697
11.05,31.221312983478995,131.0130367770381,228.3499248133226,-0.6235544478054174,-0.600324845298384,-1.1448409065584435,0.3373321405337278,0.1580346294212558,0.0,25.690045064722344,16.864905769599456,-48.91878663026192,18.830301131545983,134.5184118493003,395.4524476375228,15.288,0.8949999970161688,11.012694300499131,0.0756889755230782,1.5970809043451087e-05,-0.2637217977768188,0.0820926937132488,0.0175922961541389,0.8655609976674231,18.71557736022848,25.59574798389532,1.203922181232217
11.06,31.221312816698727,131.01303853741356,228.15846588159923,-0.633733120493341,-0.6006305903048136,-1.144237896622552,0.3447024240158494,0.1593987066397194,0.0,25.66936921904216,16.815099004596043,-49.07677855925048,18.83529839082045,134.51180408304123,394.8234623307843,15.288,0.8983333303383892,11.01116337570216,0.0756278954221068,1.589067982208934e-05,-0.2630722488924548,0.0815600964241524,0.0175351663924067,0.8731323279718394,18.72998912716312,25.57502411453934,1.2056152258776511
11.07,31.22131265380484,131.01304029301335,227.9667198025248,-0.6438000928125819,-0.6007293523286446,-1.1436777305090555,0.3520077848005189,0.160881855735764,0.0,25.648674091755943,16.765416586726783,-49.234317709448426,18.840533888929365,134.50489708010636,394.1943841765446,15.288,0.9016666636606095,11.009630152093456,0.0755667585326922,1.581036774526993e-05,-0.2624157199597769,0.0810284173015224,0.0174776267146268,0.8805334327959898,18.744643643248644,25.55431347460324,1.207390244836977
11.08,31.22131249479442,131.01304204384118,227.7746895359147,-0.6537323756116822,-0.6006509793657359,-1.143158618568506,0.3592526110597139,0.1624757758722286,0.0,25.62795631044941,16.71586046171094,-49.391400458878486,18.84600861715921,134.4976908529364,393.5651108600933,15.288,0.90499999698283,11.008078584482412,0.0755055549224704,1.5729878860642205e-05,-0.261752338278182,0.080497815644881,0.0174196844918084,0.8877679661895892,18.759512480317312,25.53360800341637,1.2092445755536636
11.09,31.22131233966444,131.0130437899007,227.582378040595,-0.6635421562022922,-0.6003746663331939,-1.1426834040051967,0.3664282166863006,0.1641813640675428,0.0,25.6072190301077,16.666432550005084,-49.5480232843217,18.851723484136805,134.49018550971843,392.93574071895256,15.288,0.9083333303050504,11.006520970092827,0.0754442938902538,1.5649219253056668e-05,-0.2610822410542372,0.0799684376521087,0.0173613521779656,0.8948306087351201,18.774614602429025,25.512914123840424,1.21117732809027
11.1,31.221312188411776,131.01304553119596,227.38978827341143,-0.6732311300359503,-0.5998950113946983,-1.1422536746782728,0.3735295833998278,0.1659969758763097,0.0,25.586463410700684,16.61713477889064,-49.704182760633365,18.85767930949859,134.4823812618102,392.3063106091829,15.288,0.9116666636272708,11.004961099124015,0.0753829788570401,1.556839503566697e-05,-0.2604055541349375,0.0794404464283222,0.0173026400747954,0.9017192561366566,18.789954577648764,25.492233844321945,1.2131870436956316
11.11,31.221312041033247,131.01304726773083,227.1969231723312,-0.6827964020044468,-0.5992134352626141,-1.141870353646714,0.3805535181193709,0.1679197057044756,0.0,25.565689744519435,16.567969061837825,-49.85987555955035,18.86387681561132,134.4742784336588,391.67683069040265,15.288,0.914999996949491,11.00339899540787,0.0753216106874205,1.548741235845782e-05,-0.2597224046227997,0.078914003878057,0.0172435579495692,0.9084330850649728,18.80553058270735,25.471567234007622,1.215271949916635
11.12,31.22131189752552,131.01304899950964,227.00378567333937,-0.6922351491320436,-0.5983314438483494,-1.1415343271831095,0.387496893769316,0.1699466254648416,0.0,25.54489832208313,16.518937297834984,-50.01509845033438,18.87031662678243,134.46587746283413,391.0473110416135,15.288,0.9183333302717114,11.00183468273029,0.0752601902407495,1.5406277405659175e-05,-0.2590329213659449,0.0783892698423015,0.0171841156572455,0.9149713651512832,18.821340709048247,25.450914346893352,1.2174302108643231
11.13,31.221311757885186,131.01305072653656,226.8103787054717,-0.7015446213341588,-0.5972506268811771,-1.1412464445671404,0.3943566501732454,0.17207478623673,0.0,25.524089432149395,16.47004137115693,-50.16984830038847,18.876999268604507,134.45717889990587,390.4177616618876,15.288,0.921666663593932,11.000268184821987,0.0751987183711701,1.532499639285267e-05,-0.2583372348834562,0.0778664020393331,0.0171243231349872,0.9213334578674276,18.83738296464585,25.430275222051392,1.2196599308132652
11.14,31.221311622108765,131.01305244881607,226.61670518683528,-0.7107221420988302,-0.5959726565458476,-1.1410075178939154,0.4011297949161393,0.1743012199073045,0.0,25.50326336171793,16.421283151133224,-50.32412207582559,18.8839251673513,134.4481834082742,389.7881924707148,15.288,0.9249999969161522,10.998699525321696,0.0751371959276228,1.5243575564077831e-05,-0.257635477290681,0.0773455560073079,0.0170641903966892,0.9275188154023756,18.85365527580487,25.409649883847862,1.2219591578776567
11.15,31.22131149019265,131.01305416635267,226.42276802759363,-0.7197651092300092,-0.5944992859461764,-1.1408183219125352,0.4078134041244055,0.1766229408304366,0.0,25.482420396053804,16.372664491918982,-50.47791684199019,18.89109464942642,134.4388917639532,389.1586133086496,15.288,0.9283333302383726,10.997128727822163,0.0750756237539187,1.5162021188956497e-05,-0.2569277822245424,0.0768268850485769,0.0170037275275312,0.9335269795161694,18.870155489118527,25.389038342207236,1.224325887753118
11.16,31.2213113621332,131.01305587915112,226.22857013095944,-0.72867099543068,-0.5928323477050375,-1.140679593888854,0.4144046232448753,0.1790369474444309,0.0,25.46156081868984,16.324187232265913,-50.63122976393212,18.89850794086464,134.42930485530698,388.5290339380073,15.288,0.931666663560593,10.995555815824147,0.0750140026887367,1.508033955982741e-05,-0.2562142847688571,0.0763105401758002,0.0169429446785717,0.9393575804054004,18.886881373295065,25.368440592834443,1.2267580675224385
11.17,31.221311237926614,131.01305758721617,226.0341143902112,-0.7374373489956849,-0.590973752326566,-1.1405920334831765,0.4209006677233408,0.1815402239189351,0.0,25.440684911456728,16.27585319529618,-50.78405810683392,18.90616516688708,134.4194236827381,387.8994640432075,15.288,0.9349999968828132,10.993980812810026,0.0749523335657279,1.4998536988900428e-05,-0.2554951213797202,0.0757966700598362,0.0168818520613382,0.9450103355319918,18.903830621201763,25.347856617502124,1.2292535994805054
11.18,31.22131111756901,131.01305929055272,225.83940369167783,-0.7460617942534906,-0.588925486829303,-1.1405563026571357,0.4272988237186342,0.1841297417348124,0.0,25.41979295447564,16.227664188276762,-50.93639923639118,18.91406635151015,134.4092493583285,387.2699132313824,15.288,0.9383333302050336,10.992403742151774,0.0748906172134789,1.4916619805418363e-05,-0.2547704298109936,0.0752854209794131,0.0168204599424849,0.9504850484718054,18.921000851649545,25.32728638425776,1.2318103450099664
11.19,31.22131100105645,131.0130609891659,225.64444091274896,-0.7545420321036452,-0.5866896131596508,-1.1405730255941933,0.4335964487216458,0.1868024612876725,0.0,25.39888522617668,16.179622002396528,-51.08825061914636,18.92221141720891,134.39878310543267,386.6403910326193,15.288,0.941666663527254,10.990824627129424,0.0748288544555766,1.4834594352850745e-05,-0.2540403490399576,0.0747769367725584,0.0167587786384533,0.955781607730959,18.93838961137612,25.306729847691123,1.2344261284500775
11.2,31.22131088838488,131.01306268306078,225.449228918894,-0.762875840606893,-0.5842682664498998,-1.14064278867782,0.4397909720957358,0.1895553335051554,0.0,25.37796200333331,16.13172841254471,-51.2396098227759,18.93060018463529,134.3880262582229,386.01090690158577,15.288,0.9449999968494744,10.989243491022975,0.0747670461107004,1.4752466986097012e-05,-0.253305019193126,0.0742713587898414,0.0166968185102186,0.960899985535536,18.95599437716945,25.28618694924217,1.2370987409903371
11.21,31.221310779550155,131.01306437224272,225.25377057161327,-0.7710610752646017,-0.5816636536344294,-1.1407661404339235,0.4458798956745841,0.1923853013779844,0.0,25.357023561050063,16.083985177090774,-51.390474516332425,18.939232372391807,134.37698026118585,385.3814702167954,15.288,0.9483333301716949,10.987660356992873,0.0747051929925971,1.4670244068713545e-05,-0.252564581472265,0.0737688258494298,0.0166345899580024,0.96584023663253,18.973812557645136,25.265657617405925,1.2398259445234987
11.22,31.22131067454804,131.01306605671712,225.05806872644897,-0.7790956694797712,-0.5788780517343267,-1.1409435915508943,0.4518607942361576,0.1952893015370979,0.0,25.336070172789707,16.036394037667694,-51.54084247043994,18.94810759686028,134.36564666857242,384.7520902820904,15.288,0.9516666634939152,10.98607524813517,0.0746432959101495,1.4587931970167354e-05,-0.2518191780806957,0.073269474193897,0.0165721034160995,0.9706024970595062,18.99184149532791,25.24514176802885,1.2426054755084706
11.23,31.22131057337423,131.01306773648955,224.862126216092,-0.7869776349159313,-0.5759138062028544,-1.1411756148942531,0.4577313159552545,0.1982642657997369,0.0,25.31510211039012,15.98895671895594,-51.69071155744457,18.95722537208693,134.35402714379822,384.12277632700864,15.288,0.9549999968161356,10.984488187490737,0.0745813556674334,1.4505537063111576e-05,-0.2510689521498755,0.0727734374488389,0.0165093693477066,0.9751869828919508,19.01007846866629,25.22463930458548,1.2454350487795478
11.24,31.22131047602429,131.01306941156565,224.6659458831768,-0.7947050617359113,-0.5727733293701781,-1.1414626455428218,0.4634891828457644,0.2013071226791827,0.0,25.29411964406716,15.941674928470366,-51.84007975151962,18.96658510972319,134.34212345879675,383.4935375071008,15.288,0.958333330138356,10.982899197990056,0.0745193730637236,1.4423065720685506e-05,-0.2503140476663079,0.0722808465832791,0.0164463982398043,0.979593988986626,19.02852069394397,25.20415011842527,1.2483123613206848
11.25,31.221310382493755,131.01307108195113,224.46953054350985,-0.8022761189847957,-0.5694590986057941,-1.1418050808710187,0.469132191090256,0.204414798929313,0.0,25.27312304245032,15.89455035634916,-51.98894512872618,18.976186119023204,134.32993749332422,382.86438290520186,15.288,0.9616666634605764,10.981308302545232,0.0744573488935984,1.4340524313843976e-05,-0.2495546093987968,0.0717918298718907,0.0163832005981068,0.9838238876882603,19.047165327446905,25.183674089096808,1.2512350959916885
11.26,31.221310292778,131.01307274765196,224.2728830148916,-0.8096659680754646,-0.5660062530841377,-1.142200161899757,0.4746671420010513,0.2075777884459105,0.0,25.25210867555192,15.847584659897468,-52.13730586749267,18.98602760887416,134.31747123171164,382.23520355453127,15.288,0.9649999967827966,10.979697443794327,0.0743952724658954,1.4257919210343478e-05,-0.2487907900224773,0.071306502871106,0.0163197848955365,0.9878768815153152,19.065978647142867,25.163202067278565,1.254200400173502
11.27,31.221310206872367,131.01307440867407,224.0760061051905,-0.8168928807071628,-0.5623891561757945,-1.1426505798918378,0.4800848765882038,0.2107981102957626,0.0,25.231080222489226,15.800779468828903,-52.28516025182491,18.99610870181787,134.3047267444924,381.6061119402577,15.288,0.968333330105017,10.978082205648592,0.0743331546228469,1.417525676266658e-05,-0.2480227490781921,0.0708249697648363,0.016256164761523,0.991753049073045,19.084984359786503,25.142741758923165,1.2572062996024673
11.28,31.22131012477207,131.0130760650236,223.87890260836585,-0.8239584655952626,-0.5586059456424617,-1.1431570323721447,0.4853822131742992,0.2140735576283949,0.0,25.21003848838087,15.754136418941332,-52.43250666926156,19.006428426094782,134.2917061979764,380.9771333226195,15.288,0.9716666634272376,10.976465106012729,0.0742709977395183,1.4092543303060112e-05,-0.2472506334285884,0.0703473503491971,0.0161923510871377,0.9954529845086714,19.104183731570977,25.122294261700898,1.2602505233498407
11.29,31.221310046472244,131.01307771670676,223.68157531540248,-0.8308612215522132,-0.5546593260701264,-1.1437197704793816,0.4905572385921572,0.2174010698480856,0.0,25.18898373535615,15.707657127969927,-52.579343609002,19.016985708448235,134.27841186279355,380.34827648601896,15.288,0.9749999967494578,10.974846167778017,0.0742088025912515,1.4009785151165569e-05,-0.2464745901223376,0.0698737620209396,0.0161283543911319,0.9989773632843754,19.12357371634981,25.101859412973557,1.263330733771511
11.3,31.22130997196794,131.01307936372987,223.4840270003954,-0.8375997267932715,-0.5505520588401972,-1.144339008440589,0.4956081149273104,0.2207775920969008,0.0,25.167916224015304,15.661343195262596,-52.72566966173481,19.027779374353617,134.2648461130246,379.7195501446605,15.288,0.9783333300716782,10.97322541373328,0.07414656994886,1.3926988611656704e-05,-0.245694766623537,0.0694043193320883,0.0160641851858332,1.0023269321220865,19.143151217748706,25.081437039653203,1.2664445961007127
11.31,31.221309901254152,131.0130810060994,223.2862604314824,-0.8441726389983893,-0.5462869603336207,-1.1450149237715035,0.5005330796441901,0.2242000766697366,0.0,25.146836213451788,15.615196201584938,-52.87148351943389,19.038808148345247,134.2510114252326,379.09096294352895,15.288,0.9816666633938986,10.971602866592791,0.0740843005786908,1.3844159971766958e-05,-0.244911310741977,0.0689391339625807,0.0159998539724391,1.0055025076011526,19.1629130912188,25.06102695850634,1.269589781723323
11.32,31.22130983432574,131.01308264382195,223.08827837084417,-0.8505786953226929,-0.541866900140685,-1.1457476574746768,0.5053304456774815,0.2276654844062597,0.0,25.12574396127277,15.569217708927637,-53.01678397511241,19.050070654400187,134.23691037744692,378.4625234584885,15.288,0.9849999967161188,10.969978549014936,0.0740219952426997,1.376130549885248e-05,-0.2441243705639945,0.068478314694654,0.0159353712363368,1.0085049747418973,19.182856146071607,25.040628976455373,1.2727639713345316
11.33,31.22130977117749,131.01308427690404,222.89008356178505,-0.8568167122984208,-0.5372947993662448,-1.1465373142881303,0.5099986015125447,0.2311707860458593,0.0,25.104639723608123,15.52340926031806,-53.161569922535605,19.06156541637792,134.22254564810143,377.8342401975217,15.288,0.9883333300383392,10.96835248356492,0.0739596546984592,1.367843143798965e-05,-0.2433340943839054,0.0680219673890205,0.0158707474425406,1.0113352855668645,19.202977147409317,25.02024289085363,1.2759648580273875
11.34,31.22130971180413,131.01308590535257,222.6916787496017,-0.8628855857228916,-0.5325736288891647,-1.147383962916211,0.514536011219001,0.2347129635672247,0.0,25.08352375512281,15.47777237963316,-53.30584035589206,19.073290858516987,134.20792001492595,377.2061216005425,15.288,0.9916666633605596,10.966724692696152,0.073897279699211,1.3595544009610872e-05,-0.2425406306361291,0.067570194962702,0.0158059930311359,1.013994457634441,19.223272818085277,24.999868489770936,1.2791901502376333
11.35,31.22130965620029,131.01308752917436,222.49306666071507,-0.8687842906794631,-0.5277064073817835,-1.1482876363340413,0.5189412143832217,0.2382890115557011,0.0,25.062396309057707,15.432308571417208,-53.44959436942471,19.085245305987254,134.1930363537918,376.5781760412576,15.288,0.99499999668278,10.965095198862045,0.0738348709939752,1.3512649407180458e-05,-0.2417441278279328,0.0671230973686535,0.015741118412855,1.0164835725824966,19.24373984087751,24.979505552345334,1.2824375746099088
11.36,31.22130960436049,131.01308914837637,222.2942500175752,-0.8745118811588978,-0.52269619982843,-1.1492483320467444,0.5232128261392412,0.2418959384507922,0.0,25.04125763721084,15.387019320701452,-53.59283115702168,19.09742698549788,134.17789763751247,375.95041182653466,15.288,0.9983333300050004,10.963464024348305,0.0737724293274993,1.3429753794907435e-05,-0.2409447344728762,0.0666807715770851,0.0156761339646555,1.018803774606091,19.26437486017495,24.95915384899684,1.285704878729106
11.37,31.221309556279003,131.01309076296596,222.09523147705343,-0.8800675261983066,-0.5175461274544269,-1.134274406722467,0.5272026782837723,0.2452761626419848,0.0,25.02014641838688,15.341923358414755,-53.73555001175836,19.109834025963384,134.16250693459617,375.323990117856,15.288,1.0,10.961831191244986,0.0737100686515318,1.3346863298059711e-05,-0.2401425987755995,0.0662433114183801,0.0156110739863042,1.0209563061966738,19.28514647685683,24.938851568317187,1.2746299422560121
11.38,31.221309511944124,131.01309237295763,221.89601247676268,-0.8854512414962976,-0.5122596180469144,-1.1036376561574113,0.5309016459315754,0.2483706603253639,0.0,24.99930488679022,15.29713012523336,-53.877750323509474,19.122464459675136,134.14686740739918,374.7061703184135,15.288,1.0,10.960196712847118,0.0736485025944475,1.3263983754146976e-05,-0.2393378600647147,0.0658108028852177,0.015546098433199,1.0229432666010525,19.305874341435544,24.91884040614397,1.2496241909678034
11.39,31.221309471338444,131.01309397837292,221.6965932161725,-0.8906638530541126,-0.5068403968483652,-1.0734141478398351,0.5344539231894522,0.2514157323138028,0.0,24.978768269323943,15.252654919488895,-54.01943157074293,19.135316224787257,134.13098230867763,374.0979878217104,15.288,1.0,10.958560591157804,0.0735878349304493,1.31811206852251e-05,-0.2385306467431465,0.0653833234475475,0.015481236203812,1.024767580732439,19.326528070252078,24.899155004289703,1.225181129160175
11.4,31.22130943444439,131.01309557923344,221.49697386494287,-0.8957062561087756,-0.5012922246890104,-1.043600480283161,0.5378594589734796,0.2544112966519764,0.0,24.958533273172872,15.208495664741667,-54.16059331635504,19.14838716660857,134.11485497965026,373.49932206294926,15.288,1.0,10.956922827509343,0.07352805595334,1.3098279581413158e-05,-0.2377210852953226,0.0649609473369828,0.0154164919470205,1.0264322286303167,19.34710529889906,24.879791479256948,1.2012992416207666
11.41,31.22130940124459,131.0130971755606,221.297154598696,-0.9005793771206765,-0.4956188825538843,-1.014193258666882,0.5411182408460417,0.2573572794297593,0.0,24.938596636762608,15.164650305530513,-54.30123520639288,19.16167503817225,134.09848884898352,372.91005405288416,15.288,1.0,10.955283423355157,0.0734691560490306,1.301546591315466e-05,-0.2369093007497604,0.0645437458222372,0.015351870226793,1.0279402034472127,19.367603650996564,24.860745975621388,1.1779769461993521
11.42,31.22130937172174,131.01309876737582,221.0971355980212,-0.9052841730219988,-0.4898241700501771,-0.9851890946333844,0.5442302947409284,0.2602536142884149,0.0,24.918955129422983,15.121116806934776,-54.441356968830085,19.175177500832664,134.08188743176214,372.3300663515877,15.288,1.0,10.953642380213866,0.0734111256945651,1.29326851293883e-05,-0.2360954166825426,0.0641317872218672,0.0152873755233914,1.0292945085815317,19.388020739413385,24.842014665935825,1.155212582016197
11.43,31.221309345858685,131.0131003547002,220.8969170623901,-0.9098052419208204,-0.4839346229015523,-0.9565825873153628,0.5472018175624117,0.2630957465205293,0.0,24.899603014052555,15.077893146205367,-54.58095841246103,19.18889212543195,134.0650543277794,371.75916728718704,15.288,1.0,10.9519872419707,0.0733539479831523,1.2849942656510813e-05,-0.2352795583332248,0.0637251326737268,0.0152230108848996,1.0304943539300098,19.40833253777126,24.823587645066187,1.133004610465357
11.44,31.221309323638405,131.01310193755475,220.6964991912736,-0.9141485071668785,-0.4779472088973154,-0.928370704100036,0.5500315640949465,0.2658845914198698,0.0,24.880537920060416,15.034977292378404,-54.72003942847062,19.202816405819448,134.04799320470963,371.1972664632394,15.288,1.0,10.9503216847807,0.0732976159258196,1.2767243892252756e-05,-0.2344618626022912,0.0633238225430091,0.0151587821789704,1.031543331115164,19.428543152227864,24.805463018732794,1.111351205374089
11.45,31.22130930504398,131.01310351596038,220.495882190104,-0.91832656873087,-0.4718497399806725,-0.9005514307023906,0.552715475519798,0.2686231738226618,0.0,24.861758504403088,14.992367265073725,-54.85859998929164,19.21694776023272,134.03070779628104,370.6443046294337,15.288,1.0,10.9486544723955,0.0732421255607885,1.2684594194413329e-05,-0.2336424509157161,0.0629279134491852,0.0150946948824005,1.0324469955472322,19.448665431942224,24.78764135835292,1.0902502858214527
11.46,31.22130929005862,131.0131050899378,220.2950662802141,-0.9223405118788108,-0.4656460575673218,-0.8731214058162382,0.5552537210121161,0.2713114574423343,0.0,24.843261656307387,14.950061106598705,-54.996640144504426,19.23128351897764,134.01320191722067,370.1001702781404,15.288,1.0,10.946985606645908,0.0731874677186322,1.2601998891316052e-05,-0.2328214409388934,0.0625374622842073,0.0150307531400274,1.0332083724016257,19.46869697772019,24.77011894980001,1.0696997667251351
11.47,31.221309278665647,131.01310665950757,220.0940516869112,-0.9261914489034788,-0.4593400139683786,-0.8460772741323155,0.5576465066603054,0.27394941159429,0.0,24.82504429435245,14.908056877746036,-55.13416001948889,19.24582092460216,133.99547946283815,369.5647533329672,15.288,1.0,10.945315089381596,0.0731336333164786,1.251946328136466e-05,-0.2319989488948958,0.0621525230695899,0.0149669610183406,1.0338304840884005,19.488635385743294,24.752892106585968,1.0496974136895207
11.48,31.221309270848515,131.01310822469011,219.89283864146407,-0.929880518590568,-0.4529354706964028,-0.819415686295732,0.5598940751817768,0.2765370108709393,0.0,24.807103366190336,14.866352657402636,-55.27115981421424,19.260557132728948,133.9775444078177,369.03794512756735,15.288,1.0,10.943642922546612,0.0730806133571714,1.2436992631456672e-05,-0.2311750895683785,0.0617731469715028,0.0149033225065904,1.034316347709935,19.5084782489356,24.735957169847666,1.0302408265801724
11.49,31.22130926659076,131.0131097855058,219.69142738607377,-0.933408885555836,-0.4464362969753483,-0.7931332988258354,0.5619967056951158,0.2790742347982046,0.0,24.789435848250108,14.824946542166716,-55.407639802032094,19.275489212928104,133.9594008049793,368.519638382843,15.288,1.0,10.941969108151063,0.0730283989284154,1.235459217543956e-05,-0.2303499763095039,0.0613993823162878,0.0148398415177982,1.03466897253252,19.528223158136235,24.71931050828507,1.0113274224734135
11.5,31.221309265876087,131.0131113419747,219.4898181698968,-0.936777739562842,-0.4398463682974372,-0.7672267740817922,0.5639547135079231,0.2815610675040488,0.0,24.772038745443208,14.783836645971611,-55.54360032847182,19.29061414963021,133.94105278400897,368.0097271857575,15.288,1.0,10.940293648223928,0.0729769812018957,1.2272267112606528e-05,-0.2295237210379061,0.0610312746063611,0.0147765218897901,1.0348913574897036,19.5478677032268,24.70294851809323,0.9929544181329658
11.51,31.22130926868827,131.01311289411692,219.2880112460641,-0.9399882950125958,-0.4331695647703194,-0.7416927802494394,0.5657684498504363,0.2839974974494883,0.0,24.75490909089777,14.743021099718128,-55.67904181003863,19.3059288430794,133.9225045501572,367.5081069688165,15.288,1.0,10.93861654488856,0.0729263514324929,1.2190022606222324e-05,-0.2286964342466564,0.0606688665365489,0.0147133673861964,1.034986488786051,19.567409474458387,24.68686762295616,0.9751188120828563
11.52,31.2213092750112,131.01311444195224,219.0860068806257,-0.9430417903154588,-0.4264097696476941,-0.7165279913102159,0.567438301659928,0.2863835171426767,0.0,24.738043945677752,14.702498050912606,-55.81396473301441,19.32143011032648,133.90376038290717,367.01467448876593,15.288,1.0,10.936937800343804,0.0728765009574685,1.2107863782093808e-05,-0.2278682250062853,0.0603121980107715,0.0146503816973906,1.0349573375088486,19.586846063604696,24.67106427399674,0.9578173664184453
11.53,31.22130928482892,131.0131159855005,218.8838053416192,-0.9459394872302774,-0.4195708679289633,-0.6917290870570493,0.5689646913820199,0.2887191228623682,0.0,24.72144039850162,14.662265663313663,-55.948369652260496,19.337114686261515,133.88482463461196,366.5293278069176,15.288,1.0,10.935257416816826,0.0728274211956167,1.2025795727172624e-05,-0.2270392009687479,0.059961306159225,0.0145875684414495,1.034806857274612,19.606175065048603,24.65553494971536,0.941046588552677
11.54,31.22130929812552,131.01311752478125,218.6814069060248,-0.9486826703130732,-0.4126567448312491,-0.6672927530910631,0.5703480767414582,0.2910043144222999,0.0,24.70509556547964,14.622322116584902,-56.08225719002333,19.352979224685768,133.8657017291012,366.05196626872487,15.288,1.0,10.933575396591404,0.072779103646507,1.1943823488195952e-05,-0.2262094683715135,0.0596162253558056,0.0145249311650395,1.0345379819525071,19.62539407699139,24.64027615596716,0.9248027130058192
11.55,31.22130931488526,131.013119059814,218.47881185877364,-0.9512726463973716,-0.4056712842432624,-0.6432156808732856,0.5715889505046892,0.2932390949622699,0.0,24.68900658985911,14.58266560595562,-56.21562803474241,19.369020299422925,133.8463961602574,365.5824904852973,15.288,1.0,10.931891742055134,0.0727315398897177,1.1861952070363931e-05,-0.2253791320415502,0.0592769872360854,0.0144624733443295,1.0341536234591229,19.64450070267997,24.625284425950174,0.9090816834996883
11.56,31.22130933509246,131.01312059061812,218.27602048976505,-0.9537107438788202,-0.3986183674688967,-0.619494567729765,0.5726878403184495,0.2954234706996935,0.0,24.673170641743475,14.543294341887602,-56.3484829398604,19.385234405469525,133.8269124905615,365.1208023130739,15.288,1.0,10.930206455595602,0.0726847215840221,1.178018643604794e-05,-0.2245482953993684,0.0589436207156093,0.0144001983858119,1.0336566695194496,19.663492551358377,24.610556320121773,0.8938791355298271
11.57,31.22130935873156,131.0131221172128,218.0730330978421,-0.9559983122710188,-0.3915018716217017,-0.5961261169290968,0.5736453084562297,0.297557450767594,0.0,24.65758491785495,14.50420654974914,-56.48082272263532,19.401617960183184,133.80725534960968,364.6668048362352,15.288,1.0,10.928519539694772,0.072638640466676,1.1698531503542406e-05,-0.2237170604630914,0.0586161520085519,0.0143381096271704,1.0330499815825596,19.68236723955283,24.596088426213484,0.8791903796710445
11.58,31.221309385787087,131.0131236396172,217.86984998880416,-0.958136721555393,-0.3843256683285131,-0.5731070377219724,0.5744619516417016,0.2996410470123504,0.0,24.642246641268382,14.465400469495725,-56.612648262955375,19.418167304509875,133.7874294325993,364.2204023475477,15.288,1.0,10.92683099686292,0.0725932883526417,1.1616992145843568e-05,-0.2228855278524782,0.0582946046468335,0.014276210338063,1.0323363927095814,19.701122392063944,24.58187735916853,0.8650103858481148
11.59,31.221309416243724,131.01312515785014,217.66647147143223,-0.9601273616987092,-0.377093622222551,-0.5504340454280889,0.5751384008155918,0.3016742738487813,0.0,24.627153061173853,14.42687435535764,-56.7439605021557,19.43487870424873,133.76743949878627,363.78150033101696,15.288,1.0,10.925140829695252,0.0725486571338809,1.1535573189468509e-05,-0.2220537967929831,0.057978999499574,0.0142145037209261,1.031518705581233,19.7197556431596,24.567919761141148,0.8513337688364283
11.6,31.22130945008617,131.01312667193065,217.4628978624561,-0.9619466448975988,-0.369843681474317,-0.5281010568355212,0.5756844016861457,0.3036503918464361,0.0,24.612297902340444,14.38862645621532,-56.87476044227915,19.451748353543383,133.74729036729815,363.3499006184605,15.288,1.0,10.923430489238452,0.0725047283199281,1.1454279414117007e-05,-0.221221972252618,0.057669345208293,0.0141529913265059,1.030588591070805,19.73823200741112,24.55420339614388,0.8381567974096638
11.61,31.221309487299298,131.0131281818773,217.2591294865571,-0.9636166223269536,-0.3625515013168381,-0.5061067994678791,0.5760937466603031,0.3055745387493702,0.0,24.597681437964845,14.350655019079994,-57.00504914832904,19.468772393344103,133.7269868951204,362.9255989195551,15.288,1.0,10.921715206291166,0.0724615027112774,1.137311554197274e-05,-0.2203901653817225,0.0573656376460577,0.014091678890077,1.0295572798643813,19.75657610120717,24.540732361352617,0.8254719232903174
11.62,31.221309527868023,131.01312968770876,217.05516667040249,-0.9651432108328049,-0.3552148166154288,-0.4844484832851151,0.5763655913461017,0.3074479062401483,0.0,24.583301630178823,14.312958338080932,-57.13482774517826,19.485946903706584,133.70653398641332,362.5085229712751,15.288,1.0,10.919998286179158,0.0724189743003411,1.1292086235658616e-05,-0.2195584715680133,0.0570678894271899,0.0140305698017546,1.028429408730772,19.77479143278145,24.527504974696463,0.8132723055019401
11.63,31.221309571777383,131.01313118944347,216.85100975258675,-0.966527887911917,-0.3478374340116683,-0.4631228511715981,0.5765006946841428,0.3092705215410359,0.0,24.569155829600536,14.275534720867483,-57.26409741439558,19.50326789541524,133.6859366025728,362.0985828242282,15.288,1.0,10.918279731693652,0.0723771352781478,1.1211196106864271e-05,-0.2187269843596101,0.0567761112041748,0.0139696669904231,1.027207652678827,19.79287570261348,24.514517988856653,0.8015510474965857
11.64,31.22130961901249,131.01313268709976,216.64665907170183,-0.967772148243762,-0.3404231465204023,-0.4421266526956068,0.5764998486514438,0.311042413974674,0.0,24.555241411777065,14.238382487915068,-57.392859393053165,19.52073131134181,133.66519976065243,361.6956896352585,15.288,1.0,10.916559545721483,0.0723359779092336,1.113044971550502e-05,-0.2178957959222357,0.0564903110798163,0.013908973320881,1.025894647830447,19.810826625750064,24.501768183581344,0.7903008514547809
11.65,31.221309669558583,131.01313418069583,216.44211497628,-0.9688775030457912,-0.3329757323820326,-0.4214566442257299,0.5763638780938924,0.3127636148499194,0.0,24.541555776939795,14.201499972251188,-57.52111497255307,19.53833302791848,133.64432853166295,361.2997556512108,15.288,1.0,10.914837731159036,0.0722954945309139,1.1049851568753908e-05,-0.2170649970433622,0.0562104946288549,0.0138484915944985,1.0244929897032014,19.82864193266371,24.489252365621343,0.7795140163636787
11.66,31.22130972340095,131.0131356702499,216.23737781981984,-0.9698454796679072,-0.3254989536100868,-0.4011095890573554,0.5760936404736723,0.3144341574208074,0.0,24.52809634979433,14.164885519186068,-57.64886549745484,19.55606885664508,133.6233280388462,360.9106941931231,15.288,1.0,10.913114290998273,0.0722556775526742,1.0969406120087127e-05,-0.2162346771363662,0.0559366649199469,0.0137882245498435,1.023005231665416,19.84631937040577,24.47696736874824,0.7691824389446904
11.67,31.221309780525008,131.01313715577987,216.0324479627785,-0.970677620947136,-0.3179965548944523,-0.38108225755231,0.5756900257008895,0.3160540767948273,0.0,24.51486057928009,14.128537486051703,-57.77611236430619,19.57393454563141,133.60220345592137,360.52841964088304,15.288,1.0,10.911389228231185,0.0722165194554464,1.0889117768378303e-05,-0.2154049242446333,0.0556688225380811,0.0137281748633086,1.0214338833380776,19.863856703420325,24.46491005368639,0.7592976176515283
11.68,31.221309840916263,131.0131386373036,215.82732576362423,-0.9713754848124598,-0.3104722621808933,-0.3613714272785373,0.5751539558764002,0.3176234099146093,0.0,24.501845938366674,14.092454241944983,-57.90285702047494,19.591925781172147,133.58096000530713,360.1528474180066,15.288,1.0,10.90966254593577,0.0721780127910186,1.0808990857013796e-05,-0.2145758250457373,0.0554069656072634,0.0136683451496981,1.0197814091916169,19.88125171467088,24.453077308132453,0.7498506597579169
11.69,31.22130990456026,131.01314011483888,215.62201159772007,-0.9719406436999286,-0.3029297815329667,-0.3419738831484667,0.5744863850984316,0.3191421955013083,0.0,24.489049923825903,14.056634167477128,-58.029100962982994,19.610038189355368,133.5596029563177,359.78389397634106,15.288,1.0,10.907934247218709,0.0721401501813645,1.0729029673040551e-05,-0.2137474648555575,0.055151089813652,0.0136087379627934,1.0180502271082286,19.898502206499007,24.44146604670633,0.7408322916615474
11.7,31.22130997144272,131.01314158840336,215.41650583247863,-0.9723746840518396,-0.2953727979050837,-0.3228864175834281,0.5736882992390536,0.3206104740294067,0.0,24.47647005601792,14.021075654529756,-58.154845737343074,19.62826733770336,133.53813762333442,359.4214767818359,15.288,1.0,10.906204335215373,0.0721029243180019,1.0649238446348467e-05,-0.2129199276324206,0.0549011884290266,0.013549355795926,1.01624270706071,19.91560600157044,24.4300732109301,0.7322328723848847
11.71,31.22131004154937,131.01314305801455,215.2108088571768,-0.9726792058699644,-0.287804973858699,-0.3041058306648127,0.5727607156972515,0.3220282877242131,0.0,24.464103878686764,13.985777106015124,-58.28009293639642,19.6466087368452,133.5165693639535,359.06551429987405,15.288,1.0,10.904472813128027,0.0720663279614015,1.056962134887807e-05,-0.2120932959812337,0.0546572523346358,0.0134902010824994,1.0143611698882664,19.93256094387815,24.418895769225287,0.7240424102115511
11.72,31.22131011486607,131.01314452368987,215.00492104916387,-0.972855822172238,-0.2802299484393735,-0.2856289303040476,0.5717046831849452,0.3233956805436592,0.0,24.451948958744737,13.950736935644048,-58.4048441991536,19.665057842220424,133.49490357710997,358.7159259813632,15.288,1.0,10.90273968418762,0.0720303539403406,1.0490182493863945e-05,-0.2112676511576201,0.0544192700454069,0.0134312761965215,1.012407886099721,19.94936489959428,24.40793071687379,0.7162505824057175
11.73,31.22131019137877,131.01314598544664,214.79884280367952,-0.9729061585431656,-0.2726513359438119,-0.267452532404367,0.5705212814751018,0.324712698192604,0.0,24.44000288607117,13.915953567697423,-58.52910120963666,19.68361005581358,133.47314570117885,358.3726322485978,15.288,1.0,10.901004951682465,0.0719949951513187,1.0410925935100568e-05,-0.210443073072048,0.0541872277345292,0.0133725834530933,1.0103850747935343,19.96601575803001,24.397175076010395,0.7088467578207737
11.74,31.221310271073435,131.01314744330205,214.5925745119877,-0.9728318526233756,-0.2650727247944461,-0.2495734610354997,0.5692116211685911,0.3259793881294223,0.0,24.42826327330588,13.88142543680504,-58.65286569572403,19.702260727918304,133.45130121205392,358.03555448169413,15.288,1.0,10.899268618939091,0.0719602445579453,1.0331855666247614e-05,-0.2096196402939781,0.0539611092583789,0.0133141251088987,1.0082949026276735,19.982511432494988,24.38662589559313,0.7018200222363611
11.75,31.22131035393617,131.01314889727317,214.3861165792649,-0.9726345536172066,-0.2574976764106989,-0.2319885486143465,0.5677768434498606,0.3271957995855987,0.0,24.416727755645784,13.8471509877283,-58.77613942799704,19.72100515893089,133.42937562120468,357.7046150053257,15.288,1.0,10.897530689312728,0.0719260951903353,1.0252975620154164e-05,-0.2087974300559989,0.0537408961818238,0.0132559033626781,1.0061394828725627,19.998849861163308,24.37628025137728,0.6951592061625436
11.76,31.22131043995319,131.013150347377,214.17946940273848,-0.972296615706178,-0.2499556994433712,-0.2146926988972916,0.5662248843066998,0.3283568922736305,0.0,24.40539145864808,13.813128663486166,-58.898924218743375,19.73983860199696,133.40737447274884,357.37966292088186,15.288,1.0,10.895777123628914,0.0718925326858576,1.017428966869482e-05,-0.2079765220584698,0.0535265627561126,0.0131979192275976,1.0039086428340729,20.015004053188616,24.36612863373429,0.6888554443942032
11.77,31.221310529110728,131.01315179363044,213.97263339652875,-0.9718275050622396,-0.2424397574819573,-0.1976832586818947,0.564554743432026,0.3294643610274079,0.0,24.39425312118257,13.779356882865311,-59.02122192386632,19.758756281303206,133.38530332228595,357.0606535052066,15.288,1.0,10.894013519213951,0.0718595533259592,1.0095801615682332e-05,-0.2071570079903986,0.0533180633210069,0.0131401764599362,1.00160875538225,20.0309821091022,24.356170886771253,0.6828964008412197
11.78,31.22131062139512,131.01315323605016,213.76560897475832,-0.9712405246990048,-0.234937676654997,-0.1809581866952459,0.5627637022715529,0.3305212290806346,0.0,24.383311975520545,13.745834115071176,-59.14303444150185,19.7777533931234,133.36316773595928,356.74755667925854,15.288,1.0,10.892248307754649,0.0718271548455481,1.00175151900673e-05,-0.2063389630456324,0.0531153701734841,0.0130826780395348,0.9992490089201,20.04679707755884,24.346408154983404,0.6772688777726242
11.79,31.221310716792768,131.01315467465284,213.55839655452948,-0.9705373789687746,-0.2274528823774347,-0.1645143528749714,0.5608530152377869,0.3315275569186559,0.0,24.372565744548965,13.712558842676495,-59.26436370795441,19.79682509229744,133.34097330648677,356.44029839420074,15.288,1.0,10.890481492794803,0.0717953305332936,9.93943405688771e-06,-0.2055224590098962,0.0529184561970851,0.0130254259262628,0.9968313144407794,20.06244702285168,24.33683762317525,0.6719610092852415
11.8,31.221310815290163,131.01315610945508,213.35099655692056,-0.969719781417662,-0.2199887676414057,-0.1483486365829183,0.5588239657928272,0.3324834072112081,0.0,24.362012172759552,13.6795295574022,-59.38521169643916,19.815966493541,133.31872565184213,356.1388054828203,15.288,1.0,10.888713077975048,0.0717640737415645,9.86156181757213e-06,-0.2047075663443174,0.0527272921260597,0.0129684220237099,0.9943575269308382,20.07793003826372,24.32745650284813,0.666960837524369
11.81,31.22131091687386,131.01315754047323,213.1434094099669,-0.9687894541240284,-0.2125486922489042,-0.1324579267784455,0.5566778662308313,0.333388844827999,0.0,24.35164902603516,13.646744759931936,-59.50558041594038,19.83517267338704,133.29643041320875,355.843005646677,15.288,1.0,10.886943066887582,0.0717333778858008,9.783902009449586e-06,-0.2038943541897316,0.0525418465726406,0.0129116681795569,0.9918294447917148,20.0932442466044,24.318262032107203,0.6622563483829377
11.82,31.2213110215305,131.01315896772377,212.9356355476669,-0.9677481274414008,-0.2051359815244614,-0.1168391222335292,0.5544160573156732,0.3342439369643228,0.0,24.341474091490426,13.61420295973218,-59.625471910073145,19.85443867215099,133.27409325291623,355.5528274450354,15.288,1.0,10.885171463221448,0.071703236444043,9.706458105280826e-06,-0.2030828903710091,0.0523620860546585,0.0128551661859642,0.989248809616608,20.10838780124931,24.30925147570445,0.6578355071681428
11.83,31.221311129246804,131.01316039122284,212.72767540203048,-0.9665975394093914,-0.1977539254941643,-0.1014891317168943,0.5520399080254609,0.3350487531859742,0.0,24.331485177271656,13.581902674877,-59.744888255948005,19.873759495918847,133.25171985236153,355.26820028269765,15.288,1.0,10.88339827066568,0.0716736429563436,9.629233512817491e-06,-0.2022732414013975,0.0521879750235,0.012798917779922,0.9866173058269244,20.12335888673493,24.300422124967582,0.6536862939674384
11.84,31.221311240009577,131.0131618109866,212.5195294100378,-0.9653394354377178,-0.1904057777243102,-0.0864048742126844,0.5495508151975487,0.3358033655501586,0.0,24.32168011239252,13.549842431878224,-59.863831563038,19.89313011855728,133.22931590991456,354.9890543993126,15.288,1.0,10.881623493006128,0.0716445910242766,9.552231574390366e-06,-0.2014654724868719,0.0520194758924193,0.0127429246436172,0.9839365605889708,20.1381557196844,24.291771297818315,0.6497967382857609
11.85,31.22131135380565,131.01316322703104,212.31119802258257,-0.9639755676566476,-0.1830947546252919,-0.0715832790919622,0.5469502032801273,0.3365078486438296,0.0,24.31205674652912,13.518020765519376,-59.982303972049536,19.91254548374496,133.20688713880932,354.7153208569991,15.288,1.0,10.87984713398025,0.0716160743103425,9.475455566524574e-06,-0.2006596475305387,0.0518565490651447,0.0126871884047442,0.9812081435743734,20.15277654928933,24.28329633867683,0.646154952710748
11.86,31.221311470621952,131.01316463937215,212.10268168062024,-0.9625076946600613,-0.1758240342555128,-0.0570212863445585,0.5442395239429018,0.3371622797286291,0.0,24.30261294986713,13.486436218695877,-60.100307653795866,19.93200050702456,133.18443926502155,354.4469315304544,15.288,1.0,10.878069197412632,0.0715880865375076,9.398908699577282e-06,-0.1998558291370348,0.0516991529648583,0.0126317106368605,0.9784335670952028,20.16721965827572,24.27499461849693,0.642749165219054
11.87,31.221311590445527,131.0131660480258,211.89398083603817,-0.9609375809705644,-0.1685967555186175,-0.0427158467641919,0.5414202557754695,0.3377667388172205,0.0,24.293346612914213,13.455087342258784,-60.2178448080748,19.951490077874425,133.16197802513278,354.1838190953995,15.288,1.0,10.876289687147237,0.0715606214886588,9.322594117404968e-06,-0.1990540786169765,0.0515472440634711,0.0125764928596848,0.97561428612339,20.181483363495577,24.266863534704648,0.6395677499530266
11.88,31.22131171326343,131.01316745300767,211.6850959427123,-0.9592669966009276,-0.1614160172544148,-0.0286639221568862,0.538493903945149,0.3383213087786481,0.0,24.284255646326542,13.423972694863595,-60.33491766254877,19.971009061798245,133.13950916418307,353.9259170180714,15.288,1.0,10.874508607047373,0.0715336730060886,9.246514897053487e-06,-0.1982544559914315,0.0514007769112354,0.0125215365394097,0.9727516984665796,20.195566016624557,24.258900511167635,0.6365992561990633
11.89,31.221311839062807,131.01316885433343,211.4760274604812,-0.9574977166313264,-0.1542848773295962,-0.0148624855481363,0.5354619998415893,0.3388260754508439,0.0,24.275337980739017,13.393090842823348,-60.45152847162962,19.990552302433656,133.11703843351182,353.6731595448371,15.288,1.0,10.872725961005411,0.0715072349909934,9.170674048476208e-06,-0.1974570199964296,0.0512597041666683,0.012466843089003,0.9698471450473524,20.20946600486292,24.251102998168324,0.6338324353931752
11.9,31.22131196783088,131.01317025201865,211.26677585017737,-0.955631520858388,-0.1472063516584111,-0.0013085213934542,0.5323261006901723,0.3392811277744143,0.0,24.2665915666054,13.362440359966792,-60.567679515366784,20.010114623676664,133.09457158858848,353.42548169210414,15.288,1.0,10.870941753000867,0.0714813014030041,9.09507451427666e-06,-0.1966618280875128,0.0511239766267893,0.0124124138684988,0.9669019103212292,20.223181751707923,24.24346847239797,0.6312562660030544
11.91,31.22131209955493,131.01317164607866,211.05734157660905,-0.9536701931632064,-0.1401834136190669,0.0120009742329573,0.5290877892509089,0.3396865578583392,0.0,24.258014374004794,13.332019827500543,-60.6833730983391,20.029690831823125,133.07211438683305,353.1828192354878,15.288,1.0,10.869155986955148,0.0714558662596141,9.019719169475351e-06,-0.1958689364442827,0.0509935432577239,0.0123582501852649,0.9639172225717788,20.236711717349724,24.2359944368549,0.6288599762320711
11.92,31.22131223422232,131.01317303652894,210.8477251115424,-0.9515871296426563,-0.1332567395760623,0.0250716287120931,0.5257584698003172,0.3400350136448986,0.0,24.24960095278751,13.301827807787832,-60.798611549073605,20.049275720744,133.04967258196857,352.9450085727883,15.288,1.0,10.867348328587836,0.0714309135035619,8.944610821411417e-06,-0.1950784081517844,0.0508683404710595,0.0123043520647037,0.9608713707903676,20.250018033449216,24.228669051953656,0.6266373477838154
11.93,31.22131237182043,131.01317442338467,210.6379269257484,-0.9494087847332416,-0.1263963703305665,0.0379044743735177,0.5223318969714698,0.3403325672470571,0.0,24.24135234023989,13.27186285431396,-60.91339722256232,20.068864095145585,133.02725189769487,352.7120751926087,15.288,1.0,10.865536350342348,0.0714064461874243,8.869752198788681e-06,-0.1942903119949039,0.0507482937657849,0.0122507232155289,0.957784746551076,20.26313086419262,24.22149806092009,0.624574748208987
11.94,31.22131251233676,131.0131758066611,210.4279474909932,-0.947140812264416,-0.1196000123369639,0.0505021420496289,0.5188084352932529,0.3405803016008494,0.0,24.23326703235069,13.242123568805033,-61.027732496933965,20.08845076033875,133.00485803980217,352.4839707135717,15.288,1.0,10.863722806159355,0.0713824598780019,8.795145953609489e-06,-0.1935047005446776,0.0506333465833413,0.0121973650374214,0.954661499297848,20.276053730973395,24.21448031998756,0.6226617064839943
11.95,31.22131265575884,131.01317718637324,210.21778728798776,-0.9447850225256916,-0.1128704429753388,0.0628675848380759,0.5151897593223799,0.3407783265580758,0.0,24.225343075537378,13.212608560071809,-61.14161977040764,20.10803051324056,132.98249670681042,352.26063383148374,15.288,1.0,10.861907700158058,0.0713589488178607,8.720794669641158e-06,-0.1927216247776553,0.0505234411025815,0.0121442786185423,0.9515026647307048,20.28878526576423,24.20761343928181,0.6208886286490894
11.96,31.22131280207428,131.01317856253607,210.00744679843703,-0.9423432278060628,-0.1062103930833837,0.0750037430416564,0.5114775669337852,0.3409267559693338,0.0,24.217578535050343,13.183316443699328,-61.255061460193566,20.12759814450805,132.96017358783814,352.04200395406207,15.288,1.0,10.860091036506669,0.0713359073050905,8.646700862406798e-06,-0.1919411344092926,0.0504185178395127,0.0120914649952191,0.9483092266872128,20.30132414027521,24.20089505507292,0.6192462481780066
11.97,31.221312951270736,131.01317993516443,209.7969265060336,-0.9398172419468238,-0.0996225462600702,0.0869135439750508,0.5076735789080188,0.3410257078064186,0.0,24.20997149481157,13.154245841934722,-61.36806000141152,20.1471484407438,132.93789436039643,351.8280211914601,15.288,1.0,10.858272819402831,0.0713133296928355,8.572866979106235e-06,-0.1911632778989311,0.0503185156794981,0.0120389251521832,0.945082118058744,20.31366906647957,24.19432282972334,0.6177256350779432
11.98,31.221313103335955,131.01318130427325,209.5862268974521,-0.9372088798569892,-0.0931095382444896,0.0985999017627729,0.503779538522725,0.3410753042769872,0.0,24.202520057249508,13.125395383579152,-61.480617846012834,20.166676186709708,132.91566468818107,351.6186263472788,15.288,1.0,10.85645305302458,0.0712912103887999,8.499295398558981e-06,-0.1903881024548167,0.0502233719097667,0.0119866600228153,0.9418222217466274,20.32581879707146,24.18789445162044,0.6163182029191071
11.99,31.221313258257712,131.01318266987707,209.3753484653309,-0.9345199572392556,-0.0866739560393954,0.1100657171297139,0.4997972110655458,0.3410756719931141,0.0,24.195222343159656,13.096763703883594,-61.592737461709376,20.18617616755044,132.8934902188597,351.41376091008794,15.288,1.0,10.854631741628408,0.0712695438548394,8.425988431171331e-06,-0.1896156540391826,0.0501330222521914,0.0119346704893862,0.9385303718837696,20.3377721261738,24.18160763517476,0.6150157138656949
12.0,31.22131341602386,131.01318403199065,209.16429169932724,-0.9317522900262932,-0.0803183374381105,0.1213138772158467,0.4957283834353545,0.3410269420656175,0.0,24.188076491532897,13.068349444448389,-61.7044213309074,20.205643171022963,132.87137658185992,351.2133670441869,15.288,1.0,10.85280888944138,0.0712483246064547,8.352948318925988e-06,-0.1888459773734263,0.050047400896296,0.0118829573832814,0.93520735487549,20.3495278896606,24.17546012072276,0.6138102818975888
12.01,31.22131357662233,131.0131853906284,208.95305710002995,-0.928907694138834,-0.0740451701516683,0.1323472553694552,0.4915748636269743,0.3409292502812606,0.0,24.181080659422392,13.04015125312702,-61.81567194964773,20.22507198973424,132.8493293861538,351.0173875813937,15.288,1.0,10.850984500778829,0.0712275472124035,8.280177235392915e-06,-0.1880791159433084,0.0499664405325865,0.0118315214852314,0.931853910803049,20.361084965869328,24.169449674530807,0.6126943742609757
12.02,31.221313740041094,131.0131867458048,208.7416451600789,-0.9259879849009028,-0.0678568914126997,0.1431687109552444,0.4873384803224762,0.3407827371925166,0.0,24.17423302177129,13.012167783933716,-61.926491826552194,20.24445742338336,132.8273542180439,350.8257660124109,15.288,1.0,10.849158579916864,0.0712072062941825,8.207677285764972e-06,-0.1873151120042411,0.0498900723861103,0.0117803635255403,0.9284707345900488,20.372442275857168,24.163574088685166,0.6116608113718179
12.03,31.22131390626817,131.0131880975342,208.5300563830457,-0.92299497674616,-0.0617558872139852,0.1537810891599241,0.4830210823763226,0.340587548280077,0.0,24.167531771275936,12.98439769695406,-62.03688348177621,20.26379428100884,132.8054566389495,350.6384464785444,15.288,1.0,10.847331131170824,0.071187296525632,8.135450506914198e-06,-0.1865540065866632,0.0498182262502515,0.0117294841843031,0.9250584774995512,20.38359878401356,24.15783118107484,0.6107027652194155
12.04,31.221314075291687,131.0131894458309,208.3182912705151,-0.9199304828469472,-0.0557444916783575,0.1641872207940748,0.4786245383188862,0.340343834095746,0.0,24.160975118240227,12.956839658260188,-62.14684944596824,20.28307738323995,132.78364218319427,350.45537376372295,15.288,1.0,10.845502158914888,0.0711678126325041,8.063498867471117e-06,-0.1857958395014689,0.0497508305207967,0.0116788840916304,0.9216177486336036,20.39455349855045,24.15221879534492,0.6098137564535928
12.05,31.221314247099777,131.013190790709,208.10635033102915,-0.9167963146163068,-0.0498249866121866,0.1743899221116022,0.474150735891697,0.3400517503719863,0.0,24.154561290417814,12.92949233982881,-62.25639225923655,20.30230156455052,132.76191635579687,350.2764932860285,15.288,1.0,10.843671667513435,0.0711487493919997,7.991824267924218e-06,-0.1850406493455121,0.049687812230244,0.0116285638278561,0.9181491163797516,20.405305471818416,24.146734800808936,0.608987650294963
12.06,31.22131442168065,131.01319213218267,207.89423407312995,-0.9135942813285444,-0.0439996009340538,0.1843919946133355,0.4696015815373985,0.3397114581606419,0.0,24.1482885328675,12.902354419463697,-62.36551447012197,20.321461675514826,132.7402846302642,350.10175109003814,15.288,1.0,10.841839661330832,0.0711301016323366,7.920428540740585e-06,-0.1842884735072004,0.0496290970823331,0.0115785239237612,0.9146531100270392,20.41585380074825,24.14137709239405,0.6082186513627643
12.07,31.22131459902258,131.0131934702659,207.68194300536064,-0.9103065727235254,-0.0382963360130078,0.1941978637615641,0.4649855883606087,0.3393180755395196,0.0,24.14215289964368,12.875424568229873,-62.47421863470504,20.340552585846712,132.7187524455073,349.9310298259072,15.288,1.0,10.83999227822376,0.0711118577280725,7.849313450710494e-06,-0.1835393516568008,0.0495746049402501,0.0115287640251862,0.911111706813058,20.426172695974877,24.136137325697696,0.6075040444807422
12.08,31.22131477911388,131.01319480497258,207.46947764322192,-0.906940819699453,-0.0327096001809098,0.2038101116351263,0.4603032901681666,0.3388728418983816,0.0,24.13615335886768,12.848701418891975,-62.58250731864808,20.35956920579172,132.6973251820832,349.76429677720125,15.288,1.0,10.838133551421093,0.0710940146373731,7.778480687922078e-06,-0.1827933370460091,0.0495242351379751,0.0114792860516322,0.907530428701788,20.436268779896118,24.131015347165263,0.6068381032208241
12.09,31.221314961942927,131.01319613631657,207.25683850221384,-0.9035127565277092,-0.0272231068061989,0.2132304080559703,0.4555521100846736,0.3383794069844952,0.0,24.13028978177545,12.822183659612165,-62.6903830962795,20.37850648944764,132.6760081588876,349.6015454905888,15.288,1.0,10.836273303730662,0.0710765719785884,7.707931862665488e-06,-0.1820504659596167,0.0494779063859413,0.0114300912965723,0.9039227496428016,20.446159002107127,24.12601358631883,0.6062141164584448
12.1,31.22131514749816,131.0131974643116,207.04402609386247,-0.9000241942577406,-0.0218388505973719,0.2224614915085017,0.4507340179473407,0.3378379581213613,0.0,24.12456048065036,12.795869990207878,-62.79784854641954,20.397359417453337,132.6548066530728,349.4427244203533,15.288,1.0,10.834411539702364,0.0710595247781281,7.637668517165706e-06,-0.1813107708630365,0.0494355396434937,0.0113811800838456,0.9002890904680589,20.45584266024264,24.121130042103445,0.6056275720991833
12.11,31.22131533576804,131.01319878897135,206.83104094460248,-0.8964769396993166,-0.0165587711168471,0.2315060846775295,0.4458509994341736,0.3372486887797527,0.0,24.11896378437234,12.769759116005156,-62.90490625124028,20.41612299829264,132.6337258989394,349.2877826093079,15.288,1.0,10.832548263866228,0.071042868111338,7.567692126692266e-06,-0.1805742830334675,0.0493970547282666,0.0113325526882935,0.8966298422080003,20.465319098168077,24.11636273872389,0.6050742590978676
12.12,31.22131552674109,131.01320011030938,206.61788357291712,-0.8928727951074434,-0.0113847522643488,0.2403668942536109,0.4409050554834494,0.3366117987216601,0.0,24.11349803828761,12.74384974778143,-63.011558795285566,20.43479227052817,132.61277108578287,349.13666968231786,15.288,1.0,10.830683480782088,0.0710265971021031,7.498004099811549e-06,-0.1798410325660961,0.0493623703518763,0.0112842093359978,0.892945368057484,20.47458770639068,24.111709725595546,0.6045502583264865
12.13,31.221315720405936,131.01320142833924,206.40455450126657,-0.8892135577707905,-0.0063186219071406,0.2490466107737472,0.4358982017376848,0.3359274941156917,0.0,24.10816160406773,12.71814060170976,-63.11780876449905,20.453362305030005,132.59194735575008,348.9893358386808,15.288,1.0,10.828817195019706,0.0710107069224428,7.428605778661965e-06,-0.1791110483804382,0.0493314041557436,0.0112361502044867,0.889236005288338,20.483647922333347,24.107169077261524,0.6040519331306586
12.14,31.2213159167512,131.01320274307434,206.19105425608663,-0.8855010196731059,-0.0013621514414102,0.2575479084404525,0.4308324679551097,0.3351959876698249,0.0,24.102952859578263,12.692630399307756,-63.223658745262334,20.4718282071995,132.57125980170488,348.8457318455045,15.288,1.0,10.826949411188588,0.0709951927921175,7.359498439245161e-06,-0.1783843582267191,0.0493040727471732,0.0111883754229635,0.8855020672764569,20.4924992306785,24.10273889333021,0.6035759196126794
12.15,31.22131611576557,131.013204054528,205.97738336281947,-0.8817369670447882,0.003482944479714,0.265873444962705,0.4257098974522069,0.3344174987311342,0.0,24.097870198735777,12.667317867388324,-63.32911132344168,20.49018511918577,132.55071346510596,348.70580903048113,15.288,1.0,10.8250801338883,0.0709800499782102,7.2906832917397376e-06,-0.1776609886924449,0.0492802917354829,0.011140885072526,0.8817438454548865,20.501141163554745,24.098417298374954,0.6031191167445227
12.16,31.221316317437804,131.0132053627135,205.7635423508837,-0.8779231800289983,0.0082150083447223,0.2740258613818294,0.4205325464986025,0.3335922534134971,0.0,24.09291203137846,12.642201738013906,-63.43416908344551,20.508428222095496,132.53031333389555,348.5695192753959,15.288,1.0,10.823209367738286,0.0709652737947406,7.222161480831501e-06,-0.1769409652089863,0.0492599757684175,0.0110936791863955,0.8779616114117614,20.509573300849897,24.09420244186729,0.6026786763343694
12.17,31.22131652175669,131.01320666764403,205.5495317526799,-0.8740614323233731,0.0128324401248828,0.2820077819151801,0.4153024837150677,0.3327204847141824,0.0,24.088076783134586,12.617280748453414,-63.53883460729072,20.5265527381942,132.5100643404008,348.43681500918257,15.288,1.0,10.821337117387785,0.0709508596022854,7.153934086066074e-06,-0.1762243120583248,0.0492430385686389,0.0110467577501367,0.8741556189946351,20.5177952704722,24.090092498098933,0.6022519929307536
12.18,31.22131672871112,131.01320796933263,205.3353521006096,-0.8701534907953187,0.0173336975571342,0.2898218137829113,0.4100217894725936,0.3318024326211351,0.0,24.083362895289163,12.592553641142116,-63.64311047368059,20.54455393309842,132.48997135924907,348.30764920180087,15.288,1.0,10.819463387505898,0.0709368028075723,7.086002122214059e-06,-0.175511052379886,0.0492293929703908,0.0110001207019026,0.870326106419062,20.525806748558843,24.08608566609288,0.6018366936969092
12.19,31.221316938289927,131.01320926779246,205.1210039270736,-0.8662011150714848,0.0217172963695099,0.2974705470677188,0.4046925552936408,0.3308383442089998,0.0,24.07876882464852,12.568019163644246,-63.746999257091815,20.56242711795809,132.4700392052964,348.1819753570557,15.288,1.0,10.817588182751807,0.0709230988630951,7.0183665396616524e-06,-0.1748012081775006,0.049218950956276,0.0109537679326481,0.8664732983652863,20.533607459633,24.08218016950335,0.6014306283203551
12.2,31.221317150482125,131.01321056303638,204.90648776546948,-0.8622060572161567,0.0259818105972184,0.3049565545397131,0.3993168832179153,0.3298284737547346,0.0,24.074293043414865,12.543676068618144,-63.850503526873446,20.58016765162834,132.4502726315715,348.0597475069475,15.288,1.0,10.81571150780456,0.0709097432667287,6.9510282248135e-06,-0.1740948003264645,0.0492116236941798,0.0109076992863875,0.8625974081954264,20.54119717685199,24.078374256539952,0.6010318589550648
12.21,31.22131736527668,131.01321185507723,204.6918041571444,-0.8581700613256891,0.0301258727660372,0.3122823915222602,0.3938968851899852,0.3287730828263421,0.0,24.06993403905333,12.519523113784215,-63.9536258463561,20.597770942829207,132.43067632723492,347.94092020465786,15.288,1.0,10.813833367333256,0.0708967315613517,6.883988000515373e-06,-0.1733918485807465,0.0492073215742671,0.0108619145604163,0.858698640092989,20.548575722130565,24.074666199863525,0.6006386502784944
12.22,31.221317582662664,131.01321314392794,204.47695363748343,-0.8540702494675445,0.0341160482637481,0.3194525095676555,0.388442865132537,0.3276661258616335,0.0,24.06568774009804,12.495559041708532,-64.0563687722286,20.61523245400588,132.4112549136505,347.8253741119587,15.288,1.0,10.81193653711596,0.0708840517527014,6.817246626456331e-06,-0.1726923770189322,0.0492059471994312,0.0108164126892884,0.8547513144576022,20.555711902255524,24.07104667611112,0.6002523264249954
12.23,31.22131780262916,131.01321442960108,204.2619367498237,-0.8499230125415406,0.0379702671331885,0.3264686203972273,0.3829526877414679,0.3265111588971444,0.0,24.06155423163628,12.471782561457024,-64.1587348571656,20.632547727058817,132.39201291615765,347.71311014353887,15.288,1.0,10.810031180799037,0.0708717040894784,6.7508047900989305e-06,-0.1719964213394361,0.0492073859925489,0.0107711952306472,0.85077068748469,20.56262417266529,24.067518586813733,0.5998700342881276
12.24,31.22131802516532,131.0132157121094,204.04675402955195,-0.8457401793180666,0.0417005410353072,0.333332495939491,0.3774252327295042,0.3253109772853532,0.0,24.05753310736153,12.448192442151251,-64.26072664799408,20.64971237948301,132.3729547688172,347.6041150584572,15.288,1.0,10.80812435439618,0.0708596873730129,6.684663106120183e-06,-0.1713039992707414,0.0492115445835862,0.0107262624020329,0.8467675358310857,20.569325268051752,24.0640834124516,0.5994894420192258
12.25,31.22131825026029,131.0132169914654,203.83140602398123,-0.8415234729242292,0.0453057561986162,0.3400466180818495,0.3718626391075748,0.3240658764002598,0.0,24.05362291395868,12.424787460958497,-64.3623466820808,20.66672208810428,132.35408483289945,347.49834541635977,15.288,1.0,10.80621606272739,0.0708479973207693,6.618822127260804e-06,-0.1706151260038706,0.049218330847502,0.0106816138056066,0.8427420835755176,20.575815225353093,24.060739524759,0.5991095201046484
12.26,31.221318477903345,131.01321826768162,203.615893275457,-0.8372746066199289,0.0487848580561113,0.3466134503773335,0.3662670523338998,0.3227761595474691,0.0,24.049822212750872,12.40156640000744,-64.46359748643292,20.68357259071981,132.3354073954317,347.39575826869606,15.288,1.0,10.804306310602584,0.0708366296933619,6.553282345227307e-06,-0.1699298156369091,0.0492276520796648,0.0106372489975667,0.8386945569477031,20.58209413070625,24.05748531940872,0.5987293936162289
12.27,31.22131870808377,131.01321954077042,203.4002163263248,-0.8329952834761654,0.0521368513914767,0.3530354379110279,0.3606406236421497,0.3214421380465913,0.0,24.04612957958016,12.37852804637064,-64.56448157687801,20.70025968815626,132.31692666728313,347.2963111528766,15.288,1.0,10.802395102841752,0.0708255802942073,6.488044191226446e-06,-0.1692480811830286,0.0492394150332571,0.0105931674884194,0.8346251865635744,20.588162119555022,24.05431921591559,0.5983483332925678
12.28,31.22131894079088,131.01322081074417,203.18437572688137,-0.8286871960734657,0.0553608004830444,0.3593150071702382,0.3549855093583063,0.3200641313148627,0.0,24.04254360468917,12.355671192049236,-64.665001457256,20.716779246310985,132.29864678126947,347.19996208643573,15.288,1.0,10.80048244430513,0.0708148449691821,6.423108036511008e-06,-0.1685699345785898,0.0492535259567923,0.0105493687432497,0.830534209684227,20.594019376760897,24.051239657540787,0.5979657468337648
12.29,31.22131917601404,131.01322207761515,202.96837202643167,-0.824352026056367,0.058455829039789,0.3654545659048415,0.349303870260302,0.3186424669086763,0.0,24.039062892589964,12.332994633959512,-64.76515961862422,20.73312719817497,132.28057179027982,347.1066695617602,15.288,1.0,10.798568339822769,0.0708044196062214,6.358474192945633e-06,-0.1678953866914191,0.0492698906316164,0.0105058521820212,0.8264218723052352,20.59966613651483,24.048245111150543,0.5975811704171818
12.3,31.22131941374268,131.0132233413956,202.7522057643412,-0.8199914439095697,0.0614211203976926,0.3714565030032391,0.3435978708617468,0.3171774806155595,0.0,24.03568606195553,12.31049717392202,-64.8649585384761,20.74929954583752,132.2627056654241,347.016392540418,15.288,1.0,10.796652794275026,0.0707943001350111,6.294142913586697e-06,-0.1672244473291824,0.0492884144094849,0.0104626171798565,0.8222884314806582,20.605102682504743,24.04533406713847,0.597194260432696
12.31,31.22131965396628,131.01322460209755,202.53587749786675,-0.8156071084912218,0.0642559173773057,0.3773231883730859,0.3378696787707229,0.3156695164798613,0.0,24.03241174548696,12.288177618652048,-64.96440067997332,20.765292362471023,132.24505229420453,346.9290904474459,15.288,1.0,10.79473581250202,0.0707844825265927,6.230114393276996e-06,-0.1665571252479025,0.049309002250146,0.0104196630673317,0.81813415736811,20.610329347758693,24.04250503927033,0.5968047854627945
12.32,31.22131989667432,131.01322585973313,202.3193877753208,-0.8112006668297845,0.0669595224578714,0.3830569728067204,0.3321214639603183,0.314118926888723,0.0,24.029238589808248,12.266034779752673,-65.06348849119175,20.781101794296124,132.22761547870888,346.84472316645247,15.288,1.0,10.792817399394163,0.0707749627930521,6.16638876925312e-06,-0.165893428160616,0.0493315587589276,0.0103769891307888,0.813959335548882,20.615346514797068,24.03975656460613,0.5964126184687213
12.33,31.221320141856392,131.0132271143143,202.1027371440228,-0.8067737537072657,0.0695312976489297,0.3886601878655646,0.326355398104787,0.3125260725992287,0.0,24.02616525534,12.24406747370958,-65.16222440438112,20.79672406252555,132.21039893382837,346.7632510341169,15.288,1.0,10.790897559831835,0.0707657369871458,6.102966121771848e-06,-0.1652333627461431,0.0493559882243529,0.0103345946126421,0.8097642690930136,20.620154615495505,24.03708720335362,0.5960177292313781
12.34,31.22132038950208,131.01322836585302,201.88592616023723,-0.8023279913769659,0.0719706645119163,0.3941351457632865,0.3205736538700461,0.3108913227929612,0.0,24.02319041618664,12.222274521887332,-65.26061083523953,20.81215546528724,132.19340628549944,346.68463483494537,15.288,1.0,10.788976298715518,0.0707568012019718,6.03984647474656e-06,-0.1645769346580125,0.0493821946557209,0.0102924787116938,0.8055492807532951,20.624754131096218,24.034495538758904,0.5956201770166927
12.35,31.221320639601057,131.01322961436108,201.66895537327315,-0.797864989181618,0.0742771040282087,0.39948413925042,0.3147784042336355,0.3092150550999033,0.0,24.02031276001518,12.20065475052786,-65.35865018220147,20.827392379524685,132.17664106897027,346.6088357961264,15.288,1.0,10.787053620925567,0.0707481515706089,5.977029796400414e-06,-0.1639241485335188,0.0494100818206725,0.0102506405834602,0.801314715029563,20.62914559207329,24.03198017696438,0.5952201034785025
12.36,31.221320892142987,131.01323085985027,201.4518253413848,-0.7933782006729437,0.076439603933617,0.4047100080089682,0.3089744599451876,0.3074956081152637,0.0,24.017530192511337,12.179206988825328,-65.45634482574332,20.842431262888688,132.16010672707824,346.5357926287402,15.288,1.0,10.785123884494704,0.0707397819229721,5.914515999968222e-06,-0.163275008401072,0.0494395527698856,0.0102090790272855,0.79705182322072,20.633319360655328,24.029537293857523,0.5948184231269364
12.37,31.221321147117617,131.01323210233232,201.23453661586973,-0.7888497435162818,0.0784325642254371,0.4098166040442677,0.3031707463970391,0.3057281268911928,0.0,24.01483955050021,12.157930012248778,-65.55369712936401,20.857268667575088,132.1438065954014,346.4654132588436,15.288,1.0,10.783173515002323,0.0707316829408847,5.852304941028054e-06,-0.1626295335404458,0.0494704894638206,0.0101677933629217,0.7927390467678814,20.637251658903768,24.02715970503105,0.5944172255190046
12.38,31.221321404514704,131.0132333418188,201.01708975200208,-0.784308961874588,0.0802916559695936,0.4148043852980251,0.2973607204401982,0.3039197712142026,0.0,24.01224228834652,12.136822635187292,-65.6507094418185,20.871901263452152,132.12774387725656,346.3977389012809,15.288,1.0,10.781221725498805,0.0707238589064131,5.790396406748691e-06,-0.1619877341993289,0.0495027841110275,0.0101267843188623,0.7884078227798761,20.640978029283303,24.0248544680455,0.5940145650218347
12.39,31.221321664324066,131.01323457832137,200.79948530704496,-0.7797574250203922,0.0820166149209557,0.4196755635270004,0.2915465432260331,0.3020709564361191,0.0,24.009737146256285,12.115883702919987,-65.74738409262103,20.886325812698946,132.11192167199025,346.33273248571413,15.288,1.0,10.779268520947932,0.0707163061075211,5.728790128191584e-06,-0.1613496108921024,0.0495363401070334,0.0100860508704202,0.7840586404711926,20.64449921698573,24.022620281601924,0.5936108390275453
12.4,31.22132192653556,131.01323581185144,200.581723836274,-0.7751966876852224,0.0836072355773434,0.4244323303252182,0.2857303724228124,0.3001821066917695,0.0,24.00732287744168,12.095112065643187,-65.84372339062922,20.90053916602016,132.09634297950046,346.2703573602857,15.288,1.0,10.777313906333896,0.0707090208705105,5.667485784342392e-06,-0.1607151631546304,0.0495710608048055,0.0100455919508108,0.7796920211909611,20.647816015758032,24.020455866634776,0.5932064951836612
12.41,31.221322191139063,131.0132370424205,200.36380589695327,-0.7706282897844479,0.0850633710338252,0.4290768570309055,0.2799143614949415,0.2982536549118612,0.0,24.00499824801276,12.074506578478216,-65.93972962342183,20.91453826438409,132.0810106986818,346.2105772866683,15.288,1.0,10.775357886681624,0.0707019995597088,5.606483002849156e-06,-0.1600843895542442,0.0496068495518512,0.0100054064515215,0.775308520383341,20.650929267771986,24.018359966180707,0.5928020257041338
12.42,31.22132245812453,131.0132382700399,200.1457320463488,-0.7660537559838329,0.0863849326080339,0.4336112946285,0.274100659031623,0.2962860427912205,0.0,24.00276203685448,12.054066101480537,-66.03540505669207,20.928320140735345,132.06592762589847,346.1533564354028,15.288,1.0,10.773400466965112,0.070695238577098,5.545781360770352e-06,-0.1594572876998224,0.0496436097272808,0.0099654932226986,0.7709087293404007,20.65383986327472,24.016331345196715,0.5923979619004903
12.43,31.22132272748192,131.01323949472092,199.92750284371343,-0.7614745955350914,0.0875718897891957,0.4380377736553415,0.2682914079898392,0.294279720816736,0.0,24.000613035529945,12.03378949964988,-66.13075193365667,20.94188192167979,132.05109645348642,346.09865938128434,15.288,1.0,10.77144165219911,0.0706887343620378,5.4853803853360285e-06,-0.1588338542520385,0.0496812447787278,0.0099258510735346,0.7664932772075357,20.656548740555007,24.014368790455364,0.5919948689254617
12.44,31.22132299920129,131.01324071647483,199.7091188453209,-0.7568923019546075,0.0886242699570607,0.4423584041056729,0.262488744988418,0.2922351482502971,0.0,23.998550048168696,12.013675642942095,-66.22577247448179,20.95522082914225,132.03651976828567,346.046451098956,15.288,1.0,10.769481447418755,0.0706824833909314,5.425279554720142e-06,-0.1582140849337297,0.0497196582591774,0.0098864787726723,0.7620628327722664,20.659056885689644,24.01247111038891,0.5915933407344827
12.45,31.22132327327268,131.0132419353128,199.49058061241385,-0.7523083526463514,0.08954215800565,0.4465752753489384,0.2566947996211429,0.2901527930904371,0.0,23.996571891350687,11.99372340628186,-66.32046887572449,20.968334181995896,132.0222000502018,345.99669695811707,15.288,1.0,10.767519857618426,0.0706764821768844,5.365478298822952e-06,-0.1575979745404288,0.0497587538636367,0.0098473750486098,0.7576181061393723,20.66136533219975,24.01063713491414,0.591193995270335
12.46,31.2213235496862,131.0132431512459,199.27188870027376,-0.7477242087222529,0.0903256961953988,0.4506904560300624,0.2509116937081062,0.2880331320769704,0.0,23.994677394008608,11.973931669576611,-66.41484330979092,20.98121939766307,132.00813967079847,345.9493627196003,15.288,1.0,10.765556887823056,0.0706707272694119,5.305976000064301e-06,-0.1569855169510321,0.0497984354656706,0.0098085385901283,0.7531598505823494,20.66347516093092,24.00886571531148,0.5907974698406601
12.47,31.221323828431984,131.01324436428513,199.0530436731269,-0.7431413146923938,0.090975083814576,0.4547059940020653,0.2451415405890616,0.2858766506565276,0.0,23.99286539731881,11.954299317731396,-66.50889792441077,20.99387399368721,131.9943408919203,345.9044145303201,15.288,1.0,10.763592543067793,0.0706652152541313,5.246771994185629e-06,-0.1563767051385772,0.0498386071538261,0.0097699680466993,0.7486888641903403,20.66538749975105,24.0071557240627,0.5904044167300742
12.48,31.22132410950024,131.01324557444156,198.83404608725,-0.7385610981173456,0.091490576764143,0.4586239162285399,0.239386444432214,0.2836838429322941,0.0,23.99113475458862,11.934825240664932,-66.6026348421286,21.00629558927504,131.980805864347,345.8618189195235,15.288,1.0,10.761626828347,0.0706599427524118,5.1878655710645325e-06,-0.1557715311811825,0.0498791732678656,0.0097316620289389,0.7442059914210649,20.667103523175797,24.005506054673024,0.5900154989960305
12.49,31.22132439288117,131.01324678172608,198.61489650687105,-0.7339849695150701,0.0918724874478347,0.4624462287039525,0.2336484994638421,0.2814552116693726,0.0,23.989484331168025,11.915508333326551,-66.69605615981177,21.018481906808628,131.96753662647936,345.8215427945599,15.288,1.0,10.75965974873659,0.0706549064211244,5.129255975535389e-06,-0.1551699862731406,0.0499200384348086,0.0096936191090466,0.7397121248827944,20.66862445229246,24.003915621565536,0.5896313864780816
12.5,31.221324678565068,131.01324798614948,198.39559548926263,-0.729410091100198,0.0921157354003919,0.466175188116673,0.2279311438052515,0.2791902113978962,0.0,23.98791261837012,11.896347495506593,-66.78916394817564,21.03043077332733,131.9545351030567,345.7835423091224,15.288,1.0,10.757688395092469,0.0706501018155457,5.070942408225653e-06,-0.1545720607747113,0.0499611075553829,0.0096558376683038,0.7352033265035126,20.669946271564616,24.00238211801742,0.5892529902108157
12.51,31.22132496654221,131.0132491877226,198.1761435966665,-0.7248094745995828,0.0921842374590632,0.4698148081888376,0.2222459470591934,0.2768819453203266,0.0,23.986415938832977,11.87734157419403,-66.88196025256661,21.04214013153027,131.9418030935192,345.7477111275031,15.288,1.0,10.75569315543052,0.0706455181037461,5.012924023857103e-06,-0.1539777590017087,0.0500022669099012,0.0096183161040491,0.7306478322631366,20.67103489276168,24.00089619874457,0.5888826934306359
12.52,31.22132525680295,131.01325038645615,197.95654138834496,-0.7202172508637554,0.0921206977677349,0.4733651124427115,0.2165848149476194,0.2745388589170797,0.0,23.98499619814416,11.85848944231922,-66.97444709605998,21.0536080687672,131.9293422408493,345.71410389544246,15.288,1.0,10.753696548527552,0.0706411608969278,4.955199919650356e-06,-0.1533870810151977,0.0500434075511302,0.0095810548049377,0.7260844747189863,20.671932607274336,23.999466477277288,0.5885194107243088
12.53,31.22132554933765,131.01325158236085,197.73678942753608,-0.7156347738901183,0.0919256684120943,0.4768280202308176,0.2109497890138485,0.2721614926156463,0.0,23.983652308158074,11.839790014706226,-67.06662647534247,21.064832790624926,131.91715406069343,345.68268897229507,15.288,1.0,10.751698579452771,0.0706370269890517,4.8977691468114445e-06,-0.1528000144333058,0.0500844358328147,0.0095440521837491,0.7215143925654005,20.67264083720721,23.99809195219117,0.5881637972750489
12.54,31.221325844136715,131.0132527754472,197.5168882735032,-0.7110633791784707,0.0915997557820324,0.480205429401798,0.2053428970769099,0.2697503954331791,0.0,23.982383192259228,11.821242211331665,-67.15850035916289,21.07581261357,131.90523994969558,345.6534350754192,15.288,1.0,10.749699253327009,0.0706331132080628,4.840630715909358e-06,-0.1522165460379028,0.0501252585855075,0.0095073066166357,0.7169387796039278,20.67316104925863,23.996771642121765,0.5878164982741299
12.55,31.221326141190616,131.01325396572577,197.2968384884924,-0.7065043833812125,0.0911436199799098,0.4834992162466009,0.1997661525646241,0.2673061248780464,0.0,23.981187785251976,11.802844957346569,-67.25007068794078,21.08654596625377,131.89360118439885,345.6263112757293,15.288,1.0,10.747698575250448,0.0706294164155714,4.783783597755318e-06,-0.1516366617865437,0.0501657831512952,0.0094708164436137,0.7123588857894669,20.673494754189413,23.99550458556137,0.5874781461627895
12.56,31.22132644048984,131.01325515320704,197.07664063176887,-0.7019590841067792,0.0905579744062133,0.4867112354290309,0.1942215538028972,0.264829246881707,0.0,23.98006503326476,11.784597183097771,-67.34133937339274,21.097031390784192,131.88223892018073,345.60128699404925,15.288,1.0,10.745696550333587,0.0706259335065669,4.727226724293024e-06,-0.1510603468246007,0.0502059174182023,0.0094345799690821,0.7077760183678024,20.673643506465154,23.99428984069821,0.5871493580498894
12.57,31.22132674202489,131.01325633790142,196.85629526558128,-0.6974287596549209,0.0898435852288573,0.4898433199256274,0.1887110833319053,0.2623203357076548,0.0,23.97901389364804,11.766497824150848,-67.4323082981759,21.10726754396343,131.8711541902237,345.57833199719107,15.288,1.0,10.743693183676625,0.0706226614091181,4.6709589894897824e-06,-0.1504875854974823,0.0502455698543875,0.0093985954623427,0.703191542847734,20.673608903787077,23.99312648523098,0.5868307333242172
12.58,31.221327045786367,131.01325751981932,196.6358029531719,-0.6929146688014078,0.0890012708939413,0.4928972809694437,0.1832367072129031,0.2597799738645846,0.0,23.97803333487727,11.748545821313112,-67.52297931554875,21.117253198492023,131.86034790452024,345.5574163940587,15.288,1.0,10.74168848037972,0.0706195970840897,4.614979250237952e-06,-0.1499183613630323,0.0502846495420036,0.0093628611581292,0.6986068839347829,20.673392586664967,23.992013616195027,0.5865228514545552
12.59,31.221327351764863,131.013258698971,196.41516425579644,-0.688418050588185,0.088031901619411,0.4958749079870419,0.1778003743370973,0.2572087520159416,0.0,23.977122336456155,11.730740120656804,-67.6133542490497,21.126987244137936,131.8498208489125,345.5385106320913,15.288,1.0,10.7396824455534,0.0706167375248538,4.559286327259389e-06,-0.1493526572039864,0.0503230662108641,0.00932737525715,0.694023526368206,20.67299623797463,23.99095034978605,0.5862262699667828
12.6,31.221327659951022,131.0132598753667,196.1943797317305,-0.6839401240592476,0.0869363987940895,0.4987779685454702,0.1724040157608205,0.2546072688669959,0.0,23.976279888815743,11.713079673543048,-67.70343489219283,21.136468688871545,131.83957368416813,345.52158549349804,15.288,1.0,10.737675084287508,0.0706140797569916,4.503879006019001e-06,-0.1487904550406417,0.0503607302717027,0.0092921359266404,0.6894430155917334,20.672421582425223,23.98993582116483,0.5859415226084544
12.61,31.22132797033552,131.01326104901665,195.9734499442196,-0.679482088106706,0.0857157344949753,0.5016082082977387,0.1670495440100034,0.251976131074114,0.0,23.975504993223264,11.69556343664602,-67.79322300818129,21.145696659964983,131.82960694509094,345.5066120916501,15.288,1.0,10.735666401692551,0.070611620838027,4.448756037639166e-06,-0.1482317361435842,0.0503975528492139,0.0092571413009185,0.6848669584351067,20.67167038614225,23.988969184290266,0.58566911769078
12.62,31.22132828290908,131.0132622199309,195.75237545154147,-0.6750451211888295,0.0843709308142198,0.5043673509347946,0.1617388524344077,0.2493159531143368,0.0,23.974796661679484,11.67819037197732,-67.88272032963785,21.154670405055725,131.8199210396686,345.4935618673552,15.288,1.0,10.733656402848077,0.0706093578571225,4.393916139821398e-06,-0.1476764810465895,0.0504334458147099,0.0092223894819551,0.6802970235368269,20.67074445606783,23.98804961171098,0.5854095366092796
12.63,31.221328597662456,131.01326338811958,195.53115681793696,-0.6706303812326198,0.082903059402056,0.5070570981318213,0.1564738145086616,0.2466273571948389,0.0,23.97415391683264,11.660959446910216,-67.97192855835293,21.16338929317488,131.8105162482551,345.4824065854867,15.288,1.0,10.7316450928749,0.0706072879348266,4.339357997773319e-06,-0.1471246695596128,0.0504683218184926,0.0091878785399515,0.6757349418401813,20.66964563957129,23.98717629440756,0.5851632325340214
12.64,31.221328914586444,131.01326455359273,195.3097945996976,-0.6662257173733444,0.0812962221314499,0.5096799460813664,0.1512605416017586,0.2439076341868518,0.0,23.97357466037837,11.64386962834416,-68.06084936506923,21.171852815889928,131.80139272262804,345.4730857201284,15.288,1.0,10.729623362974143,0.0706054048903606,4.2850802651639845e-06,-0.1465762820084253,0.0505020927579581,0.0091536061584879,0.6711672551278973,20.66835930072015,23.986344636804173,0.5849310496954226
12.65,31.221329233671856,131.01326571636025,195.08828936206103,-0.6618210341007116,0.0795372523531166,0.5122385283770154,0.1461049800580452,0.2411541877664987,0.0,23.973057005449448,11.626919819632375,-68.14948439155832,21.18006060705769,131.79255046498835,345.465544855144,15.288,1.0,10.727583430752547,0.0706037031657096,4.231081559111272e-06,-0.1460313160464653,0.0505346483958917,0.0091195711990659,0.6665830588392903,20.666873438987945,23.98555068382073,0.5847138765489768
12.66,31.221329554909573,131.01326687643203,194.8666416573444,-0.657442120717595,0.0776590046236926,0.5147331027296994,0.1410012802440083,0.238373663951391,0.0,23.972602118918527,11.610108982969864,-68.237835252577,21.18801246190928,131.78398930773423,345.4598176008389,15.288,1.0,10.725542185932245,0.0706021861965478,4.177360452346706e-06,-0.1454897558979526,0.0505658956340921,0.0090857728559049,0.6620126874941359,20.66522073307577,23.984800763104,0.5845113615164408
12.67,31.22132987829047,131.01326803381792,194.6448520537691,-0.6530900658936639,0.0756627606640128,0.517165280184154,0.1359512235735458,0.2355667183204591,0.0,23.97220906449196,11.593436107058055,-68.32590353167977,21.195708305666496,131.7757089476196,345.4558769660493,15.288,1.0,10.7234996336793,0.0706008512244486,4.123915486966618e-06,-0.1449515784488452,0.0505957507824699,0.0090522090675454,0.657458165649725,20.66340320515224,23.9840941396902,0.584323832304801
12.68,31.22133020380548,131.01326918852777,194.4229211066365,-0.6487659366019816,0.0735498482414089,0.5195366493881594,0.1309565681267451,0.232734013716121,0.0,23.9718769160542,11.57690018611088,-68.41369078053836,21.20314819019456,131.76770894964227,345.45369626649443,15.288,1.0,10.721455779128403,0.0705996955209866,4.070745177430036e-06,-0.1444167599179256,0.0506241310988992,0.0090188777431807,0.6529215798831551,20.661422914666534,23.9834300960266,0.5841515847221727
12.69,31.22133053144556,131.01327034057127,194.20084937820664,-0.6444707780679557,0.071321640634239,0.5218487765518183,0.1260190479888156,0.2298762201241858,0.0,23.971604757587148,11.560500219879073,-68.50119851879188,21.210332294788945,131.75998874646965,345.45324912169974,15.288,1.0,10.71941062746654,0.070598716387502,4.01784801151201e-06,-0.1438852758706141,0.050650954819211,0.008985776763296,0.6484050783862026,20.65928195788864,23.98280793180681,0.5839948823604708
12.7,31.22133086120172,131.0132714899581,193.9786374208005,-0.6402056134375336,0.0689795557093374,0.524103205417971,0.1211403726873187,0.2269940144791805,0.0,23.971391683064542,11.544235213674831,-68.58842823391372,21.217260926923974,131.7525476379022,345.45450945152,15.288,1.0,10.717364183817937,0.0705979111547836,3.965222451260537e-06,-0.1433571012328262,0.0506761411868635,0.0089529039803113,0.6439108700423618,20.656982467075007,23.982226963720272,0.5838539564253965
12.71,31.221331193065,131.01327263669788,193.75628579966207,-0.6359714437080982,0.0665250553171993,0.5263014572330019,0.1163222265564792,0.2240880805269332,0.0,23.971236796370487,11.528104178396488,-68.67538138109664,21.22393452296265,131.7453847903755,345.4574514728521,15.288,1.0,10.715316453306832,0.0705972771828358,3.912866933950354e-06,-0.1428322103049891,0.0506996104821271,0.0089202572192307,0.6394412236035282,20.65452660994233,23.9816865252758,0.5837290057131679
12.72,31.221331527026454,131.01327378080015,193.5337950700965,-0.6317692476672037,0.0639596446736658,0.5284450307053886,0.111566268108975,0.2211591086837393,0.0,23.97113921121731,11.512106130552572,-68.76205938315354,21.230353648827823,131.73849923650053,345.4620496969164,15.288,1.0,10.713267441120204,0.0705968118606303,3.860779873042413e-06,-0.1423105767761369,0.0507212840508741,0.0088878342783133,0.6349984666528571,20.651916589129247,23.98118596662235,0.5836201967125271
12.73,31.22133186307722,131.01327492227455,193.31116578641632,-0.6275999814866636,0.0612848712767109,0.5305354019962806,0.1068741295280234,0.2182077958032774,0.0,23.971098051035504,11.49624009228634,-68.84846363043539,21.23651900063324,131.73188987464303,345.4682789253713,15.288,1.0,10.71121715233,0.0705965126057841,3.808959659140275e-06,-0.1417921737380986,0.0507410843329411,0.0088556329297313,0.6305849839602047,20.64915464120677,23.98072465426884,0.5835276638541249
12.74,31.22133220120841,131.0132760611304,193.08839851287453,-0.6234645789488273,0.0585023246138219,0.5325740246707845,0.1022474159698463,0.2152348450941179,0.0,23.971112448915644,11.480505091398848,-68.93459548076638,21.242431405275724,131.72555546854224,345.4761142481768,15.288,1.0,10.709165592144116,0.0705963768643852,3.7574046609488575e-06,-0.1412769736998188,0.0507589348899979,0.0088236509202636,0.6262032162995784,20.64624303645752,23.980301970980108,0.5834515098697038
12.75,31.22133254141121,131.01327719737725,192.86549380080336,-0.6193639508998586,0.0556136348556703,0.5345623297063734,0.0976877051223019,0.2122409658392003,0.0,23.97118154748736,11.464900161373205,-69.02045625939455,21.248091820987103,131.71949464696797,345.48553103924297,15.288,1.0,10.707112765624036,0.0705964021106438,3.7061132262328336e-06,-0.1407649486017318,0.050774760433014,0.0087918859719602,0.6218556581580347,20.6431840776694,23.979917315450734,0.5833918062961836
12.76,31.22133288367687,131.01327833102437,192.64245220650656,-0.6152989854744367,0.052620472517199,0.5365017254444875,0.0931965465305992,0.2092268733010346,0.0,23.971304498861087,11.449424341397084,-69.10604725896005,21.253501337845915,131.71370590341806,345.4965049545109,15.288,1.0,10.705058677925376,0.0705965858467124,3.655083682774629e-06,-0.1402560698302563,0.0507884868492197,0.0087603357828558,0.6175448560312511,20.639980099870357,23.97957010219356,0.5833485940683063
12.77,31.22133322799661,131.01327946208113,192.41927428927087,-0.6112705477457742,0.0495245473614892,0.5383935975872642,0.0887754611172057,0.2061932884777117,0.0,23.971480464523125,11.43407667638566,-69.1913697394783,21.258661178248914,131.70818759585492,345.5090119283321,15.288,1.0,10.703003334140984,0.070596925602379,3.6043143393304576e-06,-0.1397503082323725,0.0508000412285998,0.0087289980276628,0.6132734058122208,20.63663346932734,23.9792597612626,0.5833218842395529
12.78,31.221333574361697,131.0132805905568,192.19596060043096,-0.6072439309969307,0.0462823022306341,0.5402414811613382,0.0844374827438337,0.2031318464530579,0.0,23.97170579087513,11.418856172158598,-69.27642492901465,21.26357270317897,131.70293794024008,345.5229467505994,15.288,1.0,10.700922414268042,0.0705974106169441,3.5538034850523005e-06,-0.1392476445351367,0.0508093386808837,0.0086978699836083,0.6090050599367204,20.633102526867894,23.97897579711846,0.5833121749997512
12.79,31.22133392276348,131.01328171646057,191.9725116953008,-0.603252418774535,0.0429369290040812,0.5420451548755653,0.0801742966090468,0.2000509700050986,0.0,23.97198226968341,11.403761821611248,-69.36121402780498,21.268237448451323,131.6979549720386,345.53836118938443,15.288,1.0,10.698837991040774,0.0705980461665395,3.5035493774900703e-06,-0.1387480656372937,0.0508162870996853,0.0086669513035232,0.6047784656432514,20.62942994955776,23.978726786088483,0.5833191736612228
12.8,31.22133427319328,131.0132828398016,191.7489281301878,-0.5993001054273919,0.0394944554715907,0.5438057526780136,0.0759862965535585,0.1969522123857324,0.0,23.972309351839087,11.388792686742292,-69.44573820551645,21.272657101745963,131.69323657107992,345.55523954255585,15.288,1.0,10.696752311020305,0.070598830633329,3.453550250905159e-06,-0.1382515409295745,0.0508208172641854,0.0086362396962989,0.6006000095683452,20.62562228257722,23.97851312590616,0.5833427704816961
12.81,31.221334625642488,131.013283960589,191.52521045742424,-0.5953877783758478,0.0359567593301061,0.5455245672385964,0.0718748771766781,0.1938363197268898,0.0,23.97268623495813,11.373947835305596,-69.52999859924624,21.276833485316377,131.6887804802884,345.5735588130252,15.288,1.0,10.694665379418236,0.0705997616535956,3.403804324494908e-06,-0.1377580390769416,0.0508228615686379,0.008605732739561,0.5964725045160401,20.621682029386275,23.97833430913531,0.5833828676566406
12.82,31.221334980102515,131.01328507883184,191.30135922636327,-0.5915162012876531,0.0323257530925724,0.5472028683488706,0.067841401591275,0.1907040431175625,0.0,23.973112125612253,11.3592263409154,-69.61399631357592,21.28076855617951,131.6845843057011,345.59329626781454,15.288,1.0,10.692577201350865,0.0706008368900151,3.354309803380061e-06,-0.1372675282686809,0.0508223537477892,0.0085754279906188,0.5923987960606216,20.617611720677136,23.97818984276474,0.583439343000183
12.83,31.2213353365648,131.01328619453915,191.07737499530305,-0.5876861142100133,0.0286033834863073,0.5488419029118171,0.0638872008687792,0.1875561384448828,0.0,23.97358623926324,11.344627283065396,-69.69773242064755,21.284464406317326,131.68064551646918,345.61442943554727,15.288,1.0,10.690487781987416,0.0706020540314668,3.305064879558536e-06,-0.1367799762335411,0.0508192289001883,0.0085453229872174,0.5883817584616506,20.61341391385334,23.978079248048036,0.5835120511995174
12.84,31.22133569502081,131.01328730771988,190.85325831260425,-0.583898233413873,0.0247916304638182,0.550442894948193,0.0600135735891406,0.1843933661582363,0.0,23.974107800174984,11.33014974714798,-69.78120796025534,21.28792326283608,131.67696144490017,345.63693610338805,15.288,1.0,10.68839712649714,0.0706034107927773,3.256067732853997e-06,-0.1362953502549318,0.0508134235109616,0.0085154152482894,0.5844242899189104,20.609091192132023,23.97800206026025,0.5836008251339713
12.85,31.221336055462103,131.01328841838298,190.6290097266292,-0.5801532512122949,0.0208925061652438,0.5520070455970634,0.0562217854116246,0.1812164910221205,0.0,23.97467604132375,11.31579282447195,-69.86442393995135,21.291147488081755,131.6735292865422,345.66079431432087,15.288,1.0,10.686305239975136,0.0706049049144489,3.2073165318634422e-06,-0.1358136171861717,0.0508048754740563,0.0084857022747215,0.5805293074330131,20.604646163598343,23.977957828445213,0.5837054772417675
12.86,31.22133641788021,131.01328952653728,190.4046297917032,-0.5764518360840613,0.0169080542454207,0.553535533114185,0.0525130685657387,0.1780262819387456,0.0,23.97529020433169,11.301555612280316,-69.94738133516654,21.294139579712592,131.67034610031033,345.68598236470075,15.288,1.0,10.68421212756945,0.070606534162468,3.1588094348975863e-06,-0.135334743465829,0.0507935241138807,0.0084561815501259,0.5766997416135097,20.60008146061452,23.977946115243338,0.5838258009467625
12.87,31.22133678226669,131.01329063219163,190.18011905619045,-0.5727946325072201,0.0128403488174673,0.5550295128893206,0.0488886214470136,0.1748235116935403,0.0,23.97594953937797,11.287437213766353,-70.03008108934522,21.296902170727684,131.667408808655,345.71247880116846,15.288,1.0,10.682117794406956,0.0706082963280459,3.110544590917327e-06,-0.1348586951331086,0.0507793102063887,0.0084268505416109,0.5729385308160018,20.59539973885549,23.97796649663681,0.5839615721312553
12.88,31.2213371486132,131.01329173535484,189.9554780644804,-0.5691822609399153,0.0086914935630194,0.5564901174380161,0.0453496081809176,0.1716089567330385,0.0,23.976653305121754,11.273436738090115,-70.11252411409502,21.2994380294512,131.66471419777315,345.74026241868,15.288,1.0,10.68002224561453,0.0706101892273777,3.062520140468862e-06,-0.1343854378432706,0.0507621759996159,0.0083977067005765,0.5692486150561138,20.590603676505825,23.978018561732835,0.5841125506264538
12.89,31.22133751691137,131.0132928360356,189.73070737288967,-0.5656153177460542,0.0044636207565903,0.5579184564399366,0.0418971582195049,0.1683833969227716,0.0,23.97740076862063,11.259553300393016,-70.19471128934957,21.30175005947291,131.6622589178617,345.7693122569038,15.288,1.0,10.677925486297855,0.0706122107014233,3.0147342166079373e-06,-0.1339149368831241,0.050742065233596,0.0083687474634805,0.5656329294971825,20.585695973372243,23.978101912528786,0.5842784817725563
12.9,31.221337887152888,131.01329393424268,189.5058075228285,-0.5620943752062753,0.0001588903793102,0.5593156167328897,0.0385323659262704,0.1651476153226566,0.0,23.978191205255595,11.245786021812204,-70.27664346354543,21.30384129954327,131.6600394834144,345.7996075984467,15.288,1.0,10.675827521573211,0.0706143586156693,2.9671849458222344e-06,-0.1334471571865532,0.0507189231597034,0.0083399702526496,0.5620943976626868,20.58067935008333,23.97821616369801,0.5844590979631755
12.91,31.221338259329475,131.01329502998465,189.2807790586889,-0.5585884654561499,-0.0042605128880703,0.5606844688457691,0.0352664480703625,0.1618943664353839,0.0,23.979021550299983,11.232133994104688,-70.35832145423257,21.305714927265104,131.65805226948305,345.83106022906134,15.288,1.0,10.673706864056529,0.0706166239441605,2.919870447964091e-06,-0.1329820711810316,0.050692686655947,0.0083113721525432,0.5586047127764859,20.575517584437307,23.97835231050112,0.5846542412810123
12.92,31.22133863343288,131.01329612327012,189.05562253182248,-0.5551215680319609,-0.0087625789941914,0.5620251156545127,0.0320936015377588,0.1586298272824042,0.0,23.97989287267916,11.218596273245304,-70.43974605238486,21.307374296714087,131.6562934719285,345.86370116055895,15.288,1.0,10.671579371856057,0.0706190098343339,2.872788824547351e-06,-0.1325196628084791,0.0506632791898009,0.0082829524112459,0.5551907200977448,20.57024244506735,23.978516449994792,0.5848637892618915
12.93,31.22133900945488,131.01329721410767,188.8303384846357,-0.5517024668502839,-0.0133345535905898,0.5633381468123546,0.0290122273890131,0.1553568316187382,0.0,23.98080509131565,11.205171996256178,-70.52091802077733,21.308822922108625,131.65475912500415,345.89752824298444,15.288,1.0,10.66945067414845,0.0706215160469249,2.82593816413694e-06,-0.1320598967928185,0.0506306497207785,0.0082547086760834,0.551863585275502,20.564866952817244,23.9787105045546,0.5850874482696264
12.94,31.221339387387268,131.01329830250583,188.60492746152417,-0.5483316530001026,-0.0179741566842959,0.5646245556182453,0.0260232694938245,0.1520761769546339,0.0,23.981757513548345,11.19186030815666,-70.60183809151833,21.310064453065024,131.65344512781851,345.9325216879176,15.288,1.0,10.667320776062445,0.0706241405416134,2.779316552398261e-06,-0.1316027366368478,0.0505947499678705,0.0082266383098157,0.5486261588070004,20.559393922073237,23.97893413966496,0.5853249208425918
12.95,31.22133976722189,131.01329938847303,188.37939000290928,-0.5450095932726489,-0.0226790855973737,0.5658853124670155,0.0231276345528003,0.1487886630077397,0.0,23.98274945466107,11.178660360047123,-70.68250696625456,21.311102673931764,131.65234724520488,345.96866193724503,15.288,1.0,10.665189682737488,0.0706268813014956,2.7329220731385395e-06,-0.131148145557969,0.0505555332620703,0.0081987386644611,0.5454812390631827,20.55382618343776,23.979187032318958,0.5855759050588834
12.96,31.22134014895064,131.0133004720177,188.1537266541829,-0.5417367301006484,-0.0274470160440468,0.5671213648811386,0.0203261918019315,0.1454950914328499,0.0,23.983780237803128,11.16557130911828,-70.76292531642261,21.311941503388848,131.65146110830327,346.0059296608315,15.288,1.0,10.663057399280843,0.0706297363328454,2.6867528091993785e-06,-0.1306960865040014,0.0505129545618815,0.0081710070821267,0.5424315634072533,20.54816658273804,23.97946887076968,0.5858400961088851
12.97,31.221340532565414,131.01330155314824,187.927937956762,-0.5385134816465517,-0.0322756030295261,0.5683336375568051,0.0176197726852792,0.1421962655848836,0.0,23.98484919391973,11.152592318657716,-70.84309378351286,21.312584994001167,131.6507822151871,346.04430575381014,15.288,1.0,10.660923930821232,0.0706327036649195,2.640806843337139e-06,-0.1302465221689998,0.0504669704681991,0.0081434408958281,0.5394797992429415,20.54241798020804,23.979779354319472,0.5861171878680215
12.98,31.221340918058143,131.013302631873,187.7020244480898,-0.5353402417558762,-0.0371624819396581,0.569523032395752,0.0150091705879325,0.1388929902444794,0.0,23.985955661674133,11.139722558057734,-70.92301297934443,21.31303733172259,131.6503059315361,346.0837713345496,15.288,1.0,10.658789282465916,0.0706357813497171,2.5950822590979484e-06,-0.1297994150090854,0.0504175392385446,0.0081160374303319,0.5366285347590671,20.536583249482398,23.98011819307089,0.5864068744225663
12.99,31.221341305420804,131.01330370820023,187.47598667157337,-0.5322173800439259,-0.0421052694714484,0.5706904285556386,0.0124951405427221,0.1355860713728072,0.0,23.987098987378367,11.126961202820288,-71.00268348635149,21.31330283535422,131.65002749135374,346.1243077420832,15.288,1.0,10.656653459343616,0.070638967461784,2.549577141681864e-06,-0.1293547272582821,0.0503646208006529,0.0080887940029852,0.5338802696747429,20.53066527674536,23.980485107711218,0.5867088515886844
13.0,31.22134169464542,131.01330478213828,187.24982516266977,-0.5291452417851493,-0.0471015648311139,0.571836682499239,0.0100783990169512,0.1322763158137094,0.0,23.988278524910303,11.11430743456214,-71.08210585788082,21.313385955953,131.6499419977309,346.1658965337228,15.288,1.0,10.654516466507951,0.0706422600979624,2.504289578802101e-06,-0.1289124209443601,0.0503081767653957,0.0080617079245562,0.5312374057222524,20.5246669596171,23.98087982924136,0.5870228183841992
13.01,31.221342085724007,131.01330585369527,187.0235404628004,-0.5261241481245027,-0.0521489505334096,0.572962628038524,0.007759623614659,0.1289645310716051,0.0,23.989493635653776,11.101760441017504,-71.16128061849986,21.313291276192743,131.6500444236562,346.2085194830823,15.288,1.0,10.652378309055452,0.0706456573772156,2.459217661529864e-06,-0.1284724579047101,0.0502481704390037,0.0080347765000819,0.5287022374120407,20.51859120642816,23.98130209879036,0.5873484784708072
13.02,31.221342478648648,131.01330692287945,186.79713310543767,-0.5231543959990487,-0.0572449935895065,0.5740690764000203,0.0055394528881283,0.1256515250147721,0.0,23.99074368841758,11.089319416041734,-71.24020826431514,21.31302350967613,131.6503296128717,346.2521585773856,15.288,1.0,10.650238992039736,0.0706491574403922,2.4143594851339155e-06,-0.1280347998021688,0.0501845668346762,0.0080079970297046,0.5262769425644961,20.51244093511368,23.98175166734781,0.5876855415573962
13.03,31.22134287341145,131.01330798969897,186.57060362802883,-0.5202362583148438,-0.0623872463730369,0.5751568162731264,0.0034184860837985,0.1223381056387815,0.0,23.9920280593734,11.076983559611469,-71.3188892633016,21.312587500197736,131.650792280776,346.2967960156347,15.288,1.0,10.648098520557328,0.0706527584500402,2.3697131499079326e-06,-0.1275994081408447,0.0501173326835047,0.0079813668095254,0.5239635731739746,20.506219072420183,23.982228295565708,0.5880337247504004
13.04,31.22134327000455,131.01330905416188,186.343952565042,-0.5173307408004232,-0.0676228745468354,0.5762287953334485,0.00140997190384,0.1190150122571765,0.0,23.99334339105843,11.064752022106251,-71.3973240564925,21.311988229173863,131.65142700670373,346.342335076148,15.288,1.0,10.645930186770876,0.0706564505186206,2.325276759717888e-06,-0.1271662565006971,0.0500464210463792,0.0079548829880546,0.5217315634222913,20.49988012553032,23.982721217229948,0.5883928838240506
13.05,31.221343668420115,131.01331011627627,186.1171804489584,-0.5144761303892577,-0.0729012447793554,0.5772840986266896,-0.0004970517763716,0.1156921539875554,0.0,23.99469176352565,11.052623950421504,-71.47551306261624,21.31123085651128,131.65222819094467,346.3888360039916,15.288,1.0,10.643759741782544,0.0706602397712421,2.2810484092391017e-06,-0.1267353228555231,0.0499717810358249,0.0079285448010947,0.5196153744788797,20.493474014011813,23.983240465863616,0.5887629846398108
13.06,31.22134406865032,131.01331117605017,185.89028781424696,-0.5116740455143605,-0.0782180796883731,0.5783233759635403,-0.0023025487456531,0.1123706887975711,0.0,23.996072672485354,11.040598563109778,-71.55345667518877,21.310320689000186,131.65319008827328,346.43628444537006,15.288,1.0,10.641588142727628,0.0706641247225264,2.2370261942968256e-06,-0.1263065682570451,0.0498933847030852,0.0079023495660644,0.5176178457119656,20.4870054346289,23.98378620907533,0.5891437860297205
13.07,31.22134447068738,131.01331223349155,185.66327519438508,-0.5089246790316639,-0.0835708646263948,0.5793473239701676,-0.0040060853159406,0.1090514267176297,0.0,23.99748552229327,11.028675084472567,-71.63115526096513,21.309263161068,131.65430682837547,346.4846634078143,15.288,1.0,10.639415394703295,0.070668103618087,2.193208219138685e-06,-0.1258799535499776,0.0498112059942372,0.007876294560043,0.5157404722011444,20.48047735903037,23.98435824622971,0.5895350576344918
13.08,31.22134487452358,131.01331328860834,185.436143115894,-0.5062281999022741,-0.0889570758004125,0.5803566168874255,-0.0056072681989037,0.1057351767727353,0.0,23.99892972431837,11.01685274495168,-71.70860916031005,21.30806383374359,131.65557241704008,346.53395609993606,15.288,1.0,10.637241502784969,0.0706721747241999,2.149592597232328e-06,-0.1254554394882671,0.0497252206309743,0.0078503770596632,0.5139845773900014,20.47389276254859,23.984956385141302,0.589936582887376
13.09,31.2213452801512,131.0133143414085,185.20889211424,-0.5035847533781079,-0.0943741811986304,0.5813519066674296,-0.0071057446541976,0.102422746729708,0.0,24.000404696881656,11.005130781123208,-71.78581868757801,21.306728393596146,131.6569807373712,346.58414592883764,15.288,1.0,10.635066472091545,0.0706763363276399,2.1061774520387367e-06,-0.1250329867508788,0.0496354061172631,0.0078245943419576,0.5123513058128749,20.467254623339848,23.98558044186776,0.5903481600213593
13.1,31.221345687562525,131.01331539189982,184.98152271594603,-0.5009944608448166,-0.0998196419658108,0.5823338230571399,-0.0085012025106093,0.0991149427570518,0.0,24.00190986517116,10.993508435691243,-71.86278413150225,21.305262651622733,131.6585255510497,346.6352164981617,15.288,1.0,10.632890307611495,0.0706805867354141,2.0629609177733385e-06,-0.1246125559575388,0.0495417417453027,0.0077989436852277,0.5108416161374698,20.460565921085344,23.98623024040877,0.5907696029741242
13.11,31.221346096749937,131.01331644009022,184.7540354475369,-0.4984574202959674,-0.1052909129869151,0.5833029736763311,-0.0097933703687951,0.0958125692401278,0.0,24.003444661199705,10.981984957479412,-71.93950575559184,21.30367254208443,131.66020049964297,346.6871516065888,15.288,1.0,10.630713014452857,0.0706849242746414,2.019941140155373e-06,-0.1241941076844197,0.0494442086007976,0.0077734223699068,0.5094562753735925,20.453829636464576,23.98690561257208,0.5912007422417747
13.12,31.22134650770582,131.0133174859875,184.52643083454333,-0.4959737061415259,-0.1107854443243609,0.5842599441344472,-0.0109820175760193,0.092516428427871,0.0,24.00500852371813,10.970559601422508,-72.01598379853517,21.301964121288737,131.6619991059658,346.7399352449804,15.288,1.0,10.628534597636705,0.0706893472923022,1.9771162771471023e-06,-0.1237776024797753,0.0493427895675262,0.0077480276794072,0.5081958532847644,20.447048749792863,23.98760639766097,0.5916414256617573
13.13,31.221346920422576,131.01331852959933,184.2987094064732,-0.4935433694712367,-0.1163006820850367,0.5852052981224481,-0.0120669543263983,0.0892273201910904,0.0,24.00660089815912,10.959231628555855,-72.09221847461156,21.300143566320568,131.66391477548967,346.7935515947131,15.288,1.0,10.626355062194996,0.0706938541550704,1.9344844996773897e-06,-0.1233630008795288,0.0492374693311905,0.007722756900983,0.5070607179227842,20.440226240214763,23.988332442281813,0.5920915191132045
13.14,31.221347334892663,131.01331957093353,184.07087168687207,-0.4911664381668663,-0.1218340694904739,0.5861395775111222,-0.0130480316942874,0.0859460417409783,0.0,24.00822123657044,10.948000306003868,-72.16820997410883,21.29821717372024,131.6659407978023,346.8479850259454,15.288,1.0,10.62417441315968,0.0706984432491099,1.8920439923562885e-06,-0.122950263422811,0.0491282343825477,0.007697607326595,0.5060510318774287,20.433365084698032,23.98908360010916,0.5925509071353734
13.15,31.221347751108567,131.01332060999775,183.84291819729944,-0.4888429170040095,-0.127383047965984,0.5870633024713121,-0.0139251416471533,0.082673387343424,0.0,24.00986899754797,10.936864906967484,-72.24395846374748,21.29619135810747,131.6680703481187,346.90322009523334,15.288,1.0,10.621992655540971,0.070703112979885,1.849792954171132e-06,-0.1225393506674188,0.0490150730198488,0.0076725762537573,0.5051667493859239,20.42646825700757,23.98985973164771,0.5930194934850391
13.16,31.221348169062782,131.01332164679968,183.61484946130287,-0.4865553099715422,-0.1329670926516731,0.5879778454242262,-0.0146926728750414,0.0794057359359549,0.0,24.011542496051888,10.92582470005992,-72.31946408715467,21.29407265118343,131.670296488389,346.95920830592405,15.288,1.0,10.619797937696177,0.0707078583851608,1.8077295990909927e-06,-0.1221302252407602,0.0488979727931524,0.0076476607475456,0.5043965626274952,20.41951718449969,23.99065609272774,0.5934973397122002
13.17,31.221348588747848,131.01332268134692,183.3866660004432,-0.4842971213747045,-0.1385917642200317,0.5888843440699894,-0.015347942314297,0.07614175452518,0.0,24.01324080087563,10.914878875419456,-72.39472696819647,21.291867729688555,131.6726121380195,347.01592293346266,15.288,1.0,10.617585766056342,0.0707126767225923,1.7658521481376307e-06,-0.1217228696501099,0.0487768981537672,0.0076228593643421,0.5037369565969657,20.41250687920341,23.99147087868884,0.5939847614259118
13.18,31.22134901015633,131.0133237136471,183.15836833429523,-0.4820924574797248,-0.1442240269261225,0.5897821837557448,-0.0158983815790185,0.0728881261381578,0.0,24.014964988003783,10.90402670355524,-72.46974721318618,21.289583432496265,131.67501005604174,347.07339526305805,15.288,1.0,10.615372486660464,0.070717571160496,1.7241588237923396e-06,-0.1213172503450388,0.0486518356298169,0.0075981702941187,0.5032029576873687,20.405470091581478,23.9923103547548,0.5944816748600912
13.19,31.221349433280828,131.01332474370776,182.92995698243408,-0.4799412482931585,-0.1498613056696771,0.5906717963620804,-0.0163440527278105,0.0696456348304003,0.0,24.016714541057844,10.893267481722011,-72.54452490700812,21.287226715719463,131.67748288831262,347.1316105627923,15.288,1.0,10.613158104550449,0.0707225401780879,1.6826478643413185e-06,-0.1209133279294769,0.0485227810048712,0.0075735908539453,0.5027936828068534,20.398409792977336,23.993174409050955,0.5949880784756162
13.2,31.22134985811396,131.0133257715364,182.7014324614551,-0.4778434013787408,-0.1555010289088391,0.5915535924758524,-0.0166850588925233,0.0664150605917901,0.0,24.01848894989819,10.882600513198623,-72.61906011314609,21.2848046467978,131.68002317376028,347.1905542779354,15.288,1.0,10.610942624768208,0.0707275822729693,1.6413175259600947e-06,-0.1205110630910052,0.0483897318851989,0.0075491183700102,0.5025080353655529,20.391328946461257,23.994062935382217,0.5955039917874144
13.21,31.22135028464836,131.01332679714056,182.4727952899416,-0.4757988019471878,-0.1611406298039589,0.5924279615381259,-0.016921544177302,0.0631971790504748,0.0,24.0202877105567,10.87202510726832,-72.69335287413779,21.282324402773103,131.68262334622642,347.2502120287359,15.288,1.0,10.608726052300607,0.0707326959609328,1.6001660833426742e-06,-0.1201104166159005,0.0482526876978369,0.0075247501784595,0.5023447079652016,20.384230505742945,23.994975832985983,0.5960294554042622
13.22,31.22135071287673,131.01332782052762,182.2440459854848,-0.4738073131624144,-0.1667775470902154,0.5932952719756994,-0.017053693606459,0.0599927612288215,0.0,24.022110325184062,10.861540579197472,-72.76740321203364,21.27979326850888,131.68527573636143,347.3105696090997,15.288,1.0,10.60650839216754,0.0707378797758,1.5591918303139865e-06,-0.119711349404141,0.0481116496878708,0.0075004836262501,0.5023021861223476,20.3771174143475,23.995913006342334,0.5965645309723002
13.23,31.2213511427918,131.0133288417051,182.01518505573785,-0.4718687761961266,-0.1724092262744511,0.5941558713539503,-0.0170817329750639,0.0568025732362222,0.0,24.02395630198045,10.85114625021354,-72.84121112885931,21.2772186348552,131.68797257357167,347.3716129846364,15.288,1.0,10.604289649333856,0.0707431322692151,1.5183930804307078e-06,-0.1193138224842924,0.0479666209150274,0.0074763160719902,0.5023787527423442,20.36999260447312,23.99687436491671,0.5971093010429998
13.24,31.221351574386308,131.01332986068036,181.7862130222693,-0.4699830105640529,-0.1780331204770635,0.595010086545881,-0.0170059287708709,0.053627376031377,0.0,24.02582515514433,10.840841447480877,-72.91477660708269,21.274607996756497,131.6907059880197,347.4333282903234,15.288,1.0,10.60206982880844,0.0707484520105123,1.477768167564002e-06,-0.1189177970282929,0.0478176062495467,0.0074522448867605,0.502572493593837,20.362858996194973,23.99785982297636,0.5976638688800816
13.25,31.22135200765304,131.01333087746073,181.55713039372847,-0.4681498141934783,-0.183646691620107,0.5958582238693466,-0.0168265879936447,0.0504679251184496,0.0,24.027716404804423,10.83062550407674,-72.98809961008426,21.27196895130337,131.69346801267815,347.4957018295541,15.288,1.0,10.599848935556144,0.0707538375864908,1.437315446471522e-06,-0.1185232343660917,0.0476646123673904,0.0074282674549649,0.502881303426567,20.35571949632849,23.998869299335738,0.5982283581392658
13.26,31.221352442584795,131.01333189205363,181.3279376777716,-0.4663689636115859,-0.1892474114647142,0.5967005692664874,-0.0165440579927653,0.047324970270987,0.0,24.029629576959326,10.820497758965493,-73.0611800826305,21.2693091957284,131.69625058543653,347.55872007184604,15.288,1.0,10.597626974486772,0.0707592876012474,1.3970332933509189e-06,-0.1181300960002462,0.047507647744646,0.0074043811751484,0.5033028929040242,20.348576997439174,23.99990271713305,0.5988029125087552
13.27,31.22135287917443,131.01333290446635,181.09863538702552,-0.4646402143168468,-0.1948327624158095,0.5975373884773677,-0.0161587263467631,0.0441992553023081,0.0,24.03156420342886,10.810457556970748,-73.13401795135074,21.26663652534508,131.69904555126095,347.6223696509754,15.288,1.0,10.59540395056518,0.070764800676044,1.3569201063816684e-06,-0.117738343620363,0.0473467226512711,0.0073805834608148,0.5038347962741525,20.34143437707888,24.00096000365524,0.5993876952647433
13.28,31.22135331741482,131.01333391470615,180.86922402914928,-0.4629571825019868,-0.2004079305790424,0.5983692098933708,-0.0156690983481165,0.0410899837969078,0.0,24.033519442677857,10.80050424787208,-73.20661312521669,21.263958831430468,131.7018446644078,347.68662639496205,15.288,1.0,10.593175727500045,0.0707703743327428,1.3169743062504778e-06,-0.1173479392521141,0.0471818489753709,0.0073568716336554,0.5044718202215791,20.334286961280814,24.00203950274651,0.5999830153928443
13.29,31.22135375729884,131.01333492278025,180.6397041137895,-0.4612895016091515,-0.2060082261761194,0.5991979239949176,-0.0150656943581259,0.037989944455618,0.0,24.035492991533783,10.790637104611443,-73.27896549760379,21.26128411589432,131.70463957310213,347.7514238284057,15.288,1.0,10.590921848950437,0.0707760017892351,1.2771943320299344e-06,-0.1169588628426821,0.0470130182044526,0.0073332436959473,0.5051994423823741,20.327100548019764,24.0031333647602,0.6005900125260596
13.3,31.22135419881944,131.0133359286959,180.4100761456256,-0.459673305635749,-0.2115853480456745,0.6000222655572746,-0.0143600867737676,0.034908687625744,0.0,24.03748666858704,10.78085544138788,-73.35107495073834,21.25862053181492,131.70742177723608,347.81681473154447,15.288,1.0,10.588666908805546,0.0707816884005762,1.237578629058569e-06,-0.1165710891071049,0.0468402304504254,0.007309698584465,0.5060305790203954,20.319922844834004,24.00425099537616,0.6012084062356301
13.31,31.221354641969565,131.0133369324603,180.1803406273497,-0.4581082841098265,-0.2171368117179374,0.6008424184938295,-0.0135528285298714,0.0318469348948596,0.0,24.039500027806703,10.771158626128306,-73.42294135181508,21.25597633542541,131.7101826785532,347.88278636416703,15.288,1.0,10.586410911971704,0.0707874328532926,1.198125662907703e-06,-0.1161845804410172,0.0466635033285214,0.0072862337694403,0.506962119164311,20.312756679620843,24.00539233882469,0.6018384486594983
13.32,31.2213550867422,131.0133379340806,179.95049806761872,-0.456594106567203,-0.2226601484654631,0.6016585472195818,-0.0126445120115548,0.0288054008419189,0.0,24.04153262870321,10.761546032496964,-73.49456455226785,21.25335987090439,131.71291359651795,347.94932614241,15.288,1.0,10.584153863433285,0.0707932338502423,1.1588339238169008e-06,-0.1157992994857913,0.0464828562201798,0.007262846739381,0.5079908172098321,20.305604860370515,24.00655734240391,0.602480408182749
13.33,31.22135553313033,131.01333893356392,179.7205489641572,-0.4551304225796632,-0.2281529065460669,0.6024707968626885,-0.0116357687187446,0.0257847927235051,0.0,24.04358403625876,10.752017039860744,-73.5659443882559,21.25077956794625,131.7156057708263,348.0164216368027,15.288,1.0,10.581895768107769,0.0707990901104078,1.11970192715161e-06,-0.1154152091422704,0.0462983102624636,0.0072395350018609,0.5091133031660688,20.298470173967253,24.00774595621488,0.6031345685017839
13.34,31.22135598112704,131.0133399309174,179.49049382065485,-0.453716862118751,-0.2336126520261724,0.603279293460465,-0.0105272690186732,0.0227858102453842,0.0,24.04565382087897,10.742571033254672,-73.63708068115137,21.248243939274246,131.71825036397033,348.08406057111785,15.288,1.0,10.579636630923783,0.0708050003687473,1.0807282138444055e-06,-0.1150322725843297,0.0461098883368193,0.0072162960843103,0.5103260931863254,20.29135538539865,24.008958132983928,0.6038012276069734
13.35,31.221356430725383,131.0133409261481,179.26033313583287,-0.452353035759851,-0.2390369697993252,0.6040841441925379,-0.0093197218307338,0.019809145293403,0.0,24.047741558334927,10.73320740334528,-73.70797323802763,21.245761578095607,131.72083846385803,348.152230820066,15.288,1.0,10.577376456787656,0.0708109633760384,1.0419113508217863e-06,-0.1146504532723397,0.0459176150570809,0.0071931275347814,0.5116256001219129,20.284263236773885,24.010193827844684,0.6044806967282647
13.36,31.221356881918474,131.01334191926304,179.0300674064252,-0.4510385349601453,-0.2444234645155858,0.6048854375851294,-0.00801387431842,0.0168554816862811,0.0,24.04984682970904,10.72392554639382,-73.77862185214862,21.24334115549821,131.72336108648784,348.22092040825504,15.288,1.0,10.575115250594562,0.0708169778987055,1.0032499314126464e-06,-0.1142697149663903,0.0457215167568967,0.0071700269227264,0.5130081441155366,20.277196446428157,24.011452998137944,0.6051732991854658
13.37,31.221357334699423,131.01334291026927,178.79969713513054,-0.4497729323553845,-0.2497697614774579,0.6056832437418999,-0.0066105115703698,0.0139254949322999,0.0,24.051969221343377,10.714724864217512,-73.84902630345938,21.24099141778872,131.72580917867853,348.29011750841727,15.288,1.0,10.57285301725083,0.0708230427186743,9.64742575742873e-07,-0.1138900217394231,0.0455216214763926,0.0071469918397558,0.5144699631424275,20.27015770805843,24.01273560321925,0.6058793691998773
13.38,31.221357789061432,131.01334389917386,178.56922281371598,-0.4485557819514849,-0.2550735076740968,0.6064776145743246,-0.0051104562298786,0.0110198519614966,0.0,24.05410832478067,10.70560476415092,-73.91918635907565,21.23872118377452,131.72817362085223,348.3598104398501,15.288,1.0,10.57058976161818,0.0708291566331938,9.263879311122392e-07,-0.1135113379901821,0.0453179589481845,0.0071240199003935,0.5160072234101651,20.263149689723157,24.014041604237445,0.6065992506423774
13.39,31.221358244997667,131.01334488598368,178.3386449409061,-0.447386619482968,-0.2603323725945657,0.607268584041015,-0.0035145681628501,0.0081392109013079,0.0,24.056263736715945,10.696564659004828,-73.98910177377508,21.23653934198557,131.7304452298744,348.4299876667431,15.288,1.0,10.568325488569489,0.0708353184547003,8.881846723564566e-07,-0.1131336284559803,0.0451105605827431,0.0071011087428172,0.517616029618852,20.256175033057605,24.01537096395853,0.6073332957336084
13.4,31.221358702501377,131.01334587070576,178.1079640074775,-0.4462595582918453,-0.2655508261097945,0.6080564057967716,-0.0018220480351356,0.0052828639469843,0.0,24.058434743854143,10.687603966510837,-74.05877229048815,21.234454847840148,131.7326147619462,348.50062866870854,15.288,1.0,10.566056549038276,0.0708415260828477,8.501315021932225e-07,-0.1127568583028149,0.0448994593562207,0.0070782559417699,0.5192912560970954,20.24922969890192,24.016722266967545,0.6080820842131536
13.41,31.221359161565783,131.01334685334697,177.8771805071867,-0.445141760047837,-0.2707671247697595,0.6088427757865204,-2.3180065680496755e-05,0.0024429271171527,0.0,24.060619084264264,10.678722025052291,-74.12819764231766,21.23247673788193,131.73467289774234,348.57166804584176,15.288,1.0,10.56376098025876,0.0708477728572771,8.122271469752047e-07,-0.112381010731394,0.0446846678110155,0.0070554597521636,0.5210225976723102,20.242276459922827,24.0180872420746,0.6088476772211997
13.42,31.22135962218418,131.01334783391428,177.6462949268359,-0.4440706997569432,-0.2759313605495561,0.6096262276426788,0.0018695438423037,-0.0003707546605462,0.0,24.062818596471303,10.66991821130606,-74.19737755720153,21.230614174096825,131.73661019630416,348.6431591914029,15.288,1.0,10.561464395614996,0.0708540641916764,7.744703439071628e-07,-0.1120060647589003,0.0444662058271772,0.0070327193732006,0.5228148597403861,20.235364646353023,24.01947556725433,0.6096292070455942
13.43,31.221360084349858,131.0133488124145,177.4153077651546,-0.4430458594722367,-0.2810412817202319,0.6104067229672323,0.0038551121089802,-0.0031575563535408,0.0,24.0650328967328,10.66119195958988,-74.26631175397678,21.228876392306752,131.7384171486843,348.71509112018447,15.288,1.0,10.559166799963736,0.0708603989561217,7.368598550087156e-07,-0.1116319864119855,0.0442441116180803,0.0070100325334652,0.5246639509030343,20.228496806216523,24.02088721245684,0.6104270632066489
13.44,31.22136054805616,131.01334978885447,177.18421950298338,-0.4420667043287143,-0.2860946636250153,0.6111842064448674,0.0059324776167909,-0.0059168626294501,0.0,24.067261606206216,10.652542709511872,-74.33499994154474,21.22727268442133,131.7400841963325,348.78745298463093,15.288,1.0,10.55686819819563,0.0708667760351315,6.993944716223741e-07,-0.1112587421052134,0.0440184250064159,0.0069873969880473,0.5265657636636791,20.221675456681016,24.02232214827877,0.6112416361486608
13.45,31.221361013296416,131.0133507632411,176.95303063110282,-0.4411326826608595,-0.2910893097647145,0.6119586061131264,0.0081005582141839,-0.0086480681299295,0.0,24.069504350888,10.643969905923512,-74.40344181935525,21.225812395288443,131.74160173428763,348.86023407335153,15.288,1.0,10.554568595110952,0.0708731943274806,6.62073014687837e-07,-0.1108862986528153,0.0437891874055733,0.0069648105192378,0.5285161830022825,20.21490308300165,24.023780345731968,0.612073315642564
13.46,31.22136148006404,131.01335173558115,176.72174163333665,-0.440243226562642,-0.2960230523288227,0.6127298336308045,0.0103582370985975,-0.0113505776323125,0.0,24.07176076157769,10.635472998872888,-74.47163707789002,21.224504919487007,131.74296011442567,348.9334238099424,15.288,1.0,10.552267995589055,0.0708796527460981,6.248943349989133e-07,-0.1105146232802891,0.0435564418003499,0.0069422709372141,0.5305110946132631,20.20818213800844,24.025261776124104,0.6129224891530831
13.47,31.221361948352456,131.01335270588137,176.49035299549809,-0.4393977519816897,-0.3008937532980967,0.6134977845663354,0.0127043633566588,-0.0140238063236583,0.0,24.0740304738158,10.627051443556391,-74.53958539914476,21.223359698063263,131.74414964876013,349.0070117512032,15.288,1.0,10.549966404441518,0.070886150217884,5.878573134455694e-07,-0.1101436836357116,0.0433202327271555,0.0069197760807051,0.532546392630528,20.201515041031858,24.026766410823427,0.6137895402007949
13.48,31.221362418155103,131.01335367414856,176.25886520141378,-0.4385956591551353,-0.3056993051163046,0.6142623386747799,0.0151377524167706,-0.016667179989359,0.0,24.076313127841264,10.618704700270117,-74.60728645710974,21.22238621520995,131.74516061279664,349.0809875860723,15.288,1.0,10.547663826491211,0.0708926856835804,5.509608612387258e-07,-0.109773447800968,0.0430806062534585,0.0068973238176618,0.534617986974751,20.19490417725123,24.02829422111069,0.6146748466882626
13.49,31.221362889465446,131.01335464038948,176.02727873391711,-0.4378363328305245,-0.3104376316186241,0.6150233601988317,0.0176571865794899,-0.0192801352508643,0.0,24.078608368536724,10.610432234359603,-74.67473991824944,21.221593994888764,131.74598324894143,349.1553411337983,15.288,1.0,10.545360266504538,0.0708992580976164,5.142039201182882e-07,-0.1094038843026748,0.0428376099567577,0.0068749120458978,0.5367218102306911,20.18835189679039,24.029845177978647,0.6155787792341907
13.5,31.221363362277028,131.01335560461075,175.79559407087336,-0.4371191426933485,-0.3151066886963463,0.6157806981513156,0.0202614155007488,-0.0218621197504846,0.0,24.08091584538604,10.602233516169491,-74.74194544198006,21.220992597397927,131.746607769961,349.2300623430696,15.288,1.0,10.543055729259189,0.0709058664279748,4.775854625464738e-07,-0.1090349621229723,0.0425912929028652,0.0068525386937394,0.5388538241023358,20.181860514072056,24.031419251985145,0.6165016994735701
13.51,31.221363836583343,131.01335656681914,175.56381169412387,-0.436443443680806,-0.3197044650928028,0.616534186623643,0.0229491567219076,-0.0244125923603592,0.0,24.083235212425222,10.594108020991971,-74.80890268114646,21.22059161588341,131.74702436249552,349.30514129031314,15.288,1.0,10.540750219532857,0.0709125096560545,4.411044918829177e-07,-0.1086666507100281,0.042341705623699,0.0068302017206449,0.5410100254250443,20.175432307042914,24.03301641307908,0.617443958376529
13.52,31.221364312377982,131.01335752702133,175.3319320825298,-0.4357930722136844,-0.3242483797011089,0.6172843138599706,0.0257239975353029,-0.0269349538089264,0.0,24.08556527840644,10.586055220661375,-74.87561128251834,21.220400673058343,131.74722319035106,349.380543524758,15.288,1.0,10.538433258781138,0.0709191842743518,4.047600424829753e-07,-0.1082989214390014,0.0420888982857661,0.0068078989688161,0.5431855908139834,20.16905043033345,24.034632733892828,0.6184069371566429
13.53,31.221364789654533,131.01335848522393,175.09995570700235,-0.4351544636169166,-0.3287526033809738,0.6180317833002154,0.0285892886467171,-0.0294324563883823,0.0,24.087905018904383,10.578074494545824,-74.94207089001279,21.22042944999272,131.74719436457374,349.4562394201148,15.288,1.0,10.53609601143654,0.0709258872665994,3.685511714126697e-07,-0.1079317673057087,0.041832896128774,0.0067856296905273,0.5453765702334286,20.16270121479213,24.03626496407746,0.6193923652125716
13.54,31.221365268406583,131.0133594414336,174.86788304739818,-0.4345555875146088,-0.3331793704473171,0.6187753152062863,0.0315348965451739,-0.0318975736317899,0.0,24.09025568001628,10.570165302889825,-75.00828114773209,21.22068771356164,131.74692791495465,349.53226522340134,15.288,1.0,10.533757793486847,0.0709326223020118,3.324769505092144e-07,-0.1075651668083962,0.0415737444917662,0.0067633928677235,0.5475809739077284,20.15642210143972,24.03792028184583,0.6203989003958253
13.55,31.221365748627804,131.01336039565695,174.63571457860627,-0.4339957600736254,-0.337526787963107,0.6195146838201678,0.0345594089000278,-0.0343298065652362,0.0,24.092616933007783,10.562327140344708,-75.07424169565358,21.221185257355906,131.74641385115552,349.6086114948554,15.288,1.0,10.53141860967994,0.0709393884127524,2.965364813473074e-07,-0.1071990911629474,0.0413114997967386,0.0067411865784731,0.5497949377029576,20.15021523625386,24.03959865578814,0.6214268515530436
13.56,31.221366230311823,131.01336134790057,174.40345077352805,-0.4334742843622738,-0.3417929995831484,0.6202496498108842,0.0376613837319017,-0.036728668108729,0.0,24.094988453473,10.554559506271652,-75.13995216948098,21.221931890765063,131.74564217389357,349.68526891587425,15.288,1.0,10.529078464820914,0.0709461846437468,2.607288972697859e-07,-0.1068335120885459,0.0410462198268894,0.0067190089341699,0.5520146563948571,20.144082725093693,24.041300053074668,0.6224765079713187
13.57,31.221366713452355,131.013362298171,174.17109210009716,-0.4329904504784758,-0.3459761865212659,0.6209799605930232,0.0408393500822788,-0.0390936833128407,0.0,24.097369921277068,10.546861904685816,-75.20541220110371,21.22293743513824,131.74460287878756,349.76222828815304,15.288,1.0,10.526737363623328,0.0709530100524957,2.2505336347886337e-07,-0.1064684018169372,0.0407779637009752,0.0066968580800999,0.5542363874331636,20.1380266327546,24.043024439246423,0.6235481377153012
13.58,31.22136719804313,131.0133632464748,173.93863902922948,-0.4325435360549927,-0.3500745680333952,0.6217053506709397,0.0440918085788662,-0.0414243894991346,0.0,24.099761020519303,10.53923384419936,-75.27062141905549,21.224211719892946,131.7432859602532,349.83948053207087,15.288,1.0,10.524395310812189,0.0709598637089794,1.8950907710915655e-07,-0.1061037331015309,0.0405067918470581,0.0066747321959814,0.5564564543465237,20.13204898250002,24.04477177810249,0.6246419860063902
13.59,31.22136768407787,131.01336419281853,173.7060920338305,-0.43213280666593,-0.3540864020138503,0.6224255419767029,0.0474172320418755,-0.0437203364194091,0.0,24.10216143949116,10.531674837964676,-75.33557944896863,21.225764578572555,131.74168141544635,349.9170166854301,15.288,1.0,10.52205231115826,0.0709667446955358,1.5409526728607674e-07,-0.1057394792261741,0.0402327659758607,0.006652629496492,0.5586712498060183,20.12615175548163,24.046542031564343,0.6257582736297872
13.6,31.221368171550385,131.01336513720867,173.47345157487905,-0.4317575159654802,-0.3580099859125824,0.6231402442054441,0.0508140661866778,-0.0459810864788887,0.0,24.104570870620435,10.524184403616893,-75.40028591402778,21.227605844854864,131.73977924825303,349.9948279024864,15.288,1.0,10.519708369329344,0.0709736521066816,1.1881119516791717e-07,-0.105375614013708,0.0399559490535958,0.0066305482317941,0.5608772383676639,20.120336889843244,24.048335159476057,0.6268971953874284
13.61,31.221368660454463,131.0133660796517,173.24071812428824,-0.4314169063054242,-0.3618436570417519,0.6238491551700983,0.0542807301899364,-0.0482062148372221,0.0,24.106989010440675,10.5167620632152,-75.46474043542015,21.229745348509844,131.7375694733264,350.0729054524485,15.288,1.0,10.517363490061888,0.0709805850490376,8.365615397294462e-08,-0.1050121118343588,0.0396764052742153,0.0066084866880337,0.5630709589143473,20.11460628042676,24.05015111952554,0.6280589185938932
13.62,31.22136915078396,131.0133670201541,173.00789214303944,-0.4311102088795257,-0.3655857934584086,0.6245519611500894,0.0578156174116003,-0.0503953096214135,0.0,24.10941555953616,10.509407343184154,-75.52894263278401,21.232192911310555,131.7350421201684,350.15124071829933,15.288,1.0,10.515017678012253,0.070987542641157,4.8629468990674934e-08,-0.1046489476137621,0.0393942000313376,0.0065864431878302,0.5652490268097938,20.10896177791022,24.051989867050985,0.629243581631903
13.63,31.22136964253271,131.01336795872243,172.7749740950966,-0.4308366442459117,-0.3692348143643634,0.6252483372404632,0.0614170960131881,-0.0525479720421436,0.0,24.11185022250672,10.502119774254483,-75.59289212465414,21.234958342896466,131.7321872372558,350.2298251958176,15.288,1.0,10.512670937859676,0.0709945240134221,1.373049757739394e-08,-0.1042860968408469,0.0391093998895773,0.006564416090757,0.5674081357860995,20.10340518842241,24.053851354942896,0.6304512925439991
13.64,31.221370135694613,131.013368895363,172.54196444343074,-0.4305588977739667,-0.3728347788927263,0.6259395470847244,0.0650952374400423,-0.054673241252905,0.0,24.11429082759528,10.49489884251198,-75.65658852944522,21.238051443264403,131.72899488932072,350.3085958608432,15.288,1.0,10.510298553773143,0.071001522771531,-2.1041372536458188e-08,-0.1039235450619214,0.0388220607516389,0.0065424038808595,0.5695472941055485,20.097893302025565,24.055726490782657,0.6316857366215449
13.65,31.2213706302636,131.01336983008227,172.30886364703846,-0.4303046485805073,-0.3763486204689783,0.6266244678216579,0.0688400738580518,-0.0567640909840428,0.0,24.11673857799807,10.487743988862608,-75.72003147070096,21.24148205843449,131.725455099759,350.38758772660464,15.288,1.0,10.5079196329544,0.0710085424583447,-5.5686738184302633e-08,-0.1035612909305717,0.0385322240495117,0.0065204067876828,0.571662235705321,20.0924628935505,24.05762230003763,0.6329449750703474
13.66,31.221371126233567,131.01337076288667,172.07567216789892,-0.4300814110094141,-0.3797644927320798,0.6273024246988673,0.0726473160990878,-0.0588180858918467,0.0,24.11919361978839,10.480654754844473,-75.78322057516519,21.24526004818102,131.72155788384296,350.4668051024171,15.288,1.0,10.505539786146896,0.0710155835041395,-9.020617344415597e-08,-0.1031993123511946,0.0382399588494215,0.006498423444851,0.5737494063623841,20.08712588044696,24.059540789548077,0.634228296276238
13.67,31.221371623598507,131.01337169378257,171.84239045904727,-0.4298883837595593,-0.3830809643254458,0.6279730481444818,0.0765152311837541,-0.0608348759540172,0.0,24.12165567270741,10.47363068798838,-75.84615547020626,21.249395244866392,131.7172932910696,350.54623990877053,15.288,1.0,10.50315901802078,0.0710226450839117,-1.2460022036174238e-07,-0.10283758693036,0.0379453363768967,0.0064764523515635,0.5758057779680045,20.081883906682464,24.06148190387085,0.6355356889517029
13.68,31.221372122352392,131.0133726227763,171.60901898147097,-0.4297247566000423,-0.386296647937681,0.6286359590016841,0.0804420640750356,-0.0628141246456486,0.0,24.12412446030683,10.46667133985837,-75.90883578421409,21.253897448662247,131.71265140992944,350.62588417304937,15.288,1.0,10.5007773332578,0.0710297263838857,-1.5886938892045442e-07,-0.1024760928609825,0.0376484288939176,0.0064544920453521,0.5778284075487333,20.076738568862595,24.063445584454776,0.6368671045654801
13.69,31.221372622489227,131.01337354987425,171.3755581901951,-0.4295897106268659,-0.3894102009416003,0.6292907689104038,0.0844260384381311,-0.0647555090953174,0.0,24.12659970990217,10.4597762659899,-75.97126114702469,21.25877642312132,131.70762237230784,350.70573002818185,15.288,1.0,10.498394736470171,0.0710368266013776,-1.9301415712590054e-07,-0.1021148089287193,0.0373493096676625,0.0064325411024698,0.5798144379900049,20.07169141561133,24.06543176949357,0.6382224563272573
13.7,31.22137312400308,131.0133744750827,171.14200853428235,-0.4294824187810001,-0.3924203256928855,0.6299370806725749,0.0884653573284348,-0.0666587201709483,0.0,24.12908115253899,10.452945025827589,-76.03343119034442,21.264041890710832,131.70219635792336,350.7857697120487,15.288,1.0,10.49601123229328,0.0710439449446869,-2.2703497110437097e-07,-0.1017537145181283,0.0370480529388449,0.0064105981382769,0.5817610985849979,20.06674394728761,24.067440393845267,0.6396016182189993
13.71,31.22137362688797,131.0133753984081,170.9083704687592,-0.4294020461762166,-0.3953257700440003,0.6305744886510025,0.0925582039460306,-0.0685234626092043,0.0,24.13156852295065,10.446177182662137,-76.09534554816963,21.269703528306632,131.69636359880164,350.8659955657224,15.288,1.0,10.493626825350931,0.0710510806329862,-2.6093224521690935e-07,-0.1013927896185652,0.0367447338896853,0.0063886618075919,0.5836657054490443,20.061897615489585,24.06947138890924,0.6410044241525509
13.72,31.221374131138056,131.0133763198566,170.67464444666643,-0.4293477504998062,-0.3981253277550905,0.6312025791402956,0.0967027423757766,-0.0703494551202848,0.0,24.13406155951944,10.43947230356792,-76.1570038572057,21.275770962653503,131.69011438378172,350.9464000328489,15.288,1.0,10.491241520266923,0.0710582328961953,-2.947063621848699e-07,-0.1010320148297702,0.0364394286115832,0.0063667308050437,0.5855256617915305,20.05715382266157,24.07152468252289,0.6424306671790179
13.73,31.22137463674742,131.01337723943456,170.44083091408788,-0.4293186822949618,-0.4008178390344185,0.6318209307610388,0.1008971183738957,-0.0721364305192813,0.0,24.136560004232013,10.432829959339765,-76.21840575728162,21.282253765788088,131.68343906305614,351.02697565828026,15.288,1.0,10.488855321595535,0.0710654009748528,-3.2835767323358817e-07,-0.1006713713672543,0.0361322140723693,0.0063448038654005,0.5873384580932988,20.052513921573595,24.07360019883227,0.6438800988165145
13.74,31.221375143710222,131.0133781571483,170.20693032108363,-0.4293139855010789,-0.4034021907370654,0.632429114842592,0.1051394600797778,-0.0738841357867992,0.0,24.139063602648125,10.426249724429226,-76.279550891765,21.28916145043216,131.67632805273882,351.1077150872134,15.288,1.0,10.486468233925793,0.0710725841200237,-3.6188649824700817e-07,-0.1003108410673886,0.0358231680832645,0.0063228797638858,0.5891016721305407,20.047979215138785,24.075697858229585,0.645352428435358
13.75,31.22137565202064,131.013379073004,169.97294311374003,-0.4293097203395593,-0.4059060760514043,0.633027619574763,0.1094352189164249,-0.0755982406651381,0.0,24.141570982408687,10.419731157862188,-76.34043890806798,21.296503466608,131.66877183817166,351.1885784362151,15.288,1.0,10.484064662013049,0.0710797782913078,-3.952931262498274e-07,-0.099950409801217,0.0355123650310418,0.006300957238679,0.5908159570961281,20.04352253431299,24.077811938413745,0.6468501590596085
13.76,31.22137616167285,131.0133799870079,169.738869738144,-0.4293057378532581,-0.4083275672810615,0.6336163711926103,0.1137829874328065,-0.0772789255747894,0.0,24.144081951104138,10.413273723981591,-76.4010694617751,21.30428924565108,131.66076092846075,351.2695601359408,15.288,1.0,10.481644951445588,0.0710869829224446,-4.2857782723135153e-07,-0.0995900854537273,0.0351998535210172,0.0062790367274757,0.592479281089084,20.039145962149764,24.07994254975837,0.6483735855279884
13.77,31.221376672661084,131.01338089916632,169.50471063938903,-0.4293238022553443,-0.4106374782705551,0.634194143894008,0.1181738831641057,-0.0789203781819722,0.0,24.146597370286525,10.406876989886632,-76.46144221808579,21.312528210379423,131.65228584588252,351.3506852858925,15.288,1.0,10.479224354235228,0.0710942005503359,-4.617408554183081e-07,-0.0992298564403599,0.0348857078798362,0.0062571177143745,0.5940866181292891,20.034878529087774,24.082095138237385,0.6499197680513518
13.78,31.221377184979577,131.0133818094853,169.2704662566075,-0.429363052105154,-0.4128348650755405,0.6347604800821879,0.1226059643368527,-0.0805223979619904,0.0,24.149116998931888,10.40054054425425,-76.52155684760818,21.321229711062404,131.6433371916228,351.4319469079199,15.288,1.0,10.476802874912902,0.0711014304655739,-4.947824351758736e-07,-0.0988697069156771,0.0345700092284279,0.0062351991265038,0.5956358501485258,20.03072135700011,24.084269611082835,0.65148825479719
13.79,31.2213776986226,131.01338271797127,169.03613703390087,-0.4294226211976195,-0.414918832197538,0.6353149166061619,0.1270772751036427,-0.0820847986633835,0.0,24.15164059940829,10.3942639791301,-76.58141302644194,21.330403016595103,131.63390565467043,351.5133381190374,15.288,1.0,10.474380518079975,0.0711086719687473,-5.277027602646579e-07,-0.0985096216638377,0.0342528393768962,0.0062132799319759,0.5971249461964554,20.026675516205017,24.086465871309567,0.6530785490901302
13.8,31.221378213584423,131.0133836246302,168.80172340940916,-0.4295016387580251,-0.4168885331035208,0.6358569851597783,0.131585846403669,-0.0836074084250768,0.0,24.15416793742988,10.388046889864569,-76.64101043657352,21.34005730969672,131.62398201656694,351.59485213044377,15.288,1.0,10.471957288279125,0.0711159243702984,-5.605019940663525e-07,-0.0981495861021802,0.0339342807896489,0.0061913591401142,0.5985519620842239,20.022742024970043,24.088683817587704,0.654690109360001
13.81,31.22137872985939,131.01338452946834,168.56722582127287,-0.4295992298638801,-0.4187431704423844,0.636386212691581,0.1361296967567477,-0.0850900698307502,0.0,24.156698782021746,10.38188887504822,-76.70034876626637,21.35020168208932,131.61355715617324,351.6764822461621,15.288,1.0,10.469533190017804,0.0711231869904289,-5.931802698239904e-07,-0.0977895862845268,0.0336144165503013,0.0061694358016538,0.5999150399479256,20.018921849317096,24.090923344173536,0.6563223491751748
13.82,31.221379247441824,131.0133854324918,168.33264471061523,-0.4297145159695134,-0.4204819961115441,0.6369021217951297,0.1407068330284369,-0.0865326399307559,0.0,24.15923290549081,10.375789536447703,-76.75942771045209,21.36084512965776,131.6026220544529,351.7582218624386,15.288,1.0,10.467108227862155,0.0711304591590093,-6.257376908913928e-07,-0.0974296089041783,0.033293330326405,0.0061475090089347,0.6012124077464162,20.015215902975896,24.093184340870003,0.6579746373390213
13.83,31.2213797663261,131.0133863337068,168.097980508622,-0.4298466150324953,-0.4221043118012144,0.637404231115621,0.145315251326714,-0.0879349903602966,0.0,24.16177008337784,10.369748478941665,-76.81824697111709,21.37199654759518,131.5911677992676,351.84006446658424,15.288,1.0,10.46468240626096,0.0711377402154329,-6.581743309989702e-07,-0.0970696412966861,0.0329711063339095,0.006125577896077,0.602442378780793,20.01162504686595,24.095466692893268,0.6596462981340132
13.84,31.221380286506623,131.01338723311943,167.86323364846697,-0.4299946422138766,-0.423609468801932,0.6378920557478606,0.1499529377220498,-0.0892970073069858,0.0,24.164310094436576,10.363765310456012,-76.87680625768888,21.38366472553444,131.57918559018535,351.9220036361526,15.288,1.0,10.462255729756883,0.0711450295085609,-6.904902345298797e-07,-0.0967096714423505,0.0326478293014315,0.0061036416391382,0.6036033510877316,20.008150089308707,24.09777028088211,0.6613366115917737
13.85,31.2213808079778,131.0133881307358,167.6284045663066,-0.4301577099514983,-0.4249968685727569,0.6383651076478011,0.1546178691664524,-0.0906185916297155,0.0,24.16685272058425,10.357839641900233,-76.93510528741913,21.39585834266924,131.56666674329588,352.00403303758225,15.288,1.0,10.459828202775222,0.0711523263965755,-7.226854168077945e-07,-0.0963496879683792,0.0323235844344321,0.0060816994562474,0.6046938069005061,20.00479178548713,24.100094980759216,0.6630448139279245
13.86,31.22138133073408,131.013389026562,167.39349369233562,-0.4303156568704075,-0.4262899403848921,0.6388236200374536,0.159314131873724,-0.0919045906490029,0.0,24.169396863824776,10.351971074041236,-76.99314378581238,21.408585963493035,131.5536026953903,352.08612069792355,15.288,1.0,10.457386807739248,0.0711596276470216,-7.547598645553175e-07,-0.0959896823831575,0.0319984546104293,0.0060597505272589,0.6057154951030264,20.001527094428138,24.10243601435923,0.6647729416235261
13.87,31.22138185476992,131.01338992060417,167.15850145774297,-0.4304599009835381,-0.4274977434623861,0.6392677674942083,0.1640428243474538,-0.0931574676643515,0.0,24.17194197834112,10.346159103644847,-77.0509214902694,21.42185607807244,131.53998496243935,352.1682507177822,15.288,1.0,10.454926213262809,0.0711669316531974,-7.867135465798434e-07,-0.0956296693298238,0.0316724952277298,0.0060377956344543,0.6066684502381372,19.998347185366672,24.104791412877788,0.6665220480663437
13.88,31.22138238007981,131.01339081286827,166.92342829073743,-0.4306167972645982,-0.428585924074417,0.6396961867945417,0.1687935401369252,-0.0943704295001343,0.0,24.174489110403307,10.340403323823296,-77.1084381525156,21.4356771268478,131.5258051139932,352.2504535867423,15.288,1.0,10.45246477085312,0.0711742414958219,-8.185464202798167e-07,-0.0952696459890781,0.0313457845260003,0.0060158348561518,0.6075469215195083,19.99528622253924,24.10716761869913,0.6682875493045435
13.89,31.22138290665825,131.01339170336044,166.6882746155526,-0.430785469660802,-0.4295540630802234,0.6401083774482406,0.1735642203666275,-0.0955434305222281,0.0,24.177038053804832,10.334703357076371,-77.1656935340231,21.450057428523085,131.51105484702205,352.3327233052824,15.288,1.0,10.45000248499264,0.0711815565680642,-8.502584165214514e-07,-0.0949096033769943,0.0310184095329463,0.0059938675668437,0.608349683209285,19.99234477096333,24.10956449144543,0.6700685193223528
13.9,31.22138343449978,131.01339259208677,166.45304086139268,-0.4309650413361599,-0.4304017920713297,0.6405038375865368,0.1783528007954248,-0.096676439538422,0.0,24.179588605345742,10.329058828600449,-77.22268740588916,21.465005168423847,131.4957259976651,352.415053958486,15.288,1.0,10.447539360163828,0.0711888762719506,-8.818494384787443e-07,-0.0945495331505158,0.0306904575873513,0.0059718931827269,0.6090755912903153,19.989523342083125,24.111981885777464,0.6718639903108957
13.91,31.221383963598942,131.01339347905315,166.21772745249345,-0.431154634942695,-0.4311287935618309,0.6408820643700069,0.1831572126913803,-0.0977694398346526,0.0,24.182140564794675,10.323469366224378,-77.27941954920334,21.48052839356941,131.47981054608428,352.49743971486765,15.288,1.0,10.445075400777796,0.0711962000182557,-9.133193619793696e-07,-0.0941894276081587,0.0303620163022683,0.0059499111617469,0.6097235827877572,19.986822393608275,24.114419651326763,0.6736729535595288
13.92,31.22138449395032,131.0133943642657,165.982334809116,-0.4313533731380485,-0.4317348008552384,0.6412425543697235,0.1879753836301856,-0.0988224291413406,0.0,24.184693734862545,10.317934600347172,-77.33588975541235,21.49663500775369,131.46330062130855,352.5798748261234,15.288,1.0,10.442610611269444,0.071203527226414,-9.446680358626132e-07,-0.0938292796903837,0.030033173528212,0.0059279210036351,0.6102926750412939,19.98424232967379,24.116877632690223,0.675494360366479
13.93,31.22138502554852,131.0133952477304,165.7468633535104,-0.4315603789069767,-0.4322195981278331,0.641584803984723,0.1928052383550938,-0.0998354196441831,0.0,24.187247921167668,10.312454163874818,-77.39209782668367,21.51333276663504,131.4461885060668,352.66235362546684,15.288,1.0,10.44014499606178,0.0712108573244334,-9.758952823483549e-07,-0.0934690829797179,0.0297040173162644,0.0059059222499086,0.6107819649993766,19.981783500786367,24.119355669382173,0.6773271230777711
13.94,31.22138555838813,131.01339612945327,165.51131351090876,-0.4317747759354558,-0.4325830204272735,0.6419083098241333,0.1976446996221817,-0.1008084379753137,0.0,24.18980293220368,10.307027692158028,-77.4480435762684,21.53062927284021,131.42846664160558,352.7448705272501,15.288,1.0,10.437678559565922,0.0712181897487888,-1.0070008974142085e-06,-0.0931088317006095,0.029374635881131,0.0058839144838736,0.6111906284914165,19.97944620385584,24.12185359580253,0.6791701161542966
13.95,31.22138609246388,131.01339700944027,165.2756856926304,-0.4319956889486022,-0.4328249536941691,0.6422125691040377,0.202491689057323,-0.1017415252079139,0.0,24.19235857930612,10.301654822930349,-77.50372682886162,21.54853197108427,131.41012763248872,352.8274200259587,15.288,1.0,10.435211306157312,0.0712255239443254,-1.037984651185366e-06,-0.0927485207190196,0.02904511756416,0.0058618973306035,0.6115179195058128,19.97723068220441,24.12437124120001,0.6810221773218025
13.96,31.22138662777036,131.0133978876974,165.03998031794544,-0.4322222441151593,-0.4329453346732032,0.6424970800410965,0.2073441279906675,-0.1026347368277449,0.0,24.19491467662281,10.296335196246016,-77.55914742096094,21.567048143310192,131.39116425137607,352.9099966952475,15.288,1.0,10.43274324019951,0.0712328593641752,-1.0688462883326697e-06,-0.0923881455417413,0.0287155507963508,0.0058398704568986,0.6117631694439261,19.97513712568605,24.12690842965642,0.6828821087693292
13.97,31.221387164302328,131.0133987642306,164.8041978041391,-0.4324282973341522,-0.4329755481850581,0.642762260458278,0.2122080029933763,-0.103494652823961,0.0,24.197469950572906,10.291068431416695,-77.61430520135275,21.586184905704183,131.3715694418809,352.9925633704542,15.288,1.0,10.430257282725758,0.0712401922590741,-1.0995855289188728e-06,-0.0920277063730949,0.0283860190352805,0.0058178335655576,0.6119301415515913,19.973134522782924,24.129458957814677,0.684753023481477
13.98,31.221387702054464,131.01339963904584,164.56833856650775,-0.4326165563483352,-0.4329111766579161,0.6430078989383917,0.2170808670376571,-0.1043210622378434,0.0,24.20002439461194,10.28585404844275,-77.66920003542917,21.60594926209379,131.35133626370944,353.075119839846,15.288,1.0,10.427755702023347,0.0712475226100869,-1.130202081549388e-06,-0.0916672257537724,0.0280565788811618,0.0057957880798596,0.6120176550878617,19.97122736091293,24.13202351302088,0.6866339235410802
13.99,31.22138824102152,131.013400512149,164.33240301538035,-0.4328081433704955,-0.432724986640903,0.6432328251952635,0.2219538632685735,-0.1051085903066331,0.0,24.20257878478144,10.280691677167528,-77.7238318062402,21.626348111154392,131.3304578851348,353.1576887297758,15.288,1.0,10.425253311511128,0.0712548527023003,-1.160695645672816e-06,-0.0913067054575622,0.0277273134306114,0.0057737342973451,0.6120214386591827,19.969442771433016,24.13460714901539,0.6885200073961342
14.0,31.221388781198225,131.01340138354607,164.0963915640681,-0.4330022120884404,-0.4324170952056753,0.6434365412088345,0.2268249126808362,-0.1058573443530633,0.0,24.20513294571145,10.275580966682428,-77.77820041023814,21.647388175320824,131.30892765560543,353.24026490968714,15.288,1.0,10.422750115524725,0.0712621820197195,-1.1910658975671165e-06,-0.0909461433195167,0.0273983113881137,0.0057516720375448,0.611941092036396,19.96778075446712,24.13720967204062,0.6904099513542228
14.01,31.22138932257938,131.01340225324293,163.860304621908,-0.4331979192587941,-0.4319876699510999,0.6436185516454545,0.2316919398511027,-0.1065674456258842,0.0,24.207686704694247,10.270521568128732,-77.8323057573448,21.66907599199484,131.28673911454646,353.3228433238661,15.288,1.0,10.420246118363623,0.0712695100541986,-1.2213124899310876e-06,-0.0905855377949331,0.027069661379227,0.0057296011604365,0.6117762894375888,19.96624125711348,24.13983088306553,0.6923024017590762
14.02,31.221389865159768,131.01340312124546,163.6241425992313,-0.4333944252705295,-0.4314369285781677,0.6437783642153871,0.2365528737137406,-0.1072390291934653,0.0,24.210239891664585,10.265513134638558,-77.88614777129585,21.691417908829045,131.26388599598664,353.4054189913022,15.288,1.0,10.417741324435717,0.0712768363053732,-1.2514350523276307e-06,-0.090224887957156,0.0267414519137319,0.0057075215663212,0.6115267787407511,19.96482417390216,24.142470577832714,0.6941959764190696
14.03,31.221390408934223,131.01340398755957,163.3879059004067,-0.4335908941743113,-0.4307651391091623,0.6439154900608409,0.2414056485035173,-0.10787224396747,0.0,24.2127923391562,10.260555321276112,-77.93972638998373,21.71442007905372,131.24036223314093,353.48798700427324,15.288,1.0,10.415235738040485,0.0712841602805371,-1.2814331916341244e-06,-0.0898641934951453,0.0264137713488403,0.0056854331956683,0.611192380794242,19.96352934661435,24.145128546780363,0.6960892661780341
14.04,31.221390953897565,131.01340485219117,163.15159493775536,-0.4337864942261158,-0.4299726194440793,0.6440294441159488,0.2462482045343327,-0.1084672525903852,0.0,24.21534388228105,10.255647784979605,-77.9930415657971,21.73808845684838,131.21616196294735,353.5705425278672,15.288,1.0,10.412729363501512,0.0712914814945787,-1.31130649250366e-06,-0.0895034547108179,0.0260867078524686,0.0056633360289569,0.6107729886297688,19.962356564760555,24.14780457509126,0.6979808364197307
14.05,31.22139150004468,131.01340571514606,162.91521010869104,-0.433980398053116,-0.4290597373614425,0.6441197454716123,0.2510784890924581,-0.1090242314122001,0.0,24.21789435869313,10.25079018450362,-78.04609326596285,21.76242879276428,131.19127953055198,353.6530807991662,15.288,1.0,10.410222205046027,0.0712987994698704,-1.3410545178315736e-06,-0.089142672516113,0.0257603493666568,0.005641230086498,0.6102685667420845,19.961305565617653,24.15049844265638,0.6998692286608886
14.06,31.22139204737046,131.01340657643016,162.67875181758563,-0.4341717833162971,-0.4280269098778864,0.6441859177348768,0.2558944571707323,-0.1095433703359907,0.0,24.22044360857319,10.24598218036167,-78.09888147288198,21.78744662919955,131.16570949373954,353.7355971265039,15.288,1.0,10.4077142670217,0.0713061137362315,-1.370676809231552e-06,-0.0887818484298557,0.0254347835710571,0.0056191154282397,0.6096791502743777,19.96037603490393,24.15320992416023,0.7017529620907895
14.07,31.22139259586981,131.01340743604925,162.44222046781735,-0.4343598326917516,-0.4268746034310265,0.6442274893888281,0.2606940724105527,-0.1100248728278357,0.0,24.222991474585783,10.241223434770095,-78.1514061844677,21.813147295931824,131.1394466273063,353.81808688848844,15.288,1.0,10.405205553655756,0.071313423830796,-1.4001728875187613e-06,-0.0884209845742687,0.0251100978466972,0.0055969921535532,0.609004844328696,19.95956760663709,24.1559387890091,0.7036305352349431
14.08,31.221393145537668,131.01340829400922,162.20561645680257,-0.4345025341855269,-0.4256544514901706,0.6442454882946778,0.2654886159873113,-0.1104797111071546,0.0,24.225536130060235,10.236513549459646,-78.20366741516509,21.83953591636928,131.11248591648285,353.9004966881189,15.288,1.0,10.40266818719318,0.0713207243761297,-1.4295422555293068e-06,-0.0880600951743377,0.0247863650073017,0.0055748607445144,0.6082521607359817,19.958829065111143,24.15867510019809,0.7055084839838754
14.09,31.221393696368978,131.01340915031588,161.96894018991014,-0.4346338512561857,-0.4243238665821712,0.6442387062074103,0.2702657961686802,-0.1108998154794952,0.0,24.228078856125336,10.2318520835396,-78.25566520137284,21.86661748319373,131.08482247948513,353.98286391385113,15.288,1.0,10.400125509080835,0.0713280191442862,-1.4587844150436944e-06,-0.087699206360147,0.0244636435072165,0.005552723156559,0.6074157346955784,19.958202806276372,24.16142682830214,0.7073795870873534
14.1,31.22139424835871,131.013410004975,161.73219205760003,-0.4347597229069413,-0.422875099498068,0.6442064801879376,0.275021502560439,-0.1112837293015763,0.0,24.23061977674184,10.227238703390224,-78.30739959880455,21.89439681008876,131.05645161669287,354.06519215560854,15.288,1.0,10.397582058481122,0.0713353085005561,-1.4878988574347127e-06,-0.0873383224530336,0.024142019113153,0.0055305796960379,0.6064947933333218,19.95769662064968,24.1641953145006,0.7092410622588061
14.11,31.221394801501823,131.01341085799243,161.49537245629767,-0.4348793742254714,-0.4213087881306251,0.6441483573467827,0.2797537335196247,-0.1116317034277695,0.0,24.233158743816343,10.222673077922511,-78.35887067991565,21.922878482990622,131.02736886027628,354.14747705335265,15.288,1.0,10.395037839639274,0.0713425920092995,-1.51688505508169e-06,-0.0869774477165658,0.0238215779475593,0.0055084306034793,0.6054896832217578,19.957309963022904,24.166980310513065,0.7110913407579318
14.12,31.221395355793334,131.01341170937394,161.2584817834228,-0.4349920369641274,-0.4196256181874987,0.6440638911320637,0.2844604997261337,-0.1119440014350352,0.0,24.2356956116144,10.2181548775099,-78.41007853420315,21.95206685559767,130.997569978595,354.2297143139856,15.288,1.0,10.392492856800535,0.0713498692418214,-1.5457424618165955e-06,-0.0866165869834598,0.0235024056717986,0.0054862761566951,0.6044008177486182,19.95704223828368,24.16978156290825,0.7129288402231345
14.13,31.221395911228274,131.01341255912524,161.0215204314269,-0.4350969497964182,-0.417826322888292,0.6439526416640035,0.2891398250078835,-0.1122208995280106,0.0,24.23823023673192,10.213683773935427,-78.46102326852575,21.981966045278035,130.9670509801915,354.31189971036497,15.288,1.0,10.389947114173552,0.0713571397762925,-1.5744705134369572e-06,-0.086255745650817,0.0231845874508799,0.0054641166704811,0.6032286763634396,19.956892801758816,24.172598813122917,0.714751966350925
14.14,31.22139646780169,131.0134134072522,160.78448879176787,-0.4351933587160518,-0.4159116824639357,0.6438141760544039,0.293789747115326,-0.1124626864016253,0.0,24.24076247807207,10.209259440339933,-78.51170500742053,22.012579929062664,130.93580811769775,354.3940290806759,15.288,1.0,10.38740061599136,0.0713644031976804,-1.6030686282244528e-06,-0.0858949296751332,0.0228682079184337,0.0054419524963074,0.6019738037976434,19.956860959754955,24.17543179751733,0.7165591145407115
14.15,31.22139702550864,131.01341425376052,160.54738725391724,-0.4352805172320799,-0.413882523884527,0.643648068723401,0.2984083185518096,-0.112669663148548,0.0,24.243292196814927,10.204881551171132,-78.56212389341752,22.0439121397236,130.90383789165705,354.47609832766926,15.288,1.0,10.384853366438204,0.0713716590976586,-1.6315362074701676e-06,-0.0855341455670368,0.0225533511419978,0.0054197840219908,0.6006368093106733,19.956945969872432,24.17828024738768,0.7183486715699343
14.16,31.22139758434424,131.01341509865597,160.31021620635312,-0.4353576867224727,-0.4117397203645378,0.6434539017063041,0.3029936073480824,-0.1128421431218347,0.0,24.24581925639397,10.200549782132944,-78.61228008735331,22.075966061944705,130.8711370542517,354.5581034180952,15.288,1.0,10.38230536968614,0.0713789070745356,-1.659872636004315e-06,-0.0851734003858714,0.0222401005884922,0.0053976116713588,0.5992183659011147,19.95714704154068,24.181143889020223,0.7201190172320119
14.17,31.221398144303567,131.01341594194423,160.07297603755475,-0.4354241367485076,-0.4094841908963332,0.6432312649636562,0.3075436978404337,-0.1129804518001823,0.0,24.248343522471032,10.196263810136156,-78.66217376868094,22.10874482858804,130.83770261293515,354.6400403817453,15.288,1.0,10.3797566299072,0.0713861467331872,-1.6880772827322847e-06,-0.0848127017339963,0.0219285390900551,0.0053754359038894,0.597719209528933,19.95746333652613,24.184022443739444,0.7218685259776094
14.18,31.221398705381773,131.01341678363104,159.8356671330201,-0.43546053728822,-0.4071399620234698,0.6429803444191922,0.3120626152013544,-0.113089718217632,0.0,24.250864149379705,10.192023301259107,-78.71180513581038,22.142251317598085,130.80353183341515,354.7218844370828,15.288,1.0,10.377194574992744,0.0713933755843749,-1.71614950130578e-06,-0.0844520597004455,0.0216187464001691,0.0053532571804166,0.596142295525837,19.95787102009425,24.18691129190802,0.7235993943352046
14.19,31.221399267574007,131.01341762372215,159.59828987626113,-0.435454862035444,-0.4047220556278707,0.6427014905231405,0.3165528032084868,-0.1131737923059081,0.0,24.253380590112048,10.18782780477303,-78.7611744095375,22.17648820057175,130.76862218995987,354.803619528296,15.288,1.0,10.374611418565328,0.0714005920181189,-1.7440886412121431e-06,-0.0840915087195137,0.0213107721335463,0.0053310775743158,0.5944894661507711,19.958355203995765,24.189807526956752,0.7253131671248759
14.2,31.22139983087541,131.01341846222329,159.36084465178345,-0.4354366336268253,-0.4021940596032207,0.6423935358692968,0.32100310238537,-0.1132255163248657,0.0,24.255893882438563,10.183676968719556,-78.81028183575815,22.21145798153386,130.73297132573268,354.88527596501393,15.288,1.0,10.372027522054712,0.0714077990899415,-1.7718940558402531e-06,-0.0837310657409323,0.0210046874360002,0.0053088984003867,0.5927579684859013,19.95895218780964,24.1927179061252,0.7270023825371704
14.21,31.22140039528117,131.01341929914005,159.12333183912523,-0.4354051758525149,-0.3995570485272246,0.6420561006542386,0.3254116621302029,-0.1132452570668839,0.0,24.258403900243383,10.17957047483914,-78.85912768064054,22.24716291020163,130.69657714109957,354.96685001049093,15.288,1.0,10.36944288960034,0.0714149964289363,-1.7995650863852715e-06,-0.0833707402455181,0.0207005725585966,0.0052867202428103,0.5909487533233408,19.95966097158741,24.19564213452266,0.7286654064011903
14.22,31.221400960786468,131.01342013447817,158.88575182080615,-0.4353598219986213,-0.3968121403857188,0.6416888141767441,0.3297766515611834,-0.1132333923839444,0.0,24.26091051952264,10.17550800587586,-78.90771223033853,22.28360496922832,130.65943780647177,355.0483379880709,15.288,1.0,10.366857525391076,0.0714221836704158,-1.827101060596308e-06,-0.0830105422117161,0.0203985069682612,0.0052645437185622,0.5890628310681698,19.960480510289784,24.198579912552358,0.7303006061241073
14.23,31.22140152738653,131.01342096824325,158.64810497238997,-0.4352999148724397,-0.3939604963271167,0.6412913151102724,0.3340962603344506,-0.1131903110917443,0.0,24.26341361835127,10.171489245533358,-78.95603579127612,22.320785871073777,130.62155176533176,355.12973628029386,15.288,1.0,10.36427143350459,0.0714293604558129,-1.8545012933284344e-06,-0.0826504821087561,0.0200985693154751,0.0052423694769811,0.5871012709513128,19.961409714075376,24.201530935916686,0.7319063522954105
14.24,31.2214020950766,131.01342180044105,158.41039167540467,-0.4352248072784241,-0.3910033198292898,0.6408632517624406,0.3383686993095084,-0.1131164127541594,0.0,24.26591307686764,10.167513878430428,-79.00409869043035,22.358707054994724,130.58291773713995,355.2110413282589,15.288,1.0,10.361684618055603,0.0714365264326407,-1.881765087098044e-06,-0.0822905708896571,0.0198008374022927,0.0052201981993264,0.5850652001820205,19.962447449174523,24.204494895732736,0.7334810201813727
14.25,31.221402663851915,131.0134226310771,158.1726122984582,-0.4351338621620381,-0.3879418562609017,0.6404042823281352,0.3425922013088855,-0.1130121075451593,0.0,24.26840877724543,10.16358159005846,-79.05190127560972,22.39736968416295,130.54353472011292,355.29224963092224,15.288,1.0,10.359097083121783,0.0714436812544083,-1.9088917326423404e-06,-0.0819308199839778,0.0195053881508247,0.0051980305983225,0.5829558031212961,19.963592538370893,24.207471478572952,0.7350229912551582
14.26,31.221403233707743,131.01342346015707,157.93476722308023,-0.4350264530028762,-0.3847773921075742,0.639914075123539,0.3467650217879737,-0.1128778160417783,0.0,24.270900603676072,10.15969206673956,-79.09944391572968,22.43677464291252,130.50340199387216,355.3733577448557,15.288,1.0,10.356508832842572,0.0714508245805629,-1.9358805094815305e-06,-0.0815712412903921,0.0192122975721087,0.0051758674176948,0.5807743204204052,19.964843761816223,24.21046036656911,0.736530654644591
14.27,31.221403804639404,131.01342428768666,157.6968568208623,-0.4349019637465659,-0.3815112547484539,0.6393923088435746,0.3508854396400279,-0.1127139691296452,0.0,24.27338844233392,10.155844995585392,-79.1467270010813,22.476922534120625,130.46251912195993,355.45436228284245,15.288,1.0,10.35391987120914,0.0714579560763978,-1.962730686484828e-06,-0.0812118471690883,0.0189216407353807,0.0051537094316816,0.5785220481840178,19.9661998572974,24.21346123741252,0.7380024086658873
14.28,31.22140437664219,131.0134251136714,157.45888146240276,-0.4347551006513311,-0.3781506167242849,0.6388388042403851,0.3549532381747256,-0.1125222060826564,0.0,24.27587201172261,10.152040064457372,-79.1937509436003,22.51781367672756,130.4208859542152,355.5352549450987,15.288,1.0,10.351327036044015,0.0714650749136005,-1.989441522438772e-06,-0.0808526504339993,0.0186334917377607,0.005131557408694,0.576200609181201,19.96765373756817,24.21647268298787,0.7394376687427524
14.29,31.22140494971145,131.01342593811688,157.22084151631307,-0.4345452775519348,-0.3747463947028755,0.6382546922483376,0.3589799547663382,-0.1123136725519169,0.0,24.278349768174884,10.148276855327694,-79.24051617864744,22.55944813055364,130.37850260136625,355.6159904523792,15.288,1.0,10.348703202086844,0.071472176548212,-2.0160122720132216e-06,-0.0804936841277433,0.0183478992390449,0.0051094131370013,0.5738133546075961,19.96915472363933,24.219485161842982,0.7408441274270599
14.3,31.22140552384249,131.01342676102874,156.9827373521993,-0.4343168999092686,-0.3712443277226062,0.6376386796103596,0.3629502244208177,-0.1120777263436886,0.0,24.28082324129824,10.144554985024005,-79.28702316996488,22.601825779445424,130.3353693502764,355.69661354555814,15.288,1.0,10.346078659864716,0.0714792654836002,-2.042442201944121e-06,-0.080134978330377,0.0180649150714226,0.0050872788675077,0.5713588019992982,19.97075692448947,24.22250872670447,0.7422111343039361
14.31,31.22140609903069,131.01342758241256,156.74456933668702,-0.4340694157378202,-0.3676458760581126,0.6369904842852482,0.366862418430969,-0.1118148316360512,0.0,24.283292324572223,10.14087414400324,-79.33327240513887,22.644946246639226,130.29148675000545,355.77712104589006,15.288,1.0,10.34345341340784,0.0714863414065685,-2.068730575446359e-06,-0.0797765469342712,0.017784610533261,0.0050651554772917,0.5688384321997934,19.972458940536143,24.22554304169347,0.7435371326980065
14.32,31.221406675271407,131.01342840227383,156.50633783938397,-0.4338022848504466,-0.3639525373556935,0.6363098354313244,0.3707149344042867,-0.1115254615534694,0.0,24.285756913366527,10.1372340233058,-79.37926439425571,22.688808864934657,130.24685564203955,355.85750982835884,15.288,1.0,10.340827466796483,0.071493404009492,-2.094876647676296e-06,-0.079418404238568,0.0175070558513564,0.0050430438704755,0.566253777637131,19.974259333547444,24.228587766950863,0.7448205809668044
14.33,31.221407252560024,131.01342922061815,156.26804321995942,-0.4335149787235382,-0.3601658463618723,0.635596473599064,0.3745061970182675,-0.1112100980571221,0.0,24.288216904905845,10.133634314567718,-79.42499967013453,22.733412674898425,130.20147716198505,355.93777682119486,15.288,1.0,10.338200823985757,0.0715004529902017,-2.12087966630019e-06,-0.0790605649406689,0.0172323201528056,0.0050209449776894,0.5636064213962093,19.97615662695616,24.231642558644676,0.7460599538686725
14.34,31.221407830891955,131.0134300374511,156.02968584305404,-0.4332069809724508,-0.3562873738738023,0.6348501509201434,0.3782346585694157,-0.1108692316748593,0.0,24.290672198258555,10.130074709986076,-79.47047878855585,22.77875642322416,130.15535274110636,356.01791900515485,15.288,1.0,10.335573488993347,0.0715074880519614,-2.146738872063789e-06,-0.0787030441275748,0.0169604714373613,0.0049988597555182,0.5608979962432632,19.978149306947905,24.234707069123576,0.7472537437836126
14.35,31.22140841026264,131.01343085277813,155.79126607032669,-0.4328777874512568,-0.3523187261352426,0.6340706312869931,0.3818987996265316,-0.1105033613207438,0.0,24.293122694311865,10.126554902285593,-79.51570232848246,22.82483856125353,130.10848410770237,356.09793341282904,15.288,1.0,10.332945465836952,0.0715145089033943,-2.1724534993644367e-06,-0.078345857267024,0.0166915765503584,0.0049767891859373,0.5581301836315796,19.98023582310507,24.237780946986888,0.7484004619721013
14.36,31.221408990667488,131.0134316666048,155.55278426144952,-0.4325269062737157,-0.3482615443108079,0.6332576905182731,0.3854971296970223,-0.1101129941306607,0.0,24.29556829574482,10.12307458468627,-79.56067089227454,22.871657243661968,130.0608732883193,356.1778171282028,15.288,1.0,10.330316758421608,0.0715215152583964,-2.19802277682314e-06,-0.0779890201985237,0.0164257011561051,0.0049547342757455,0.5553047126974883,19.98241458897266,24.24086383714008,0.7494986398130411
14.37,31.221409572101983,131.0134324789366,155.3142407721198,-0.4321538583086037,-0.3441175033488833,0.6324111165186329,0.3890281877282992,-0.1096986451718347,0.0,24.298008907018406,10.119633450871437,-79.60538510589781,22.919210327311063,130.0125226087966,356.25756728613123,15.288,1.0,10.327687370752493,0.0715285068361135,-2.223445927858646e-06,-0.0776325491242421,0.0161629097117974,0.0049326960559844,0.552423359202584,19.984683983232674,24.24395538096348,0.7505468299153923
14.38,31.2214101545616,131.01343328977904,155.07563596499335,-0.4317581771146046,-0.339888311522462,0.6315307094360058,0.3924905427719572,-0.1092608372896641,0.0,24.300444434346662,10.1162311949581,-79.64984561912541,22.9674953702727,129.96343469514173,356.3371810715678,15.288,1.0,10.325057306772198,0.0715354833608551,-2.248722171261725e-06,-0.0772764605997135,0.0159032654420302,0.0049106755813453,0.5494879444644627,19.98704235020241,24.247055216355427,0.7515436073119168
14.39,31.22141073804184,131.0134340991376,154.83697019079926,-0.4312896199518035,-0.3356372957541767,0.6306178397187568,0.3958990225706966,-0.1088132471522011,0.0,24.30287310080593,10.1128674216337,-79.69405310682036,23.016509651914856,129.91361245300047,356.41660629983454,15.288,1.0,10.322392835108264,0.0715424396021345,-2.2738507257811992e-06,-0.0769207879166297,0.0156468100794453,0.0048886746324509,0.5464988589733732,19.989426575355107,24.25015161920722,0.7524993146839343
14.4,31.221411322538177,131.0134349070178,154.5982438082189,-0.4307974813733461,-0.3313046994761114,0.6296713500196783,0.3992371365980219,-0.1083441657031408,0.0,24.30529652181709,10.10954173110014,-79.73800827408931,23.06625026909988,129.8630589697898,356.49589027455903,15.288,1.0,10.319727438396496,0.0715493803158292,-2.298830827866557e-06,-0.0765655687108731,0.0153935791280969,0.0048666959528905,0.5434585590802856,19.99189629283712,24.253255591323352,0.7534021227183406
14.41,31.221411908046143,131.013435713425,154.35945716897783,-0.4302817192055071,-0.3268918500553854,0.6286910644494624,0.4025034246231782,-0.1078540386818137,0.0,24.307714620761008,10.106253820040868,-79.78171185233516,23.116714059870176,129.81177759220512,356.5750306810171,15.288,1.0,10.317061368478242,0.0715563052767883,-2.323661717767832e-06,-0.0762108203295659,0.0151436322330218,0.0048447406544224,0.540368976397535,19.99445022474336,24.25636684759877,0.7542505916550301
14.42,31.221412494561267,131.01343651836467,154.12061061983152,-0.429741938964298,-0.3224005573384025,0.6276768287343327,0.4056965731205669,-0.1073434113496151,0.0,24.310127310255712,10.10300338463888,-79.82516459731922,23.16789756342408,129.75977196680728,356.654024887818,15.288,1.0,10.314394629308993,0.0715632142281765,-2.34834263312856e-06,-0.0758565603936472,0.0148970277608067,0.0048228098648708,0.5372320767941057,19.99708661100089,24.2594850163786,0.7550433886419594
14.43,31.22141308207909,131.0134373218423,153.88170451847077,-0.4291777594567157,-0.3178326607484209,0.6266285012550331,0.4088153010224127,-0.1068128352904103,0.0,24.31253450457663,10.099790121406164,-79.86836728931605,23.219797019952303,129.70704604008813,356.7328703108817,15.288,1.0,10.311727224780848,0.0715701069180441,-2.3728728095468014e-06,-0.0755028068149862,0.0146538227435647,0.0048009047317199,0.5340498666996488,19.999803661088,24.26260972301888,0.75577920765125
14.44,31.2214136705952,131.01343812386327,153.64273920767755,-0.428588813007238,-0.3131900283481107,0.6255459531411317,0.4118583602014999,-0.1062628681565865,0.0,24.31493611963964,10.09661372715872,-79.9113207332575,23.27240837067296,129.65360405833823,356.8115644133299,15.288,1.0,10.30905915878591,0.0715769830992688,-2.397251481138015e-06,-0.075149577786499,0.0144140728566949,0.0047790264214862,0.5308243918540861,20.002599555006185,24.265740590016787,0.7564567704158509
14.45,31.221414260105124,131.013438924433,153.4037150342104,-0.4279747455652596,-0.3084745560317703,0.624429068372161,0.4148245359768176,-0.1056940734425139,0.0,24.317332072981543,10.093473898993183,-79.95402575887043,23.32572725805249,129.59945056732923,356.89010470483043,15.288,1.0,10.306390435203596,0.071583842529501,-2.4214778810970964e-06,-0.0747968917721981,0.0141778323971935,0.0047571761190805,0.5275577360010265,20.00547244412119,24.26887723711798,0.7570748273700417
14.46,31.221414850604507,131.0134397235569,153.1646323458228,-0.4273352168064771,-0.303688166707606,0.6232777438709821,0.4177126476038702,-0.1051070202544047,0.0,24.319722283740266,10.090370334264568,-79.99648322080259,23.379749026214306,129.5445904118093,356.9684887408928,15.288,1.0,10.303721057887977,0.0715906849711088,-2.445551242259584e-06,-0.0744447674971017,0.0139451542626272,0.004735355027159,0.5242520195400481,20.008420452014175,24.27201928142522,0.7576321585571038
14.47,31.22141544208894,131.0134405212403,152.9254914862932,-0.4266699002467442,-0.2988328094452706,0.6220918895781457,0.4205215487444437,-0.1045022830728953,0.0,24.322106672635783,10.087302730564405,-80.03869399873962,23.43446872153901,129.48902873480748,357.0467141225782,15.288,1.0,10.30105103066776,0.0715975101911166,-2.4694707976620245e-06,-0.0740932239370493,0.0137160899307186,0.0047135643654741,0.5209093981159503,20.011441675366225,24.27516633751317,0.7581275744917743
14.48,31.221416034554068,131.01344131748863,152.68629279840695,-0.4259748782728321,-0.2939149146772607,0.6208715162119192,0.4232512696650199,-0.1038813668503187,0.0,24.324485046484675,10.08427078570098,-80.0806589975123,23.48988109345592,129.4327709767474,357.1247751052915,15.288,1.0,10.298377921246328,0.0716043176212534,-2.493235781100527e-06,-0.0737422803084247,0.01349068943956,0.004691805347941,0.5175316244839829,20.014529737324985,24.27831720213073,0.7585607525406448
14.49,31.22141662799552,131.01344211230725,152.44703662495053,-0.4252061773980151,-0.2889904608425785,0.6196179258802899,0.4259151454684965,-0.1032565372184835,0.0,24.32685594261517,10.08127409031256,-80.1223791485787,23.54598062417961,129.3758228451839,357.2026286608962,15.288,1.0,10.295672098374387,0.0716111029562526,-2.5168454329589453e-06,-0.0733919756298451,0.0132689772216923,0.0046700802060735,0.5141150129528875,20.01762880148213,24.281461619652703,0.7589413664374838
14.5,31.221417222408927,131.01344290570148,152.207723301753,-0.4244111131802671,-0.2840026303079103,0.6183301885641027,0.4284975926092631,-0.1026165981919521,0.0,24.3292208207984,10.078312261478516,-80.16385541475773,23.60276162821999,129.318190213741,357.28031757429807,15.288,1.0,10.292965628798523,0.0716178704936811,-2.5402990172921546e-06,-0.073042347429155,0.0130509783454397,0.004648391641352,0.5106670263510468,20.02079561231253,24.284609974629166,0.7592579108485742
14.51,31.221417817789973,131.01344369767662,151.96835317160256,-0.4235894349091971,-0.2789534444120186,0.6170082623349978,0.4309975985287143,-0.1019621371227188,0.0,24.33157960747189,10.075384998466168,-80.20508878575104,23.66021816301564,129.25987921279844,357.3578396110688,15.288,1.0,10.290258516384068,0.0716246200174,-2.563595806014025e-06,-0.0726934153365972,0.0128367387241982,0.0046267409203277,0.5071899208373013,20.024028192537862,24.28776187599733,0.7595093173449581
14.52,31.22141841413432,131.01344448823804,151.7289265733124,-0.4227409063288095,-0.2738449460938808,0.6156521183086673,0.4334141866934776,-0.1012937450893339,0.0,24.33393223058273,10.072492000444068,-80.24608027652796,23.71834399632668,129.20089626252923,357.43519258027686,15.288,1.0,10.287550764880775,0.0716313513157148,-2.586735073726353e-06,-0.0723451991665516,0.0126263027767111,0.0046051293223678,0.5036859811290257,20.027324542668342,24.290916930810187,0.7596945509870009
14.53,31.22141901143766,131.013445277391,151.4894438347625,-0.4218653055763946,-0.2686791991576217,0.6142617407003813,0.4357464170203276,-0.1006120166830742,0.0,24.33627861956096,10.069632966743107,-80.28683092736945,23.77713260793044,129.14124807111423,357.51237433362587,15.288,1.0,10.28484237814113,0.0716380641812996,-2.6097160982560186e-06,-0.0719977189070496,0.0124197134103054,0.0045835581389775,0.5001575187751919,20.030682641768813,24.294074744325407,0.7598126110662753
14.54,31.221419609695705,131.01344606514084,151.24990529377357,-0.4209624249604431,-0.2634582877261849,0.6128371268518038,0.4379933863327433,-0.0999175498311673,0.0,24.33861870529312,10.06680759684306,-80.32734180390031,23.836577191512585,129.08094163276235,357.5893827649032,15.288,1.0,10.282133359927723,0.0716447584111151,-2.6325381611895664e-06,-0.0716509947091314,0.0122170120049108,0.0045620286731153,0.496606870318298,20.03410044803131,24.297234920064625,0.7598625318328713
14.55,31.22142020890416,131.0134468514928,151.0103112851856,-0.4200320711504836,-0.2581843151678444,0.6113782872499874,0.4401542286717119,-0.0992109455140349,0.0,24.340952420108955,10.064015590358656,-80.36761399710971,23.896670656755187,129.01998422553476,357.6662158095001,15.288,1.0,10.279423714003157,0.0716514338063712,-2.655200548405324e-06,-0.0713050468762674,0.0120182383976021,0.0045405422385101,0.4930363954516631,20.03757589987365,24.300397059968827,0.7598433831047728
14.56,31.221420809058763,131.01344763645216,150.7706621398629,-0.4190740652079625,-0.2528594032054303,0.6098852455420237,0.44222811563746,-0.0984928075190221,0.0,24.34327969776352,10.061256647027406,-80.40764862335693,23.957405631621583,128.95838340897288,357.74287144376467,15.288,1.0,10.276713444117174,0.0716580901724789,-2.6777025506029544e-06,-0.0709598958536771,0.0118234308678823,0.0045191001589709,0.4894484750557738,20.04110691685452,24.30356076452032,0.7597542708817716
14.57,31.22142141015529,131.01344842002416,150.5309581837016,-0.4180882426308467,-0.2474856909963367,0.6083580385270588,0.444214256708866,-0.0977637421872467,0.0,24.345600473419967,10.05853046669848,-80.44744682436678,24.018774464838582,128.8961470215307,357.81934768491044,15.288,1.0,10.27400255400669,0.0716647273189897,-2.700043463829376e-06,-0.0706155622175898,0.0116326261236613,0.0044977037676987,0.4858455091574717,20.04469140061688,24.306725632870062,0.7595943379135702
14.58,31.221422012189475,131.01344920221405,150.29119975154347,-0.4170577179271139,-0.2420860053852147,0.6067971149249469,0.4461172499375468,-0.097028696498366,0.0,24.347914180948283,10.05583674001302,-80.48700976722525,24.080769228914264,128.8332831774673,357.89562781201533,15.288,1.0,10.27127972382642,0.0716713435798367,-2.722222590080284e-06,-0.0702720680804275,0.0114458575417228,0.0044763544043641,0.4822258174569636,20.048306591659077,24.30988751328966,0.7593667804936235
14.59,31.221422615157103,131.01344998302704,150.0513871653102,-0.4159642679561389,-0.2366848534711975,0.6052033588579888,0.4479429113827128,-0.0962935773774846,0.0,24.350220229786647,10.053175026654172,-80.52633864698957,24.14338178257401,128.76980020350166,357.9716943783373,15.288,1.0,10.268532569926329,0.0716779372170476,-2.744239248069285e-06,-0.0699294609579335,0.0112631257091678,0.0044550550251703,0.4785864685372876,20.051928046609028,24.3130419656814,0.7590760241735778
14.6,31.221423219053943,131.01345076246835,149.81152075189402,-0.4148429252235711,-0.2312409979214489,0.6035762080132477,0.4496797125944283,-0.0955501980426275,0.0,24.35251962187265,10.0505449839032,-80.56543468946496,24.20660384057153,128.70570656802647,358.04757675694844,15.288,1.0,10.26578479902832,0.0716845111803845,-2.7660927839020285e-06,-0.0695877716303028,0.0110844503659948,0.0044338078133884,0.4749380141959589,20.055596983598416,24.31619646946793,0.7587133339705084
14.61,31.221423823875792,131.0134515405432,149.5716008381878,-0.4136936032452349,-0.2257566139319852,0.6019157469491119,0.4513270087786698,-0.09479916593935,0.0,24.354812297431728,10.047946312669932,-80.60429914615713,24.270426868124208,128.641010988136,358.1232731114892,15.288,1.0,10.263036414852532,0.0716910652943047,-2.7877825532665845e-06,-0.0692470208352576,0.0109098621243893,0.0044126141172615,0.4712828878980885,20.059311267419567,24.31935062319844,0.7582779946307325
14.62,31.221424429618448,131.0134523172567,149.33162774114575,-0.4125162298721118,-0.220233889729624,0.6002220730488544,0.4528841939680622,-0.0940410894467687,0.0,24.357098198017848,10.045378713967049,-80.6429332934892,24.334842068776943,128.57572244190007,358.1987816440709,15.288,1.0,10.260287421080095,0.0716975993871762,-2.8093079194761985e-06,-0.0689072293727352,0.0107393899830933,0.0043914752899794,0.4676235323559102,20.063068749434027,24.32250402470297,0.7577693294304678
14.63,31.221425036277736,131.01345309261407,149.0916017876628,-0.4113107473854603,-0.214675025513718,0.598495296482793,0.4543507012153596,-0.0932765775984613,0.0,24.359377266500136,10.042841888904688,-80.68133843270823,24.399840387970208,128.5098501647178,358.2741005947531,15.288,1.0,10.257537821418143,0.0717041132912425,-2.8306682539608727e-06,-0.068568418094147,0.0105730613173629,0.0043703926889817,0.4639623970054065,20.066867268648032,24.32565627124528,0.7571867005801125
14.64,31.221425643849503,131.01345386662044,148.85152329370035,-0.4100771123927286,-0.2090822326325238,0.5967355401599314,0.455726002830841,-0.0925062398522304,0.0,24.36164944704423,10.040335538686112,-80.71951588977323,24.46541251679613,128.44340364548398,358.3492282411396,15.288,1.0,10.254787619534792,0.0717106068425645,-2.8518629367547106e-06,-0.0682306078916188,0.0104109018696474,0.0043493676752607,0.4603019353215821,20.0707046525525,24.3288069596336,0.7565295096410576
14.65,31.22142625232957,131.01345463928092,148.61139258019116,-0.4088152957959129,-0.2034577326596905,0.5949429396718938,0.4570096105796414,-0.091730685840857,0.0,24.363914685095565,10.037859364603667,-80.75746701523154,24.5315488959428,128.3763926225687,358.4241628980323,15.288,1.0,10.252036819046134,0.0717170798809684,-2.872891356978674e-06,-0.0678938196872899,0.0102529357408995,0.0043284016126687,0.4566446020361954,20.074578718062,24.33195568634899,0.7557971978992938
14.66,31.221426861713816,131.01345541060064,148.3712099640926,-0.4075252829243002,-0.1978037562560808,0.593117643234005,0.4582010758057529,-0.090950525077634,0.0,24.36617292736868,10.03541306803654,-80.7951931840769,24.59823971982353,128.308827079613,358.49890291690554,15.288,1.0,10.24928542362028,0.0717235322500199,-2.89375291331904e-06,-0.0675580744225625,0.0100991853826624,0.0043074958672178,0.4529928502864579,20.078487272666543,24.335102047713463,0.7549892466763398
14.67,31.221427471998105,131.01345618058474,148.13097575739303,-0.4062070733364861,-0.1921225424316906,0.5912598116128718,0.4592999896431853,-0.0901663667459189,0.0,24.3684241218264,10.032996350448848,-80.83269579559578,24.665474940889727,128.24071724114268,358.5734466856367,15.288,1.0,10.246533436860307,0.0717299637969553,-2.9144470145007524e-06,-0.0672233930473868,0.0099496715898364,0.0042866518063871,0.4493491285345136,20.082428115183586,24.3382456399851,0.7541051776820513
14.68,31.221428083178328,131.0134569492383,147.89069027903935,-0.4048215528089945,-0.1864646369325588,0.5893705765528033,0.4603186932546737,-0.0893891295013669,0.0,24.37066711815177,10.030608859131355,-80.86997627358451,24.733244283646297,128.1720735583577,358.64776026601186,15.288,1.0,10.243754340309584,0.0717363711361712,-2.934973081421317e-06,-0.0668898059249304,0.0098044018871923,0.0042658712064237,0.4457005405828747,20.086350780033243,24.34137737317731,0.7531542951738949
14.69,31.221428695250363,131.01345771656636,147.65035384102197,-0.4033948334154049,-0.1808000880316079,0.5874500073256218,0.4612493921465147,-0.088613367007107,0.0,24.372902618668068,10.028250158272662,-80.90703607066625,24.801537360536983,128.10290659176,358.72186423911705,15.288,1.0,10.24096561705603,0.0717427563354284,-2.955330565420781e-06,-0.0665573615462019,0.0096633597686991,0.0042451573272548,0.4420582804731668,20.09028522286417,24.34450265438399,0.7521308673859481
14.7,31.22142930821012,131.013458482574,147.40996675135514,-0.4019403467653903,-0.1751146253336027,0.5854980473807528,0.4620875951353702,-0.0878362776852598,0.0,24.375130953099152,10.025919944688043,-80.94387666638093,24.87034363995056,128.03322704359317,358.7957682265937,15.288,1.0,10.238176305725824,0.0717491203657053,-2.9755189417640086e-06,-0.0662260823720421,0.0095265591158792,0.0042245117026467,0.438429779237922,20.09424573650115,24.347624054899256,0.7510313713436118
14.71,31.221429922053503,131.01345924726627,147.16952932501297,-0.4004581694841495,-0.1694104866057638,0.5835149019895206,0.4628330445632202,-0.0870584598475901,0.0,24.377352073866145,10.02361792095853,-80.98049956362051,24.939652371226444,127.96304583380952,358.8694707459894,15.288,1.0,10.235386409929053,0.071755463087364,-2.995537697515074e-06,-0.0658959890128966,0.00939401437081,0.0042039356826466,0.4348174227664875,20.098230120647425,24.350741175632365,0.749855481685994
14.72,31.221430536776424,131.01346001064817,146.929041866036,-0.3989483920089992,-0.1636899134287524,0.5815007883156899,0.4634855226569605,-0.0862805098467229,0.0,24.37956593456753,10.021343789788297,-81.01690628832577,25.00945258821608,127.89237409646248,358.9429703489303,15.288,1.0,10.232595933209936,0.0717617843642369,-3.015386331750415e-06,-0.0655671020194906,0.0092657383118795,0.0041834306143315,0.4312235779973999,20.10223617089739,24.35385361807032,0.7486029140363902
14.73,31.221431152374823,131.01346077272476,146.68850468542325,-0.397411118734279,-0.1579551499877559,0.5794559353002018,0.4640448515171198,-0.0855030217723018,0.0,24.38177248997093,10.019097254008958,-81.05309838923017,25.079733114547256,127.82122317437668,359.0162656211753,15.288,1.0,10.229804879191748,0.0717680840635957,-3.035064355986693e-06,-0.0652394418724213,0.0091417420506702,0.0041629978411339,0.4276505893698297,20.106261679952286,24.356960984459587,0.7472734251305689
14.74,31.221431768844663,131.01346153350093,146.44791808224738,-0.3958464675846287,-0.1522084425573192,0.5773805835587642,0.464510893267752,-0.0847265872940546,0.0,24.383971695988773,10.016878016583346,-81.08907743758587,25.150482569049867,127.74960461365872,359.0893551819272,15.288,1.0,10.22701325133965,0.0717743620560796,-3.054571294603484e-06,-0.0649130289717979,0.0090220350295559,0.0041426387021629,0.4241007749059819,20.1103044381421,24.360062877862717,0.7458668130635396
14.75,31.221432386181885,131.0134622929818,146.20728236850283,-0.394254570401169,-0.146452037979665,0.57527498526941,0.464883549929118,-0.0839517952947551,0.0,24.386163509676948,10.014685780611144,-81.12484502687742,25.221689371340723,127.67753015804972,359.16223768334083,15.288,1.0,10.224221053276915,0.0717806182157026,-3.073906685259027e-06,-0.0645878836269273,0.008906625020021,0.0041223545315279,0.4205764225375679,20.114362234952072,24.36315890239604,0.7443829173245656
14.76,31.221433004382483,131.01346305117218,145.96659784226975,-0.3926355723683307,-0.1406881833223667,0.5731394040401587,0.4651627635761005,-0.0831792317496065,0.0,24.3883478892071,10.012520249335209,-81.1604027725154,25.29334174755857,127.60501174312932,359.2349118105176,15.288,1.0,10.221428288455533,0.0717868524197535,-3.0930700793003736e-06,-0.0642640260460392,0.0087955181217141,0.0041021466576733,0.4170797858694863,20.11843285937009,24.3662486632558,0.7428216190147661
14.77,31.221433623442422,131.01346380807712,145.72586480958077,-0.3909718369516078,-0.1349410798695215,0.5709744794132564,0.4653542254166812,-0.0824141118299325,0.0,24.39052432370225,10.010381115653942,-81.19575231153237,25.365427736706845,127.5320614899078,359.30736242850986,15.288,1.0,10.218622909075016,0.07179306316489,-3.112061042260948e-06,-0.0639414779158995,0.0086887168028954,0.0040820164255132,0.4136034208005091,20.12249216039229,24.36932784803845,0.7411872213436461
14.78,31.221434243357702,131.01346456370152,145.48508356553543,-0.3892460632383072,-0.1292345249346059,0.5687812590678406,0.4654643439279241,-0.0816621979810895,0.0,24.39269232627405,10.008267935686195,-81.2308953048024,25.437935265125745,127.45869162948443,359.37957510269047,15.288,1.0,10.215792930539276,0.0717992490183955,-3.130879165129456e-06,-0.0636202869738825,0.008586189606248,0.0040619668494003,0.4101387609530003,20.126516387952137,24.372392231780907,0.7394848820051384
14.79,31.22143486412432,131.0134653180503,145.2442544111977,-0.3874940480285121,-0.1235268212642344,0.5665595120350699,0.4654821499338365,-0.0809151161436569,0.0,24.394852805659045,10.006180369813116,-81.26583343924224,25.510852225011064,127.384914423645,359.45157652050176,15.288,1.0,10.212962388533493,0.071805412655544,-3.149524074876445e-06,-0.0633004829670792,0.0084879254149481,0.0040420000290048,0.4067066266831479,20.130547244952886,24.375449272980457,0.7377062888473872
14.8,31.221435485738283,131.01346607112828,145.00337764365725,-0.3857160104768747,-0.1178201810190522,0.5643095414978719,0.4654077359907749,-0.0801734310078802,0.0,24.39700572399317,10.004118122741252,-81.30056842271738,25.58416635868124,127.310742282019,359.5233654829943,15.288,1.0,10.210131286540909,0.0718115539652934,-3.1679954158767587e-06,-0.062982085331883,0.0083939239763894,0.0040221172471488,0.4033090949735258,20.13458255498468,24.37849858627961,0.735851478482698
14.81,31.2214361081956,131.01346682294044,144.76245355602768,-0.3839121826188619,-0.1121168118238383,0.5620316611650654,0.4652412339503455,-0.0794377027196462,0.0,24.399151044470663,10.002080899396407,-81.33510198301155,25.65786524815928,127.2361877726457,359.5949408219443,15.288,1.0,10.207299628044758,0.0718176728397217,-3.1862928478261547e-06,-0.0626651133380966,0.008304183390646,0.0040023197767083,0.3999481908136937,20.13862014588473,24.38153978809138,0.7339205287583784
14.82,31.22143673149229,131.0134675734915,144.5214824473877,-0.3820828092418381,-0.1064189158492588,0.5597261951186439,0.4649828148620233,-0.0787084866476563,0.0,24.4012887313306,10.000068404934597,-81.3694358674204,25.73193632164256,127.16126361545255,359.66630139959693,15.288,1.0,10.204467416528274,0.0718237691739845,-3.2044160460975284e-06,-0.0623495860792209,0.0082187001136251,0.0039826088799761,0.3966258827824097,20.142657850654665,24.38457249673009,0.7319135587549729
14.83,31.22143735562439,131.0134683227865,144.2804646088645,-0.3802281476534491,-0.1007286890198143,0.5573934776555031,0.4646326888913924,-0.0779863331789292,0.0,24.403418749841336,9.998080344753724,-81.40357184232862,25.806366860089568,127.08598267561815,359.737446108463,15.288,1.0,10.201634655407965,0.0718298428662639,-3.22236470208974e-06,-0.0620355224628775,0.0081374689608643,0.0039629858080349,0.3933440785288477,20.14669350825083,24.38759633252029,0.7298307287871868
14.84,31.221437980587968,131.01346907083015,144.0394003315869,-0.3783484677196669,-0.0950483198845939,0.5550338531311364,0.4641911051331622,-0.077271787445719,0.0,24.40554106629198,9.996116424505894,-81.43751169276953,25.88114400392101,127.01035795682196,359.80837387089025,15.288,1.0,10.198801348153715,0.0718358938177475,-3.2401385235694084e-06,-0.0617229412013323,0.0080604831120187,0.0039434518001322,0.3901046203586881,20.15072496471104,24.3906109179656,0.7276722403262328
14.85,31.22143860637908,131.01346981762725,143.79828990568976,-0.3764440514854917,-0.0893799890029661,0.5526476757996857,0.4636583515394049,-0.0765653891615218,0.0,24.40765564797313,9.994176350109996,-81.4712572219725,25.95625475983308,126.93440259438384,359.879083638596,15.288,1.0,10.19596749812866,0.0718419219325703,-3.2577372350051057e-06,-0.0614118608021338,0.0079877341160207,0.0039240080830638,0.3869092805560915,20.15475007376612,24.393615877826,0.7254383359986485
14.86,31.22143923299381,131.01347056318258,143.55713362130885,-0.374510689399141,-0.0837314220117205,0.5502353886041519,0.4630361897928253,-0.0758688370701011,0.0,24.40976235156695,9.99225982776587,-81.50481025089017,26.03168600771132,126.85812984830396,359.9495711009766,15.288,1.0,10.193130060227762,0.0718479267893026,-3.275160577894208e-06,-0.0611022995588301,0.0079192118969609,0.0039046558527102,0.3837565734396048,20.158761146876145,24.39660985523516,0.723130400666843
14.87,31.22143986042824,131.0134713075009,143.3159317636111,-0.3725037893714955,-0.0781601467536669,0.5477984806666436,0.4623399297229966,-0.0751947892304299,0.0,24.41186004538968,9.990366443770032,-81.53817261900399,26.107424545302248,126.78155305813164,360.019802793567,15.288,1.0,10.19025851404728,0.0718539050573586,-3.29240831697e-06,-0.0607942969398975,0.007854878396307,0.0038853975017436,0.3806152855091009,20.16270071969825,24.39958268205529,0.7207604611549925
14.88,31.22144048867843,131.01347205058704,143.07468462074587,-0.3704734158307023,-0.0726069630672434,0.5453367483758198,0.4615546805524763,-0.0745313559425685,0.0,24.413949941402155,9.9884958191882,-81.57134618792396,26.183457218308856,126.70468551149136,360.08981437194905,15.288,1.0,10.187386428358383,0.0718598603044594,-3.3094802581391294e-06,-0.0604878893344339,0.0077946974539188,0.0038662356016869,0.3775211907349997,20.16662799107357,24.402544869366096,0.71831734998373
14.89,31.221441117740493,131.01347279244567,142.83339247688735,-0.3684199193627397,-0.067073984463082,0.5428505790470746,0.460680874485813,-0.0738790458515925,0.0,24.416032010401555,9.98664766218036,-81.60433283668726,26.259770810895816,126.62754055486056,360.15960489100974,15.288,1.0,10.1845138066082,0.0718657924450595,-3.3263762308746966e-06,-0.0601830940713855,0.0077386544937939,0.0038471713070352,0.374475759388088,20.17054088123019,24.405496055966243,0.715801461792793
14.9,31.221441747610523,131.01347353308148,142.59205561422257,-0.3663436620134373,-0.0615633119241744,0.5403403687821575,0.4597189810590834,-0.0732383606512135,0.0,24.418106224136697,9.984821681109905,-81.63713445977669,26.336352011437885,126.55013162824412,360.2291734334644,15.288,1.0,10.1816406521357,0.0718717013964174,-3.343096082582536e-06,-0.0598799282141569,0.0076867333644856,0.0038282057558409,0.3714803742114481,20.174437322572647,24.40843588357387,0.7132132311956342
14.91,31.22144237828464,131.0134742724992,142.3506743169274,-0.3642450169930678,-0.0560770331871331,0.5378065222881347,0.4586695069324888,-0.072609794907684,0.0,24.42017255529096,9.983017584733016,-81.66975296657206,26.413187419767944,126.4724722578882,360.2985191096845,15.288,1.0,10.178766968279865,0.0718775870785379,-3.359639678874865e-06,-0.0595784085520666,0.0076389163481741,0.0038093400691505,0.3685363261495762,20.178315260395014,24.41136399692247,0.7105531326522221
14.92,31.221443009758943,131.01347501070353,142.10924886221997,-0.3621243685502283,-0.0506172218158482,0.5352494527043435,0.4575329956117104,-0.071993835843014,0.0,24.422230977471816,9.981235082216118,-81.70219028078571,26.490263554491783,126.39457604892932,360.367641056895,15.288,1.0,10.175892758420224,0.0718834494141531,-3.376006903835572e-06,-0.0592785515919549,0.007595184170369,0.0037905753504431,0.3656448103382858,20.182172653799583,24.41428004389596,0.7078216802932188
14.93,31.221443642029616,131.0134757476991,141.86777953229029,-0.3599821116023022,-0.0451859365787981,0.532669581398795,0.4563100272285247,-0.0713909631821292,0.0,24.42428146519457,9.979473883154288,-81.73444833988793,26.567566860367133,126.31645667798033,360.43653843938193,15.288,1.0,10.1730180258552,0.0718892883286589,-3.3921976602768763e-06,-0.058980373549888,0.0075555160103141,0.0037719126850862,0.3628069220292125,20.18600747631118,24.41718367561025,0.7050194277613465
14.94,31.221444275092768,131.0134764834905,141.6262666053516,-0.3578186517013028,-0.0397852204139366,0.5300673377890288,0.4550012181984069,-0.070801648917205,0.0,24.426323993874067,9.977733697589407,-81.76652909451438,26.64508371573653,126.23812788566384,360.5052104477117,15.288,1.0,10.17014277391026,0.0718951037501038,-3.4082118699880982e-06,-0.0586838903430602,0.0075198895119635,0.0037533531397934,0.3600236529598478,20.189817716904116,24.420074546567587,0.7021469679790534
14.95,31.22144490894456,131.01347721808247,141.38471035266147,-0.3556344046950464,-0.0344170997724965,0.5274431591412844,0.4536072209568388,-0.0702263571519566,0.0,24.428358539809928,9.97601423602981,-81.79843450786385,26.722800440013813,126.159603469094,360.5736562986282,15.288,1.0,10.167267005843255,0.0719008956091374,-3.4240494739755075e-06,-0.0583891175817944,0.007488280795657,0.0037348977620951,0.3572958876718132,20.1936013806489,24.422952314744894,0.6992049329545371
14.96,31.221445543581165,131.0134779514795,141.14311105541697,-0.3533756582010761,-0.0291503193937102,0.5247986334231196,0.4521465360989578,-0.0696800041933162,0.0,24.430383835979672,9.974315107227872,-81.83016655599715,26.80070333056948,126.08089724465908,360.6418385007756,15.288,1.0,10.164353951271089,0.071906660176907,-3.4397104371433577e-06,-0.0580960885319671,0.0074606423340737,0.0037165485401389,0.3545759243869795,20.197289791102992,24.42580491471436,0.6962078703472409
14.97,31.22144617899873,131.01347868368623,140.90146898587025,-0.3510967728267239,-0.0239203927067943,0.5221336956832172,0.4506033581835792,-0.0691496209870894,0.0,24.432401120055747,9.9726359138743,-81.86172723140167,26.878778807566444,126.00202290176432,360.7097935038757,15.288,1.0,10.16143999921636,0.0719124010967184,-3.4551947677307723e-06,-0.0578048407600217,0.0074369194079682,0.0036983081208975,0.3519106732032027,20.20094742839982,24.428643713664965,0.693144034567702
14.98,31.221446815193463,131.01347941470715,140.65978441229913,-0.3487987772515697,-0.01872857310144,0.5194487924108606,0.4489782582298449,-0.0686354950684345,0.0,24.434410383558635,9.970976369845587,-81.89311853880433,26.95701331436219,125.92299410354094,360.7775209743365,15.288,1.0,10.15852553428599,0.0719181183440178,-3.4705025014081654e-06,-0.0575153886790634,0.0074170839284802,0.003680177479203,0.3493012197652958,20.20457306965244,24.43146850622764,0.6900140255701298
14.99,31.22144745216151,131.01348014454695,140.41805761192677,-0.3464821479018551,-0.0135767866965042,0.516744385222624,0.4472720193670294,-0.0681380494179865,0.0,24.43641160584829,9.969336188652967,-81.92434249270424,27.035393268229544,125.84382453669008,360.8450202192971,15.288,1.0,10.155610559766243,0.0719238118584652,-3.485633693607494e-06,-0.057227746307278,0.0074011064069371,0.0036621575629888,0.3467480435482949,20.208164819167884,24.434278969200992,0.6868186170644007
15.0,31.22144808989908,131.01348087320997,140.17628884806203,-0.3441473702988208,-0.0084669392955088,0.5140209423439625,0.4454854585007378,-0.0676576978324853,0.0,24.43840476711772,9.96771508441148,-81.95540111670569,27.113905067867734,125.76452790394823,360.9122905706979,15.288,1.0,10.152695078915997,0.0719294815821678,-3.500588419701308e-06,-0.0569419273026792,0.0073889559179181,0.0036442492974852,0.3442515078868366,20.211720801099197,24.437074783408104,0.683558620002542
15.01,31.22144872840236,131.01348160070083,139.9344783929599,-0.3417949388078732,-0.0034009156473994,0.5112789384119618,0.4436194259239015,-0.0671948447656675,0.0,24.44038984838139,9.96611277186153,-81.98629644284044,27.19253510095321,125.68511791651376,360.97933138467727,15.288,1.0,10.14977909495304,0.0719351274596523,-3.5153667751760767e-06,-0.0566579449562142,0.0073806001144169,0.0036264535847538,0.3418118580225999,20.21523916017381,24.439855633801034,0.6802348822897843
15.02,31.221449367667567,131.01348232702392,139.6926265129125,-0.3394253565481253,0.0016194214785172,0.5085188542627643,0.441674804863072,-0.066749885131325,0.0,24.44236683146752,9.964528966392068,-82.01703051088063,27.271269751696725,125.60560828646912,361.0461420415148,15.288,1.0,10.14686261114994,0.0719407494378383,-3.529968875796608e-06,-0.0563758121850606,0.0073760052435617,0.0036087713032402,0.3394292196653377,20.21871806260689,24.442621209598485,0.6768482884344115
15.03,31.221450007690937,131.01348305218377,139.45073347222464,-0.3370391348510132,0.0065922316629961,0.5057411767323652,0.4396525111512781,-0.0663232042267677,0.0,24.44433569900053,9.96296338406273,-82.04760536763939,27.35009540840033,125.52601271920403,361.11272194497246,15.288,1.0,10.143945630628652,0.0719463474659907,-3.544394857761375e-06,-0.0560955415260968,0.0073751361629153,0.0035912033073324,0.3371035974859521,20.22215569646061,24.44537120432641,0.6733997592984183
15.04,31.2214506484687,131.01348377618484,139.20879953321375,-0.3346340343847043,0.0115122980697059,0.5029464387790022,0.4375543742926521,-0.0659158932947265,0.0,24.44629637478556,9.96141574162735,-82.07802306626472,27.428998471012218,125.44634490584244,361.1790687609373,15.288,1.0,10.141026287466511,0.0719519213202506,-3.558644877848606e-06,-0.0558171451295311,0.0073779563573666,0.0035737504182212,0.3348320003651677,20.225546875065103,24.44810472232548,0.6698909282353036
15.05,31.22145128999709,131.01348449903148,138.966824964162,-0.3321606530698357,0.0163163014753878,0.5001361848223329,0.4353979476814559,-0.0655417751317056,0.0,24.448247775048223,9.959885638976724,-82.10828566659843,27.50796539654665,125.36661847744324,361.2451503786973,15.288,1.0,10.138070629635743,0.0719574678111983,-3.5727191190592755e-06,-0.0555406554369318,0.007384402481706,0.0035564146101486,0.3325611495038012,20.228828346793307,24.450810733656024,0.66633572656828
15.06,31.22145193227235,131.0134852207281,138.72481002241835,-0.3296725704940073,0.0210678430033121,0.497310458129047,0.4331679103879955,-0.065187945817019,0.0,24.450191040028365,9.958372697097367,-82.13839523831953,27.586982846536017,125.28684685621138,361.3110004051479,15.288,1.0,10.135114478323564,0.0719629902952732,-3.58661780952024e-06,-0.0552661043453956,0.0073944100339693,0.0035391981481441,0.3303450511905468,20.23206369810041,24.4535003689941,0.6627228671430221
15.07,31.221452575290726,131.01348594127913,138.4827549683143,-0.3271703501145352,0.0257652054038079,0.4944697625669379,0.4308652944349727,-0.064854743207055,0.0,24.452126155057165,9.956876636463452,-82.16835385649662,27.666037570416584,125.20704337332262,361.3766183247,15.288,1.0,10.132157836747725,0.0719684887297023,-3.600341204801168e-06,-0.0549935025302531,0.0074079388325497,0.0035221017690467,0.3281832972417231,20.235251238588543,24.456173343921503,0.6590534012946089
15.08,31.22145321904847,131.01348666068887,138.24066006019396,-0.3246545631400269,0.0304066982645676,0.4916146066776023,0.4284911613500082,-0.0645424941920267,0.0,24.454053106239154,9.955397177831788,-82.19816359936839,27.745116361876804,125.127221313058,361.44200364459135,15.288,1.0,10.129200708056633,0.0719739630739911,-3.6138895812023287e-06,-0.0547228602405186,0.0074249474158929,0.0035051261825806,0.3260753636382147,20.23838930410208,24.45882937900935,0.6553284141637536
15.09,31.22145386354184,131.01348737896177,137.99852555739673,-0.3221257874983829,0.0349906577234225,0.4887455034881587,0.426046601910145,-0.064251514769105,0.0,24.45597188042001,9.953934042808786,-82.22782654759416,27.8242060661881,125.04739390546264,361.50715589426494,15.288,1.0,10.126243095384828,0.0719794132898216,-3.627263235839869e-06,-0.0544541872935619,0.0074453930619587,0.0034882720709933,0.3240206107622229,20.241476256433632,24.461468199740768,0.6515490245017637
15.1,31.22145450876712,131.01348809610195,137.75635171628005,-0.3195846075909892,0.0395154471424958,0.4858629703063273,0.4235327356221864,-0.0639821099180904,0.0,24.4578824651775,9.952486953875905,-82.25734478350147,27.903293587499206,124.9675743190424,361.5720746247964,15.288,1.0,10.12328500186684,0.0719848393410327,-3.6404624867223258e-06,-0.0541874930700146,0.007469231808146,0.003471540088705,0.3220182848516412,20.244510483985596,24.464089536607744,0.6477163842671193
15.11,31.221455154720594,131.01348881211388,137.51413879022027,-0.3170316140265962,0.0439794577445841,0.4829675285076655,0.4209507101990353,-0.0637345734881036,0.0,24.459784848811143,9.951055634414883,-82.28672039032595,27.98236589608413,124.88777565350814,361.6367594086405,15.288,1.0,10.120326430637212,0.0719902411935891,-3.6534876728173377e-06,-0.0539227865089369,0.0074964184716414,0.0034549308619789,0.3200675198394268,20.24749040239502,24.466693125200727,0.6438316782106838
15.12,31.22145580139856,131.01348952700172,137.2718870325947,-0.314467403269094,0.0483811091360869,0.4800597033144686,0.4183017010467797,-0.0635091881085013,0.0,24.461679020330404,9.94963980873349,-82.31595545144751,28.061410035542497,124.80801093256918,361.7012098396094,15.288,1.0,10.117367384775,0.0719956188155392,-3.666339154109475e-06,-0.0536600761030782,0.0075269066703913,0.0034384449885986,0.318167339518891,20.250414455045306,24.469278706278995,0.6398961234600551
15.13,31.221456448797326,131.01349024076978,137.02959669379902,-0.3118779661003429,0.0527008497061798,0.4771402319325666,0.4155916134855294,-0.0633100440224518,0.0,24.463564676108064,9.94823919555195,-82.34505204962508,28.14041313011064,124.72829309661564,361.7654168564748,15.288,1.0,10.114397957163604,0.0720009713136493,-3.6790173116825807e-06,-0.053399370814331,0.0075606477116531,0.0034220830554775,0.3162992536632366,20.253263127744464,24.471842905054523,0.6359145790137964
15.14,31.221457096913184,131.01349095342232,136.78726802919965,-0.3092369881887406,0.0569039943646748,0.4742104322969527,0.41283112939512,-0.0631450780008427,0.0,24.46544127876161,9.94685336787836,-82.37401226806887,28.21936246355497,124.64863492317942,361.82936448059394,15.288,1.0,10.111399734894574,0.0720062971067074,-3.691522557656335e-06,-0.0531407061903403,0.0075975584482832,0.0034058473216998,0.3144289236018189,20.256001785222228,24.474379735824968,0.6318958588032094
15.15,31.221457745742462,131.01349166496348,136.54490128422367,-0.3065869806524496,0.0610406696572357,0.4712704806269144,0.4100084892136576,-0.063003970352348,0.0,24.46730966736093,9.945481994485874,-82.40283819234871,28.298245595922808,124.56904890922442,361.89307744515867,15.288,1.0,10.108401041176124,0.0720115986646593,-3.703855348955226e-06,-0.0528841022786121,0.0076375731223377,0.0033897392456135,0.312604389757867,20.258680535800888,24.476897911515437,0.627831448254823
15.16,31.22145839528148,131.0134923753975,136.30249670827516,-0.3039285827648737,0.0651094417957411,0.468320910487303,0.4071249634154668,-0.0628869500191547,0.0,24.469169833301127,9.944124804652132,-82.4315319055518,28.377050219034167,124.48954741703892,361.9565554152181,15.288,1.0,10.10540187908494,0.0720168759625768,-3.7160161668361694e-06,-0.0526295654567641,0.007680641128379,0.0033737592903991,0.310824360484791,20.261297967203102,24.47939719830119,0.6237226783743023
15.17,31.22145904552654,131.01349308472845,136.0600545487707,-0.3012624381089855,0.0691089080832345,0.4653622579864857,0.4041818468242592,-0.0627942338533367,0.0,24.47102176864369,9.94278152874612,-82.46009548678097,28.45576413572737,124.4101426952402,362.0197980759439,15.288,1.0,10.102402251669607,0.0720221289774866,-3.7280055133657807e-06,-0.0523771016195293,0.0077267107931918,0.0033579078883009,0.3090874532847587,20.263852697522104,24.481877367908048,0.6195709097962694
15.18,31.221459696474,131.0134937929606,135.81757505014508,-0.2985891943294033,0.0730376974950221,0.4623950615781349,0.401180458001175,-0.0627260265332492,0.0,24.472865466108143,9.941451898254847,-82.48853101037065,28.53437526654852,124.33084687208722,362.0828051319149,15.288,1.0,10.09940216197872,0.0720273576883574,-3.7398239114066624e-06,-0.0521267161754879,0.0077757293991992,0.0033421854403924,0.3073921988810426,20.26634337579252,24.48433819769525,0.6153775322990997
15.19,31.221460348120186,131.01349450009803,135.57505845584035,-0.2959095027808775,0.0768944711171745,0.4594198618408691,0.3981221386558073,-0.0626825205116273,0.0,24.47470091906144,9.940135645810212,-82.51684054510515,28.61287165636057,124.25167194887476,362.14557630725295,15.288,1.0,10.09640161301872,0.0720325620760579,-3.7514719045949006e-06,-0.0518784140440091,0.0078276432082975,0.003326592316364,0.3057370454382878,20.268768682419225,24.48677947071377,0.6111439643156493
15.2,31.221461000461467,131.01349520614482,135.33250500929907,-0.29322401829882,0.0806779227247395,0.4564372012777562,0.3950082530077835,-0.062663895937648,0.0,24.47652812150996,9.93883250521565,-82.54502615343453,28.691241480866093,124.17262979341568,362.2081113450382,15.288,1.0,10.093400607796044,0.0720377421233421,-3.7629500573078577e-06,-0.0516321996524216,0.0078823974860788,0.0033111288543175,0.3041203631736443,20.27112732974608,24.48920097578909,0.6068716524180516
15.21,31.2214616534942,131.01349591110505,135.08991495495832,-0.2905333988667248,0.0843867792166899,0.4534476240982573,0.3918401871725648,-0.0626703206111245,0.0,24.47834706808936,9.937542211473136,-82.57308989069294,28.76947305304256,124.09373213361138,362.2704100074144,15.288,1.0,10.090399149289045,0.0720428978148095,-3.7742589546228153e-06,-0.0513880769334121,0.0079399365264302,0.0032957953605831,0.3025404490792234,20.273418062481984,24.491602507579397,0.6025620708020761
15.22,31.22146230721476,131.01349661498276,134.84728852830992,-0.2878031913902409,0.0879765540545087,0.4504522038947457,0.3886308024795839,-0.0627112526536113,0.0,24.480157101515907,9.93626445950344,-82.60103380447026,28.847554836042068,124.01499054450396,362.332452758212,15.288,1.0,10.087373386116283,0.0720480272163901,-3.785399203198525e-06,-0.0511460561192481,0.0080001953081835,0.0032805924580397,0.30094930792646,20.275596453478983,24.49397642088089,0.5982255342585637
15.23,31.22146296161953,131.01349731778205,134.60462597081033,-0.2850474969509397,0.0914625948704603,0.4474518115997112,0.3853781778328212,-0.0627841158042363,0.0,24.481958483249866,9.934998820653988,-82.62885993701877,28.925475587254017,123.93641630307208,362.394247253722,15.288,1.0,10.0843322462825,0.0720531310979925,-3.7963714491239098e-06,-0.0509061719456824,0.0080630771048054,0.0032655224655989,0.2993616755057964,20.277677852244043,24.49632538795429,0.5938613549061168
15.24,31.22146361670487,131.01349801950684,134.3619275219288,-0.2822890368376582,0.0948708954438423,0.444446786089786,0.3820768124539457,-0.062883397421153,0.0,24.483751622727528,9.933745019118788,-82.65657032419315,29.00322436058103,123.85802038603144,362.455805534554,15.288,1.0,10.081290656345196,0.0720582106650306,-3.8071763762473057e-06,-0.050668430587015,0.0081285188441737,0.0032505858894098,0.2978044900519839,20.279688242182967,24.49865390132621,0.5894658242440645
15.25,31.221464272467177,131.0134987201612,134.1191934111951,-0.2795285008303289,0.0982003468657147,0.441437671306259,0.378728163137786,-0.0630092073431584,0.0,24.48553651665785,9.93250279602632,-82.68416699149739,29.08079038016984,123.77981359724076,362.5171274253655,15.288,1.0,10.078248619235817,0.0720632659082027,-3.817814689157784e-06,-0.0504328336769259,0.0081964615560456,0.0032357828886194,0.2962759092327084,20.28162652937308,24.500961783520506,0.5850405109152932
15.26,31.22146492890284,131.01349941974905,133.87642388404365,-0.2767665802524093,0.1014498753909469,0.4384250116398437,0.3753337047990812,-0.063161642442922,0.0,24.48731316234072,9.931271893873166,-82.71165195318449,29.15816304080789,123.70180656736296,362.5782127682703,15.288,1.0,10.075206137914249,0.072068296819952,-3.828287112430637e-06,-0.0501993823282356,0.0082668454472063,0.003221113588808,0.2947740441615182,20.283491654230435,24.503248863175717,0.5805870080062836
15.27,31.221465586008254,131.01350011827435,133.63361916503513,-0.2740039675421092,0.1046184426664065,0.4354093517175839,0.3718949298398705,-0.0633407866407585,0.0,24.48908155765529,9.93005205655068,-82.73902721149123,29.23533191364064,123.62400974816224,362.6390614230537,15.288,1.0,10.072163215283467,0.0720733033944195,-3.838594390516136e-06,-0.0499680771317728,0.008339609927985,0.0032065780819012,0.2932969644182,20.28528259173225,24.505514975069204,0.5761069324838913
15.28,31.22146624377984,131.01350081574108,133.3907794916535,-0.2712413560738352,0.1077050462536457,0.4323912362141369,0.3684133474313363,-0.0635467108611158,0.0,24.490841701054165,9.928843029371697,-82.76629475587657,29.31228675177743,123.54643340691192,362.69967326657536,15.288,1.0,10.069119854274913,0.0720782856274367,-3.848737287619494e-06,-0.0497389181555445,0.0084146936389781,0.0031921764260943,0.2918427034775448,20.28699835193409,24.507759960193468,0.5716019245783015
15.29,31.221466902214004,131.013501512153,133.1479050954193,-0.2684794398336244,0.1107087199539727,0.4293712096473059,0.3648904828330484,-0.06377947303023,0.0,24.492593591554247,9.927644559097503,-82.79345656226495,29.38901749578824,123.46908762091402,362.760048192744,15.288,1.0,10.066076057834252,0.0720832435164932,-3.858716587571836e-06,-0.0495119049440306,0.0084920344781894,0.00317790864579,0.2904092639385446,20.288637980289742,24.509983665798,0.5670736471712822
15.3,31.221467561307207,131.0135022075141,132.90499620188916,-0.2657122989612344,0.1136203896514445,0.4263498895780588,0.3613300002595896,-0.064040842986809,0.0,24.494337114308493,9.926456393482995,-82.82051459229811,29.46551427908352,123.39198227213572,362.8201827224884,15.288,1.0,10.063027341603576,0.072088176723971,-3.868533093692783e-06,-0.0492870365790198,0.0085715695529623,0.0031637747207043,0.2889853391009168,20.29019242296874,24.512184551682367,0.5625254012053847
15.31,31.221468221055886,131.01350290182828,132.6620530455667,-0.2628961017603986,0.1163843363186974,0.4233286786492527,0.3577484692139645,-0.0643430487628448,0.0,24.496071510110404,9.925278143556108,-82.84747079371915,29.54176748666164,123.3151269880595,362.8800542849347,15.288,1.0,10.059943352703288,0.0720930830158741,-3.878187635597529e-06,-0.0490643358722608,0.0086532054239505,0.0031497760710641,0.2875057895123011,20.291606035967813,24.51435310633692,0.5579705774643992
15.32,31.22146888145645,131.01350359509922,132.419075850022,-0.26008305565355,0.1190631380184192,0.4203078421220954,0.354131501711447,-0.0646731482273689,0.0,24.49779767884752,9.924109473133027,-82.87432710279144,29.61776791475392,123.23853098086232,362.9396894605709,15.288,1.0,10.056858931408966,0.0720979650410097,-3.887681087683084e-06,-0.0488438195390217,0.0087368548530871,0.0031359139400831,0.2860404329911082,20.292941333887704,24.5165000593728,0.5533989688781288
15.33,31.22146954250536,131.01350428733085,132.17606484280185,-0.2572738763646753,0.1216560040623122,0.4172879169944768,0.350480670023395,-0.0650311393257244,0.0,24.49951562135609,9.92295013612338,-82.90108544009543,29.69350661965996,123.16220319985943,362.9990881986081,15.288,1.0,10.05377408061784,0.0721028228022164,-3.897014348928506e-06,-0.0486254847321786,0.0088224534092159,0.0031221881983737,0.2845872999874141,20.29419753450924,24.51862528742846,0.5488123129191245
15.34,31.22147020419905,131.01350497852687,131.93302024946613,-0.2544692783744794,0.1241621810942345,0.4142694389038436,0.3467975585429712,-0.0654170066895215,0.0,24.50122533899725,9.921799888051982,-82.92774770875394,29.768974873667087,123.08615237599504,363.0582504639335,15.288,1.0,10.05068880315507,0.07210765630388,-3.906188336792294e-06,-0.0484093280644956,0.0089099360784253,0.0031085986815857,0.2831444145438018,20.295373892062585,24.52072867353141,0.5442123660716356
15.35,31.22147086653401,131.01350566869115,131.68994228961034,-0.2516699747825236,0.1265809535406318,0.4112529419299048,0.3430837630181652,-0.0658307216256752,0.0,24.50292683365232,9.920658486085143,-82.95431579372239,29.84416416971916,123.01038701719575,363.1171762373339,15.288,1.0,10.04760310188906,0.0721124655519119,-3.915203987016649e-06,-0.0481953456095397,0.0089992372923408,0.0030951451904517,0.2817097991886557,20.29646969767604,24.522810107164297,0.5396009030778797
15.36,31.22147152950668,131.0135063578273,131.44683118978935,-0.2488766768299645,0.1289116436287065,0.4082389584239725,0.3393408898887915,-0.0662722422000575,0.0,24.504620107711343,9.9195256890556,-82.98079156108713,29.91906622596052,122.93491540384974,363.1758655147314,15.288,1.0,10.044516979616152,0.0721172505537252,-3.92406225342324e-06,-0.0479835329028176,0.0090902909566224,0.0030818274908374,0.2802814792589723,20.29748427939474,24.52486948425625,0.534979716262056
15.37,31.221472193113552,131.01350704593915,131.20368717258236,-0.2460900937631933,0.1311536118034564,0.4052280188129557,0.3355705555111404,-0.0667415132381044,0.0,24.50630516406856,9.918401257488656,-83.0071768573744,29.99367299015733,122.85974558440964,363.2343183074857,15.288,1.0,10.041430439175915,0.0721220113182115,-3.9327641077010165e-06,-0.0477738849431404,0.0091830304796462,0.0030686453138165,0.2788574875505489,20.29841700259733,24.526906707243874,0.5303506147318401
15.38,31.22147285735112,131.01350773303042,130.9605104536109,-0.2433109323800971,0.1333062567379723,0.4022206514305814,0.3317743854813036,-0.0672384664149725,0.0,24.507982006112087,9.917284953627274,-83.03347350887103,30.067976643994992,122.78488537111998,363.29253464170574,15.288,1.0,10.038343483350276,0.0721267478557195,-3.94131053918571e-06,-0.0475663961942299,0.0092773888013387,0.0030555983557525,0.2774358684088908,20.299267270007533,24.5289216850625,0.5257154236510236
15.39,31.221473522215863,131.01350841910468,130.7173012554559,-0.2404957503044346,0.1353146653747426,0.3992179863859903,0.3279685192520263,-0.0677748041488259,0.0,24.509649936834908,9.916176476642384,-83.05968332124166,30.14196962222457,122.710342320786,363.35049377769496,15.288,1.0,10.035226085092123,0.0721314581153392,-3.9497025565640985e-06,-0.0473610714588352,0.0093732850388405,0.0030426868898796,0.2759495552597445,20.299980245475027,24.530905095009444,0.5210871082188305
15.4,31.22147418770431,131.01350910416562,130.47405979175193,-0.2376752397300262,0.1372152389906434,0.3962207240216128,0.3241459032834547,-0.068343368844075,0.0,24.51130945337245,9.915075432168155,-83.0858080820687,30.21564478656021,122.63612355965806,363.40821037731416,15.288,1.0,10.032098419642848,0.0721361435605181,-3.957941208129382e-06,-0.0471579351876107,0.0094706130599481,0.0030299126007437,0.2744402182562906,20.30059228446321,24.53286315210814,0.5164612713695144
15.41,31.22147485381293,131.0135097882169,130.2307862830928,-0.2348646483006217,0.1390254051765116,0.3932292660795254,0.3203035688124433,-0.0689403022264825,0.0,24.51296079323315,9.913981582661355,-83.11184955888761,30.28899537043156,122.56223583917796,363.4656914088538,15.288,1.0,10.028970341910492,0.0721408048906131,-3.96602757337553e-06,-0.0469569819007086,0.0095693025441537,0.0030172752169482,0.2729273860358442,20.301120792128977,24.534798831382204,0.5118362991880397
15.42,31.22147552053828,131.01351047126207,129.98748094112668,-0.2320646928234524,0.1407447450931908,0.3902441255797992,0.3164431600646691,-0.069565475407242,0.0,24.514603961362592,9.91289469863728,-83.1378094961885,30.362014862305127,122.48868565358698,363.52293694624535,15.288,1.0,10.025841854552311,0.0721454421205485,-3.9739627483562e-06,-0.0467582036300231,0.0096692852342304,0.0030047742777902,0.2714092787740507,20.301565350298407,24.536712071989285,0.5072140637540441
15.43,31.221476187876807,131.0135111533048,129.74414398048418,-0.2292760862133507,0.1423728789094059,0.3872658123200854,0.3125663262613258,-0.070218746209873,0.0,24.51623896317072,9.911814552485607,-83.1636896147537,30.434697007029072,122.41547923862711,363.5799470775136,15.288,1.0,10.022712960356962,0.0721500552666139,-3.98174784516435e-06,-0.0465615918668993,0.0097704925715167,0.0029924092874163,0.2698841458177851,20.30192557891358,24.538602819678648,0.5025964484790195
15.44,31.221476855825088,131.01351183434852,129.50077561480273,-0.226499536953973,0.1439094655897252,0.3842948327106732,0.3086747209618093,-0.070899959320809,0.0,24.517865804520653,9.910740918494527,-83.18949161105178,30.507035809263847,122.34262256814078,363.6367219044511,15.288,1.0,10.019583662083896,0.0721546443464317,-3.989383991650927e-06,-0.0463671375652139,0.0098728557253378,0.0029801797150042,0.2683502685764291,20.302201135826724,24.540471026746665,0.4979853472148227
15.45,31.22147752437965,131.0135125143969,129.25737605473847,-0.2237357487331707,0.1453542028797988,0.3813316896102294,0.3047700013529742,-0.0716089464034985,0.0,24.519484491720736,9.90967357287384,-83.21521715664385,30.579025536788446,122.27012135079556,363.69326154243,15.288,1.0,10.01645396241957,0.0721592093789326,-3.996872331136417e-06,-0.0461748311447927,0.0099763056223627,0.0029680849949674,0.2668059635145483,20.30239171679165,24.542316652026543,0.49338266328551045
15.46,31.221478193537063,131.01351319345335,129.01394550995374,-0.2209854202749995,0.1467068275131476,0.3783768821660661,0.3008538274748753,-0.0723455261669017,0.0,24.52109503151921,9.908612293777631,-83.24086789760668,30.65066072368296,122.1979810269336,363.749566120126,15.288,1.0,10.01332386406504,0.0721637503843424,-4.00421402211522e-06,-0.0459846624950272,0.0100807729760487,0.0029561245271715,0.265249585276013,20.302497055677147,24.54413966091548,0.48879030843538723
15.47,31.22147886329384,131.0135138715214,128.7704841911053,-0.218217802597185,0.1479284111508104,0.375431266126685,0.2969381250178199,-0.0731178431506664,0.0,24.522696970413342,9.907556829289303,-83.26644545404294,30.721936177769063,122.1262067611328,363.8056221104405,15.288,1.0,10.010171988276165,0.0721682660284069,-4.011410238521023e-06,-0.0457966260882502,0.0101861820271398,0.002944297950351,0.2636317856181093,20.302478278888536,24.545933485084426,0.48421803421763393
15.48,31.221479533646576,131.01351454860455,128.526992302887,-0.2154372889607755,0.1490233315653856,0.372495809544438,0.2930243736766003,-0.0739255417639571,0.0,24.524290384653384,9.906506783356477,-83.29195142199247,30.79284712713413,122.05480329472448,363.861431701594,15.288,1.0,10.007000656598516,0.0721727565358962,-4.018462186400237e-06,-0.0456107441668033,0.0102924220391895,0.0029326067525882,0.261956244751576,20.302339754079807,24.547698888443517,0.4796680075029235
15.49,31.221480204591806,131.01351522470625,128.28347005396918,-0.2126726933967711,0.1500260721111036,0.3695708349557059,0.2891053717067355,-0.0747611998353311,0.0,24.525875698281784,9.905461915958927,-83.31738737328517,30.86338925514192,121.98377491062465,363.91700740399847,15.288,1.0,10.00382892922916,0.0721772231550966,-4.025371106339645e-06,-0.0454270108280871,0.0103994161556461,0.0029210506536861,0.2602640840762529,20.302115907379086,24.549441711652143,0.4751355122492589
15.5,31.221480876126098,131.01351589982994,128.0399176520282,-0.2099247147511351,0.1509365536995525,0.3666568199465851,0.2851827721652464,-0.0756245767664269,0.0,24.527452919393568,9.904422014436966,-83.3427548520488,30.93355853652772,121.9131255984468,363.9723493878057,15.288,1.0,10.000656808830104,0.0721816659101945,-4.0321382536342266e-06,-0.0452454135664908,0.010507094919724,0.0029096288982622,0.2585539153938103,20.30180665348008,24.55116195038413,0.47062247477601254
15.51,31.221481548246047,131.01351657397893,127.79633529778349,-0.2071940452364297,0.1517547359390991,0.3637542373525756,0.2812582267989298,-0.0765154191828004,0.0,24.52902205649247,9.903386868218863,-83.36805537402347,31.00335122943992,121.84285906256848,364.027457835884,15.288,1.0,9.997484298078136,0.0721860848265723,-4.038764896781904e-06,-0.0450659393500754,0.0106153888302938,0.0028983406965715,0.2568243989102858,20.30141194492365,24.55285960680032,0.4661308235965005
15.52,31.22148222094823,131.01351724715667,127.55272319593077,-0.2044813700560436,0.1524806169649283,0.3608635551258799,0.2773333853498907,-0.0774334610968861,0.0,24.53058311848288,9.902356268840933,-83.39329042607785,31.07276387778153,121.77297871982582,364.08233294311,15.288,1.0,9.99431139960568,0.0721904799307964,-4.0452523171337725e-06,-0.0448885746256856,0.0107242283711643,0.0028871852248179,0.2550742451477554,20.30093177193964,24.554534689513783,0.46166248812867927
15.53,31.22148289422924,131.01351791936645,127.30908154917856,-0.2017873671856221,0.1531142334386559,0.3579852361778542,0.2734098948148205,-0.0783784240362722,0.0,24.53213611466397,9.901330009967792,-83.41846146573934,31.14179331343669,121.70348769732357,364.13697491671246,15.288,1.0,9.991138116045155,0.0721948512505868,-4.051601808538969e-06,-0.0447133053242892,0.0108335440403093,0.0028761616254888,0.2533022169434499,20.30036616245857,24.556187213583907,0.4572193972901576
15.54,31.22148356808569,131.0135185906117,127.06541055427162,-0.1991127070477812,0.1536556604002075,0.3551197382519538,0.2694893987417056,-0.0793500172068182,0.0,24.533681054722525,9.900307887411383,-83.4435699207435,31.21043665838108,121.63438883036125,364.1913839755501,15.288,1.0,9.987964449999412,0.072199198814809,-4.05781467698396e-06,-0.0445401168665498,0.0109432663790148,0.0028652690076969,0.2515071311835382,20.2997151819759,24.55781720048595,0.45280347807964605
15.55,31.221484242514205,131.0135192608957,126.82171041690148,-0.1964316146977813,0.1540724720370147,0.3522677809302376,0.2655821492630425,-0.0803549357764807,0.0,24.53521759299999,9.899289676984866,-83.46861718863249,31.27869132892868,121.56568465820952,364.2455497881328,15.288,1.0,9.984772424028078,0.0722035216065965,-4.0638922405155246e-06,-0.0443689975877928,0.0110533217929097,0.0028545066261307,0.2496469765227315,20.29894644729534,24.559419211146142,0.4484232188372199
15.56,31.2214849175114,131.01351993022172,126.57798132983812,-0.1937376062102892,0.1543560354437304,0.3494303785493877,0.2616930853666433,-0.0813955503408928,0.0,24.536745657215903,9.898274998299028,-83.493604638375,31.34655516900756,121.49737729001852,364.2994701374545,15.288,1.0,9.981556994467502,0.0722078194136024,-4.06983584398443e-06,-0.0441999652606509,0.0111635999467881,0.0028438756612887,0.2477094163199643,20.2980513294289,24.560991817236484,0.4440834335991138
15.57,31.221485593073886,131.01352059859306,126.33422349579206,-0.1910653027125995,0.1545483567742506,0.3466078213820555,0.2578131522909038,-0.082462853791631,0.0,24.538265719983183,9.897263617934495,-83.51853361094594,31.4140265245152,121.42946833005728,364.353158987694,15.288,1.0,9.978341185330343,0.072212093627011,-4.075646865942271e-06,-0.0440330120012567,0.0112740216064529,0.0028333757059284,0.2457459174537934,20.297071754916043,24.562542089657956,0.43977804128088016
15.58,31.22148626919831,131.0135212660129,126.09043710455244,-0.1884153652942031,0.1546496922705296,0.3438005399399322,0.2539439612857601,-0.0835564987796867,0.0,24.539777792141944,9.896255341703904,-83.54340541593484,31.481104059131187,121.36195906317192,364.4066165937002,15.288,1.0,9.975124999253072,0.0722163442790748,-4.08132669705748e-06,-0.0438681209309894,0.01138451816883,0.0028230057195978,0.2437555968329019,20.296007967332645,24.564070079501303,0.43550893816868136
15.59,31.221486945881285,131.0135219324845,125.8466223568424,-0.1857884457822731,0.1546603353849549,0.3410089586334448,0.2500871161433448,-0.084676126079329,0.0,24.541281884889656,9.895249977692702,-83.56822133091059,31.54778673871761,121.294850470537,364.4598432211888,15.288,1.0,9.97190843875232,0.0722205714030994,-4.086876737851848e-06,-0.0437052746742439,0.0114950212403423,0.0028127646292589,0.2417376306910771,20.29486024670577,24.565575844059428,0.43127800993902266
15.6,31.22148762311948,131.01352259801112,125.60277944344656,-0.183185186785201,0.1545806169558215,0.3382334956332594,0.2462442124083708,-0.0858213646927518,0.0,24.542778009778782,9.894247336275772,-83.59298260107502,31.61407383265229,121.22814322836228,364.51283914711,15.288,1.0,9.96869150643459,0.0722247750334261,-4.092298398294275e-06,-0.0435444553653746,0.0116054626652858,0.0028026513297271,0.2396912563631816,20.29362890970507,24.567059446852586,0.42708712969444446
15.61,31.22148830090953,131.01352326259584,125.35890855713714,-0.1806062212322918,0.154410904745729,0.3354745627675323,0.2424168367583155,-0.0869918320945094,0.0,24.544266178708,9.893247230132754,-83.61769043893567,31.67996491506206,121.16183770669936,364.5656046587527,15.288,1.0,9.965474204861454,0.0722289552054216,-4.097593097390506e-06,-0.0433856446559118,0.0117157745539658,0.0027926646841203,0.2376157732218135,20.29231430919905,24.568520957547094,0.42293815606910434
15.62,31.221488979248143,131.01352392624187,125.11500988869967,-0.1780521719855297,0.1541516030430901,0.3327325653866449,0.2386065663665079,-0.0881871344615974,0.0,24.545746403914247,9.892249474263853,-83.64234602399574,31.74545986595069,121.09593396835469,364.6181400541528,15.288,1.0,9.962256536459662,0.0722331119554393,-4.102762262768865e-06,-0.0432288237219197,0.0118258893107391,0.0027828035243266,0.2355105436621204,20.290916833874498,24.569960451884803,0.41883293121069237
15.63,31.221489658131965,131.01352458895235,124.87108363090717,-0.1754943535304394,0.1537670965789917,0.3300081823103906,0.2348245359121398,-0.0894146415924405,0.0,24.547218337966825,9.891253858949373,-83.66695050250861,31.81055887550723,121.0304317646016,364.67043494496977,15.288,1.0,9.959018567771205,0.0722372442614152,-4.107807330661694e-06,-0.0430739774960431,0.0119357344631664,0.0027730668827765,0.2333291969943722,20.28940091325728,24.57137198802129,0.4147805940364911
15.64,31.22149033755769,131.0135252507304,124.62712997156434,-0.1729311604682929,0.153255146813122,0.3273023442371453,0.2310740464564136,-0.0906753561561787,0.0,24.54868198012862,9.890260019275576,-83.69150498926113,31.87526259210225,120.96533038632715,364.72248924169696,15.288,1.0,9.955758598975327,0.0722413521215319,-4.112729761830104e-06,-0.0429211204370149,0.0120452009873255,0.0027634557319413,0.2310676415359561,20.287764296498157,24.57275521359055,0.41078468776589205
15.65,31.221491017522,131.01352591157908,124.38314909946943,-0.1703950968568439,0.1526555402892125,0.3246153111749985,0.2273465816590508,-0.0919606765971326,0.0,24.55013773996207,9.88926774643488,-83.71601056798436,31.939572180976832,120.90062860506048,364.7743150477599,15.288,1.0,9.952498266320305,0.0722454367413907,-4.117531046541825e-06,-0.0427702395134454,0.0121542135101454,0.0027539693202917,0.2287752921771133,20.28604668601716,24.574116787787087,0.4068394455820366
15.66,31.22149169802158,131.01352657150144,124.13914120143376,-0.1678867673655129,0.1519688548980829,0.3219474562092929,0.2236436621473733,-0.0932701567017189,0.0,24.551585630678968,9.8882768661164,-83.74046828833822,32.00348913495129,120.83632486348932,364.82591269175697,15.288,1.0,9.94923757226423,0.072249498160211,-4.122212683150807e-06,-0.0426213137531571,0.0122627062884125,0.0027446063394773,0.2264518346566586,20.28424864139479,24.57545681459611,0.4029466147140167
15.67,31.221492379053128,131.0135272305006,123.89510646327496,-0.1654067653050562,0.1511957035629694,0.3192991451335951,0.2199667951691235,-0.0946033395420448,0.0,24.55302566580544,9.887287206432667,-83.76487916548483,32.06701526031244,120.7724172897055,364.8772825118536,15.288,1.0,9.94597651923486,0.0722535364181394,-4.126776176098064e-06,-0.0424743217304334,0.012370614032067,0.0027353654512704,0.2240970220195647,20.28237075661534,24.57677540381987,0.39910791386857664
15.68,31.22149306061337,131.01352788857952,123.65104506981687,-0.162955672659635,0.150336734234241,0.3166707363398704,0.2163174738700333,-0.0959597576328267,0.0,24.554457859178854,9.886298597931244,-83.78924417989097,32.13015267725159,120.70890369680916,364.92842485593,15.288,1.0,9.94271510981167,0.0722575515562356,-4.131223035462276e-06,-0.0423292415746616,0.0124778719308011,0.0027262452881167,0.2217106762690056,20.280413660082267,24.57807267107377,0.3953250306273296
15.69,31.22149374269901,131.01352854574128,123.40695720687847,-0.1605340593642314,0.1493926289352882,0.314062580722471,0.2126971768243881,-0.0973389332922948,0.0,24.555882224936703,9.88531087360606,-83.8135642771471,32.19290382020921,120.64578158260665,364.9793400812564,15.288,1.0,9.939453346392074,0.0722615436164388,-4.135554776507672e-06,-0.0421860509791778,0.0125844156803754,0.0027172444536964,0.2192926888753978,20.27837801368588,24.57934873762535,0.39159961896509227
15.7,31.22149442530681,131.01352920198875,123.16284305431472,-0.1581424834599162,0.1483641038662856,0.3114750215849416,0.2091073672933868,-0.0987403787792374,0.0,24.557298777515115,9.884323868907872,-83.83784036780668,32.25527143813445,120.58304812939303,365.0300285542468,15.288,1.0,9.936191231449335,0.072265512641569,-4.139772919230255e-06,-0.0420447272103105,0.0126901815086407,0.0027083615234979,0.216843022701262,20.27626451292805,24.58060373040913,0.3879332964946145
15.71,31.221495108433487,131.01352985732507,122.91870279297537,-0.1557413156469474,0.1472024718318184,0.3089087898725343,0.2055627034348727,-0.1001743325525829,0.0,24.558707083762915,9.88333737037653,-83.86207332737933,32.31725860537938,120.52070019303903,365.0804773344588,15.288,1.0,9.93290140503034,0.0722694573573176,-4.143878989115459e-06,-0.0419052554931439,0.0127950958938326,0.0026995955358023,0.2142985574986618,20.274024533385088,24.581829568530612,0.38433782328353067
15.72,31.2214957920758,131.01353051175306,122.67453660669209,-0.1533498876960086,0.1459316494911377,0.3063646135377182,0.2020595939231056,-0.1016362067740912,0.0,24.56010738302742,9.882351036521992,-83.88626399858627,32.37886891115312,120.45873411249433,365.1306934733008,15.288,1.0,9.929596446097834,0.0722733784683619,-4.147874536908283e-06,-0.0417676466656003,0.0128990538784307,0.0026909472528115,0.2116888838085978,20.271681929723663,24.583030248141785,0.3808113370842727
15.73,31.22149647623048,131.01353116527565,122.43034467333396,-0.1509905125814814,0.1445792692963425,0.3038427199613327,0.1985925333436663,-0.1031198625154174,0.0,24.561499936154807,9.881364697142784,-83.91041319081891,32.44010643773219,120.39714573177837,365.1806846641073,15.288,1.0,9.92629113840179,0.0722772767426337,-4.1517611348662085e-06,-0.0416318802078744,0.0130019892091822,0.0026824154182929,0.2090484432148182,20.269264266330243,24.5842103705676,0.3773501011243467
15.74,31.22149716089429,131.01353181789577,122.18612717275748,-0.148663722168386,0.1431462091560593,0.3013434157988785,0.1951629059131015,-0.1046247650595538,0.0,24.56288475839171,9.880378198918494,-83.93452167783065,32.5009755917169,120.3359305697534,365.2304512990987,15.288,1.0,9.922985484401323,0.0722811522253328,-4.155540358337797e-06,-0.0414979314394257,0.0131038409071093,0.0026739984801561,0.2063775508653605,20.266772398265516,24.585370088953653,0.37395555291177146
15.75,31.22149784606402,131.01353246961628,121.94188428183853,-0.1463700348552816,0.1416333784827963,0.2988669993943682,0.1917720771313316,-0.106150370514774,0.0,24.56426186525645,9.879391391063946,-83.95859019759354,32.56148109787193,120.27508382636036,365.27999377908407,15.288,1.0,9.919679486432583,0.0722850049624545,-4.159213784685469e-06,-0.0413657752822581,0.0132045486733815,0.0026656948599819,0.2036765999452476,20.26420721162713,24.586509561665764,0.3706290788034346
15.76,31.22149853173641,131.01353312044003,121.69761617347667,-0.1441099556908582,0.1400417181287046,0.2964137607047387,0.1884213931191907,-0.1076961259962287,0.0,24.56563127253719,9.878404125335075,-83.9826194522467,32.62162799876996,120.21460038301892,365.32931251325215,15.288,1.0,9.916373146923943,0.0722888350007876,-4.162782992807376e-06,-0.0412353862711246,0.0133040529132753,0.0026575029536733,0.2009460643813856,20.261569623508525,24.58762895227806,0.3673720110115879
15.77,31.221499217908285,131.01353377036992,121.45332302355476,-0.1418839759778262,0.1383721996679599,0.2939839812266801,0.1851121801333918,-0.1092614699465775,0.0,24.5669929962838,9.877416256034737,-84.00661010806259,32.68142165435859,120.154474803103,365.3784079189306,15.288,1.0,9.913066468257682,0.0722926423878906,-4.166249562658869e-06,-0.0411067385638695,0.0134022947598052,0.0026494211321174,0.1981865009096444,20.25886058130555,24.588728429452143,0.36418562473896904
15.78,31.221499904576408,131.01353441940873,121.2090050119316,-0.1396925731071328,0.1366258249451614,0.2915779339198847,0.1818457440169232,-0.1108458323999802,0.0,24.5683470528034,9.876427640017967,-84.03056279543145,32.740867741448746,120.0947013324957,365.4272804215733,15.288,1.0,9.909759452785307,0.0722964271720758,-4.16961507477376e-06,-0.0409798059518656,0.0134992160970618,0.0026414477418533,0.1953985517775966,20.25608106228795,24.589808166861687,0.3610711352718485
15.79,31.221500591737616,131.01353506755925,120.96466230653829,-0.1374770088343939,0.1347307817011698,0.2891965288464562,0.1786430548940093,-0.1124646340601456,0.0,24.56969286442608,9.875438025055718,-84.05447810933411,32.79997229423919,120.03527385888432,365.4759127760108,15.288,1.0,9.90641172877589,0.0723001876537861,-4.172881114175904e-06,-0.0408545808119172,0.0135947362773703,0.0026335822630568,0.1924896793602796,20.253159348270245,24.59085630662232,0.3580450631875626
15.8,31.221501279388725,131.01353571482423,120.72029508027688,-0.1352938839766971,0.1327572235695131,0.2868401095974794,0.1754880949738499,-0.1141032447419853,0.0,24.57103102864661,9.874447132877457,-84.07835661187988,32.85874192830674,119.97618568661012,365.52432269611614,15.288,1.0,9.903061318881898,0.0723039255915766,-4.176049292815261e-06,-0.040731064137591,0.0136887644233003,0.0026258248573781,0.1895491564072052,20.250165452281998,24.591884465901057,0.3550955792629561
15.81,31.22150196752652,131.01353636120652,120.47590350406144,-0.1331471121757832,0.1307105209467496,0.2845089010847829,0.1723809865321442,-0.1157601617067979,0.0,24.572361597356355,9.873454829911006,-84.10219883037021,32.917183681908696,119.91742969629696,365.5725116670951,15.288,1.0,9.899710574914458,0.0723076411384712,-4.179121231986588e-06,-0.0406092286205959,0.0137812448884847,0.00261817380269,0.1865833942537984,20.24710471195301,24.592893540164383,0.3522228475733084
15.82,31.22150265614785,131.0135370067088,120.23148774980076,-0.1310371378429619,0.1285918217076386,0.2822031359197859,0.1693229362083305,-0.1174347744622812,0.0,24.57368458752384,9.872460984616051,-84.12600525613128,32.97530491158379,119.85899844986086,365.6204801358724,15.288,1.0,9.896359499193204,0.0723113343447214,-4.182098551251437e-06,-0.0404890463506064,0.013872123210103,0.0026106273335283,0.1835934619595413,20.24397824908862,24.593883726685704,0.34942780785475325
15.83,31.22150334524953,131.0135376513338,119.9870479854279,-0.1289643904600445,0.1264023012077033,0.2799230375833741,0.166315127131091,-0.1191264650537617,0.0,24.57500001635384,9.871465468055064,-84.14977634458192,33.03311329093069,119.80088419177508,365.6682285566,15.288,1.0,9.893008094053323,0.0723150052612771,-4.184982867924668e-06,-0.0403704890870271,0.0139613458095666,0.0026031836623841,0.1805805326570232,20.240787212686207,24.59485522729137,0.34671132539728083
15.84,31.22150403482843,131.01353829508423,119.74258437788252,-0.1269292843308024,0.1241431616105126,0.2776688203660501,0.1633587184778827,-0.1208346083803698,0.0,24.57630790128095,9.870468153894093,-84.17351251531959,33.09061680953646,119.74307885018403,365.7157573907433,15.288,1.0,9.889656361783322,0.072318653939761,-4.187775796583332e-06,-0.0402535282704175,0.014048860013266,0.0025958409804395,0.1775458886701834,20.23753277828765,24.59580824824861,0.34407418864054196
15.85,31.2215047248814,131.01353893796275,119.4980970950986,-0.1249322185211872,0.1218156314304862,0.2754406893161366,0.1604548449885095,-0.1225585724674088,0.0,24.577608259966016,9.869468918403076,-84.19721415222575,33.1478237718379,119.68557403808413,365.76306710701925,15.288,1.0,9.886304304687258,0.0723222804324577,-4.190478948577107e-06,-0.0401381350340923,0.0141346140728209,0.0025885974583135,0.1744909274670143,20.23421614754521,24.596743000190152,0.3415171068870258
15.86,31.221505415405307,131.013539579972,119.25358630600483,-0.1229504028031752,0.1193924526385588,0.2732390025530412,0.1576121763976353,-0.1243038632586137,0.0,24.57890089956928,9.868467624413595,-84.22088160359662,33.20474279716357,119.62836105331688,365.81015190845966,15.288,1.0,9.882936145335524,0.0723258841722373,-4.193093931683204e-06,-0.0400242825844448,0.0142185542706908,0.0025814513774494,0.1713806798226329,20.23081007856804,24.597655008602132,0.33904660606765596
15.87,31.22150610639704,131.01354022111477,119.0090521685956,-0.1209672313470465,0.1168540214056961,0.2710645623328629,0.1548383200436532,-0.1260751379324531,0.0,24.580185695784785,9.867463964180862,-84.24451518370273,33.26138295674823,119.57143074089358,365.85700803693726,15.288,1.0,9.879540136043,0.0723294647936382,-4.195622363641352e-06,-0.0399119757618951,0.0143005885842102,0.0025744030664485,0.1681901099630307,20.227294969226232,24.59854106981941,0.33666874329425706
15.88,31.221506797853447,131.01354086139352,118.7644948537886,-0.1190236251291525,0.1142515560650149,0.2689174925163197,0.1521215632223063,-0.1278613658035023,0.0,24.581463040937404,9.866457772214762,-84.26811517409683,33.317753895788826,119.51477337037969,365.9036471138326,15.288,1.0,9.876143804635252,0.0723330234514329,-4.198065883221109e-06,-0.0398011958353668,0.0143806546412544,0.0025674513874028,0.1649849163557134,20.223721933428315,24.599409621503657,0.33437421647549326
15.89,31.221507489771444,131.01354150081093,118.51991451957976,-0.1171199454160239,0.1115864147643395,0.266797955275306,0.149462926426385,-0.1296618809003391,0.0,24.58273295322857,9.865448936562055,-84.2916818212826,33.37386560162979,119.45837886894692,365.9500696256608,15.288,1.0,9.872747153319954,0.0723365601994913,-4.200426126378894e-06,-0.039691912488767,0.0144587050055026,0.0025605944150701,0.1617670925484104,20.22009230157338,24.60026089519133,0.33216339153139207
15.9,31.221508182147904,131.01354213936955,118.27531132992894,-0.1152565373882194,0.1088599787658478,0.2647061030514306,0.1468634030493833,-0.131476011433003,0.0,24.58399545106617,9.864437347898756,-84.31521533660035,33.429728373933706,119.40223685138892,365.9962760652775,15.288,1.0,9.869350184352088,0.0723400750922937,-4.202704722992579e-06,-0.0395840951395906,0.014534693283494,0.0025538302062587,0.1585387914785332,20.216407427044054,24.60109512625628,0.3300365460524809
15.91,31.221508874979754,131.013542777072,118.0306854487968,-0.1134337300442281,0.1060736518351062,0.2626420785165873,0.1443239589995519,-0.1333030800987899,0.0,24.58525055305992,9.863422899526093,-84.33871589641811,33.4853528229955,119.34633662184736,366.0422669320645,15.288,1.0,9.86595290004971,0.0723435681849103,-4.204903296370356e-06,-0.0394777129512334,0.0146085741420159,0.0025471568006241,0.1553023374746879,20.212668685618752,24.60191255380915,0.32799386840708156
15.92,31.221509568263908,131.01354341392084,117.78603703119826,-0.111651835694217,0.1032288591104306,0.2606060145535512,0.1418455324643666,-0.1351424045018673,0.0,24.586498278014066,9.862405487365494,-84.36218364234652,33.54074986798963,119.29066717560544,366.0880427315103,15.288,1.0,9.86255530252587,0.0723470395329837,-4.207023462762592e-06,-0.0393727348454928,0.0146803033248825,0.002540572221473,0.1520602389796496,20.208877474364265,24.602713420512487,0.3260354572682728
15.93,31.22151026199729,131.01354404991852,117.54136624109502,-0.1099111504137246,0.1003270471335804,0.2585980342260046,0.1394290333799019,-0.136993297323182,0.0,24.587738644926336,9.861385009952114,-84.38561868146051,33.59593073513898,119.23521720095864,366.1336039753432,15.288,1.0,9.859157394067095,0.072350489192723,-4.209066830877433e-06,-0.0392691295151183,0.0147498376692582,0.0025340744765751,0.1488152042814076,20.205035211688664,24.60349797258453,0.3241613212064101
15.94,31.221510956176875,131.01354468506764,117.29667323151456,-0.1081537330998711,0.0972980548501129,0.2566188077651611,0.1370947092910296,-0.1388708081072619,0.0,24.58897120523395,9.8603612630438,-84.4090210868965,33.65090699439609,119.1799750423879,366.17893724978205,15.288,1.0,9.855719450478915,0.0723539158445239,-4.211035005255656e-06,-0.039166883171116,0.0148171133030868,0.0025276626554141,0.1454789682975399,20.201071801430167,24.60425474060449,0.32238683775670585
15.95,31.221511650799567,131.01354531937065,117.0519581624438,-0.1064323521429151,0.0942079669685453,0.2546686423098775,0.1348273513490186,-0.1407611861966454,0.0,24.5901964164339,9.859333996168717,-84.43239090036305,33.705690805306006,119.1249284535625,366.22405612549727,15.288,1.0,9.852277025373954,0.0723573208348996,-4.212929609614411e-06,-0.0390659943588214,0.0148820520541055,0.0025213367364936,0.1421371746401377,20.197053210882235,24.604994562612948,0.32069961582021694
15.96,31.221512345862337,131.01354595283007,116.8072211898928,-0.1047534085756262,0.0910658617020282,0.2527476028610705,0.1326258023310802,-0.14266212205955,0.0,24.591414347836366,9.858303117124564,-84.45572813079058,33.76029475801275,119.07006475715716,366.26896261382575,15.288,1.0,9.848834291946186,0.0723607043681034,-4.214752270330302e-06,-0.0389664312877789,0.0149446139758807,0.0025150946999217,0.1388029485826984,20.19298847984081,24.60571893391948,0.31909784591330936
15.97,31.221513041362147,131.01354658544832,116.56246246887882,-0.1031171563696705,0.0878732936703486,0.2508557672878701,0.1304908435635224,-0.1445729022037579,0.0,24.59262501885582,9.857268536262554,-84.47903275341129,33.814731746709406,119.015370972043,366.3136572406319,15.288,1.0,9.845391252335965,0.0723640665015639,-4.2165046039432805e-06,-0.0388681615073472,0.0150047608685999,0.0025089344772803,0.1354800920475725,20.188879134583367,24.60642811813669,0.3175811711785242
15.98,31.221513737295943,131.0135472172279,116.31768215342515,-0.1015238324817569,0.0846318350638624,0.2489932032799367,0.1284232260628748,-0.146492809397958,0.0,24.593828449081663,9.856230166544174,-84.50230471004677,33.86901496689425,118.96083381607194,366.35814053718383,15.288,1.0,9.84194790877948,0.0723674072932274,-4.2181882166385215e-06,-0.0387711523827935,0.0150624557229592,0.0025028539875086,0.1321727224947506,20.18472671899745,24.607122381812285,0.3161491475195
15.99,31.221514433660737,131.0135478481712,116.072880399544,-0.0999736564783991,0.0813430745591245,0.2471599683355679,0.1264236703720089,-0.148421123079738,0.0,24.59502465827187,9.855187923531336,-84.52554390940803,33.923157912971526,118.90643970851312,366.4024130403637,15.288,1.0,9.838504263401113,0.0723707268015303,-4.219804703771866e-06,-0.0386753711084008,0.0151176627331805,0.0024968511377533,0.1288853019270898,20.180532793517024,24.607801994252387,0.3148012454775553
16.0,31.221515130453508,131.01354847828068,115.8280573562892,-0.0984668306384119,0.0780086168078337,0.2453561097712016,0.1244928662599286,-0.1503571196420768,0.0,24.59621366634975,9.854141725375076,-84.54875022740981,33.97717437576927,118.85217477257191,366.4464752922512,15.288,1.0,9.835060318325247,0.0723740250853966,-4.221355649401122e-06,-0.0385807847206878,0.0151703473094134,0.0024909238242223,0.1256226692995358,20.17629893463103,24.60846722743802,0.31353685234551326
16.01,31.22151582767128,131.01354910755867,115.5832131786798,-0.0969667006255111,0.0745847609800733,0.243581927709098,0.122643594420244,-0.1523099263340864,0.0,24.597395230608257,9.85309145164896,-84.57192350755933,34.03107844771526,118.79802483021582,366.4903200092053,15.288,1.0,9.831590958199968,0.0723773014309639,-4.222842626587383e-06,-0.0384873666433465,0.0152204680543013,0.002485070328235,0.1223332427815416,20.171981460675884,24.60911097415767,0.3123650435287092
16.02,31.221516525311056,131.01354973600763,115.33834801278856,-0.0954821842895424,0.0710839071723672,0.2418379733651901,0.1208747695933326,-0.1542774226350428,0.0,24.5985694469994,9.852036826796247,-84.59506356301468,34.08488472805181,118.74397519606488,366.5339499981615,15.288,1.0,9.828101924476934,0.0723805561208718,-4.224267216547974e-06,-0.038395120547407,0.0152679474380662,0.0024792909180185,0.1190368207657027,20.16759272699272,24.609735278163036,0.31128417630926125
16.03,31.22151722336985,131.0135503636299,115.09346200965912,-0.094041958715624,0.0675427985170219,0.2401242206525794,0.1191779262992439,-0.1562515123414992,0.0,24.59973654269083,9.85097775397244,-84.61817017699333,34.13860834397463,118.69001065621346,366.577371977767,15.288,1.0,9.824612593672809,0.0723837898238528,-4.225631009580878e-06,-0.0383040185668932,0.0153127478331224,0.0024735838382509,0.1157839174257032,20.163169410657297,24.61034613821472,0.31028624618246026
16.04,31.221517921844697,131.01355099042777,114.84855532431136,-0.0926461819069319,0.0639631274774393,0.2384406704417157,0.1175536162236734,-0.1582314529487024,0.0,24.60089653792432,9.849914163016152,-84.64124310118564,34.19226472524409,118.6361156946714,366.62058650132985,15.288,1.0,9.821122967874702,0.0723870025997606,-4.2269355835222044e-06,-0.0382140268866127,0.0153548400621154,0.0024679469277844,0.1125814955171705,20.158713176299887,24.61094384040656,0.3093703261630226
16.05,31.221518620732606,131.0135516164036,114.60362809685516,-0.091294994221134,0.0603465986561199,0.2367873131723746,0.1160023586699583,-0.1602165000786651,0.0,24.60204945309114,9.848845986325692,-84.66428205601922,34.24586958928328,118.5822745083552,366.66359412688064,15.288,1.0,9.81763304923444,0.0723901945088899,-4.228182502196821e-06,-0.0381251115809442,0.0153941962410954,0.0024623780175938,0.1094371274178147,20.15422570085796,24.611528672888905,0.3085354206470349
16.06,31.22151932003068,131.01355224155975,114.35868047535304,-0.0899885180817652,0.0566949277183951,0.235164128872342,0.1145246404871458,-0.1622059078828627,0.0,24.603195308726445,9.847773158844165,-84.68728673103612,34.29943893805196,118.528471010247,366.7063954172045,15.288,1.0,9.814142839790591,0.0723933656119553,-4.229373314969096e-06,-0.0380372386273383,0.0154307897884621,0.0024568749316534,0.1063590408584052,20.14970867251688,24.612100925693937,0.30778046939190473
16.07,31.221520019735948,131.0135528658985,114.11371260985656,-0.0887268582439998,0.053009840988052,0.2335710871865803,0.1131209158390744,-0.1641989293040909,0.0,24.604334125507368,9.84669561804284,-84.71025678527582,34.35298905482413,118.47468883265137,366.74899093970447,15.288,1.0,9.81065234166262,0.0723965159700877,-4.230509556300798e-06,-0.0379503739199686,0.0154645954331709,0.0024514354878227,0.1033561627075335,20.1451637903208,24.612660890670234,0.3071043515719077
16.08,31.221520719845497,131.01355348942215,113.86872464246451,-0.0874875512189868,0.0492653334812332,0.2320082695347018,0.1117989751617989,-0.1662008067957854,0.0,24.605465783248366,9.845613289305687,-84.73319184767799,34.406536501961895,118.42091132944849,366.7913770625152,15.288,1.0,9.807146188410954,0.0723996452299391,-4.231592745425984e-06,-0.0378644853998757,0.0154955866187764,0.0024460576214413,0.1004048943767286,20.14056504215223,24.61320436278187,0.3065119184620483
16.09,31.22152142035639,131.0135541121329,113.62371672124054,-0.0862498841720357,0.045437585318607,0.2304762457735428,0.1105670093562194,-0.1682171349145053,0.0,24.60659018424858,9.844525918640109,-84.75609151861214,34.46009826886925,118.36712142753504,366.83355082323055,15.288,1.0,9.803610022326392,0.0724027531043274,-4.232624399847354e-06,-0.0377795741306931,0.0155236972997738,0.0024407414093794,0.0974864868608466,20.13588859379152,24.613727502712155,0.3060087709571242
16.1,31.22152212126573,131.0135547340331,113.37868898430902,-0.0850576789372756,0.0415821955372712,0.2289749673622254,0.1094115726674229,-0.1702359463729411,0.0,24.60770762844749,9.843433394951006,-84.77895537133159,34.51369192267139,118.3133014755518,366.87552111587325,15.288,1.0,9.80007357010521,0.0724058404760873,-4.233606048252332e-06,-0.0376956181254524,0.0155488910663574,0.0024354854785786,0.0946778034255768,20.1311899760088,24.614239343875106,0.3055825671558864
16.11,31.2215228225706,131.01355535512502,113.1336415767522,-0.0839109947444479,0.0377009564278845,0.2275043569145262,0.1083329747027207,-0.1722564826737026,0.0,24.608818136749484,9.842335667130335,-84.8017829502905,34.56733533895649,118.2594335143187,366.91728851620616,15.288,1.0,9.796536833763149,0.0724089074070133,-4.234539205502819e-06,-0.0376125827267039,0.0155711483976638,0.0024302876089784,0.0919913916543309,20.12647095459664,24.614740188709494,0.30523198005148156
16.12,31.221523524268125,131.01355597541078,112.88857464464706,-0.0828098728716625,0.0337956667483729,0.2260643265412271,0.1073314913589262,-0.1742779853300783,0.0,24.609921730185395,9.841232686544448,-84.82457377129533,34.621046662299904,118.20549931649369,366.9588536041,15.288,1.0,9.79299981536511,0.0724119539592715,-4.2354253689984094e-06,-0.0375304332422203,0.0155904511400319,0.0024251455775507,0.0894406023043945,20.12173330208481,24.61523034079656,0.30495564422155036
16.13,31.221524226355413,131.01355659489263,112.6434883221424,-0.081754336564484,0.0298681308258791,0.2246547779003725,0.1064073648093102,-0.1762996962290584,0.0,24.611018429908285,9.84012440701311,-84.84732732193724,34.674844302277144,118.151480390589,367.00021696349006,15.288,1.0,9.789462516959608,0.0724149801953852,-4.236266018263595e-06,-0.0374491349587975,0.0156067825114982,0.0024200571591969,0.0870395093055065,20.116978796854674,24.615710104714744,0.30475216063152955
16.14,31.2215249288296,131.0135572135728,112.398382753328,-0.0807443909893052,0.0259201576838134,0.2232756022520932,0.1055608034984137,-0.1783208579860279,0.0,24.612108257189345,9.83901078478896,-84.87004306202779,34.728746929357456,118.0973579851071,367.0413791822938,15.288,1.0,9.785924940529611,0.0724179861782217,-4.237062614542823e-06,-0.0373686531560288,0.0156201271057071,0.0024150201276443,0.084802775932792,20.112209222277265,24.616179785898435,0.3046201014200126
16.15,31.22152563168781,131.01355783145345,112.15325807334747,-0.0797644871339813,0.0219344487587734,0.2219267485266656,0.1047970438276401,-0.1803448291428834,0.0,24.613191149659485,9.837891772275704,-84.89272042404791,34.782773470832964,118.04311309263868,367.0823383537736,15.288,1.0,9.782376500785972,0.0724209717245514,-4.23781660042236e-06,-0.0372889539500198,0.0156304698742885,0.0024100323017799,0.082725408063068,20.107407260729,24.61663660472938,0.30456224241557917
16.16,31.221526334927223,131.01355844853683,111.90811442529744,-0.0787788679083485,0.0178688726435759,0.2206087157989461,0.1041288065320539,-0.1823810816615324,0.0,24.61426694649049,9.836767143584478,-84.91535881441851,34.83694323007346,117.9887263301459,367.1230896338894,15.288,1.0,9.778792669746462,0.0724239363614429,-4.238529410480043e-06,-0.0372100355476319,0.0156377577008582,0.0024050935644513,0.0807799878502699,20.10253076384296,24.61707378239624,0.30458803782204025
16.17,31.221527038544988,131.013559064825,111.66295194631007,-0.0778391890386262,0.0137888515423457,0.2193214345540171,0.1035399484623896,-0.1844156522042657,0.0,24.615335954094792,9.835636783935527,-84.93795761529152,34.89127609712452,117.93417772756166,367.1636421164543,15.288,1.0,9.775208563232932,0.0724268809907499,-4.239202489305161e-06,-0.0371318799911896,0.0156419587788494,0.0024002027992084,0.0790510699451095,20.09764510410212,24.617501901809227,0.30468269619450167
16.18,31.221527742538267,131.01355968032013,111.41777076755444,-0.0769454102416473,0.0096962379851393,0.2180647491379943,0.1030305299847756,-0.1864477793127592,0.0,24.6163981938894,9.834500660601842,-84.96051618304129,34.94579226685718,117.87944701079304,367.2039963951984,15.288,1.0,9.771624183154367,0.072429805675766,-4.2398372661313154e-06,-0.0370544523105909,0.0156430636724856,0.002395357761471,0.0775539369231203,20.092752109504904,24.617921275383207,0.3048447134792065
16.19,31.22152844690424,131.01356029502435,111.17257103212792,-0.0760974733973999,0.0055928853018018,0.2168384935158365,0.1026005771573349,-0.1884767033784528,0.0,24.61745368739742,9.8333587432108,-84.98303384834594,35.00051217831302,117.8245136626266,367.2441530673455,15.288,1.0,9.768039531535944,0.0724327104800958,-4.2404351495556845e-06,-0.0369777175771394,0.0156410643565176,0.0023905562086481,0.0763027247531464,20.08785360918946,24.61833221576485,0.30507257893761114
16.2,31.221529151640084,131.0135609089399,110.9273528702057,-0.0752953024137836,0.001480646588492,0.2156424913483091,0.1022500818593198,-0.1905016670252839,0.0,24.618502456243466,9.832211003719486,-85.00550991665888,35.05545650966613,117.76935692779072,367.28411273363866,15.288,1.0,9.764454610386242,0.0724355954676386,-4.240997527171325e-06,-0.0369016409172647,0.015635954216338,0.0023857959010329,0.0753098591050099,20.082951432407715,24.618735035665686,0.3053647793288468
16.21,31.221529856743,131.01356152206867,110.68211642190415,-0.0745388031956856,-0.0026386262021568,0.2144765560867893,0.1019790019043771,-0.1925219154663497,0.0,24.61954452214996,9.831057416388804,-85.02794366868233,35.110646173025785,117.7139558181778,367.3238759978684,15.288,1.0,9.760869421630836,0.0724384607025852,-4.24152576520965e-06,-0.0368261875262425,0.0156277280474301,0.0023810746026946,0.074585491393522,20.078047407620534,24.61913004771549,0.305719802883449
16.22,31.221530562210223,131.01356213441295,110.43686181242909,-0.0738118964036654,-0.0067827243295075,0.2133405548729058,0.1017924677713882,-0.1945409296705013,0.0,24.620579834317184,9.829897951170524,-85.05033436084862,35.16610230927884,117.6582891180238,367.36344130022815,15.288,1.0,9.757273082968888,0.0724413060357368,-4.242021208211617e-06,-0.0367513235577685,0.015616380976798,0.0023763901320013,0.0741228802394037,20.073123718003963,24.619514406473428,0.3061406084882098
16.23,31.221531268038976,131.01356274597475,110.1915891818976,-0.0730787098220363,-0.0109937664529632,0.2122349031640222,0.1017029803787957,-0.1965682135718748,0.0,24.62160826229149,9.828732396593312,-85.07268122656669,35.22184641309628,117.60233525843968,367.40280470344624,15.288,1.0,9.753641045510674,0.0724441310835318,-4.242485189961319e-06,-0.0366770478473711,0.015601869456589,0.0023717424124399,0.0739010193730276,20.06813820931712,24.619881365505893,0.3066369399237635
16.24,31.22153197422648,131.01356335675615,109.94629865651032,-0.0723912539642655,-0.0152057491573692,0.2111594747525877,0.1016939895201176,-0.1985896845937188,0.0,24.622630071268272,9.827560654980433,-85.09498347792272,35.27790055091752,117.5460720986386,367.4419740778057,15.288,1.0,9.75000874287489,0.0724469366265291,-4.242919051714396e-06,-0.0366033426750276,0.0155841718431417,0.0023671303349082,0.073970996581469,20.063156865854985,24.620241557804054,0.3071935124792502
16.25,31.22153268076996,131.01356396675925,109.7009903714146,-0.0717493906776115,-0.0194167995653381,0.2101140370303928,0.1017653043704609,-0.2006045909878169,0.0,24.62364528304262,9.826382711086785,-85.11724030433783,35.33428706478074,117.48947722323696,367.4809500309244,15.288,1.0,9.74637617704561,0.0724497227291246,-4.24332411650909e-06,-0.036530173283668,0.0155632890025845,0.0023625516645366,0.0743302560911255,20.05818153833585,24.620595299357465,0.3078088492168657
16.26,31.221533387666675,131.01356457598604,109.4556644528122,-0.0711529639637152,-0.0236250502109733,0.2090983473248575,0.1019167000991185,-0.2026121847486255,0.0,24.624653919495664,9.825198551871402,-85.13945087270761,35.39102850844132,117.4325280063732,367.51973317354737,15.288,1.0,9.742743349906032,0.0724524894559613,-4.243701683911062e-06,-0.0364575050326017,0.015539223224079,0.0023580041733376,0.0749725749279959,20.053214072441254,24.620942905391647,0.30848149056578994
16.27,31.221534094913885,131.01356518443856,109.21032103286883,-0.0706018003516806,-0.0278286394895164,0.20811215302534,0.1021479179578089,-0.2046117218647179,0.0,24.625656002591786,9.824008166467026,-85.16161432789481,35.44814764103198,117.37520161806844,367.5583241189052,15.288,1.0,9.739110263423424,0.0724552368719336,-4.2440530297001535e-06,-0.03638530341106,0.0155119782153776,0.0023534856410861,0.0758883851211735,20.04825630836858,24.621284690294672,0.3092099967730708
16.28,31.22153480250885,131.01356579211887,108.96496024076863,-0.0700957087585781,-0.0320257127436373,0.2071551916850192,0.1024586655485361,-0.2066024627017381,0.0,24.62665155437485,9.822811546150898,-85.18372979322643,35.50566742053275,117.31747503077536,367.5967234830798,15.288,1.0,9.735476919480984,0.0724579650421655,-4.244379405567817e-06,-0.0363135340515346,0.0154815590979316,0.002348993856194,0.0770652590420262,20.043310079744195,24.62162096744273,0.309992950214141
16.29,31.221535510448888,131.013566399029,108.71958220370824,-0.069610478372957,-0.0362439471679759,0.2062272932101131,0.1028564798809554,-0.2085900647802668,0.0,24.62764050761471,9.821608668247787,-85.2057963709998,35.56361099843557,117.25932502472624,367.6349292172733,15.288,1.0,9.731826948100665,0.0724606737691113,-4.244682038947748e-06,-0.0362421650745781,0.0154479695335598,0.0023445267588988,0.0784808368891026,20.038347669931053,24.6219473220864,0.31083591659154713
16.3,31.221536218731288,131.01356700517093,108.47418704789084,-0.0691253706160597,-0.0405067356044364,0.2053287944303913,0.1033487835761127,-0.2105801249087762,0.0,24.628622819141995,9.820399321939863,-85.2278131438805,35.62200188938914,117.2007280176905,367.67293999075855,15.288,1.0,9.728146153723475,0.0724633629260189,-4.244962147447132e-06,-0.0361711993964728,0.0154111719957215,0.0023400845423058,0.0801193590597522,20.033345640697032,24.62226003652224,0.3117448859171484
16.31,31.22153692735333,131.01356761054663,108.22877490150722,-0.0686851148384694,-0.0447569298648634,0.2044594691160135,0.1039209698886749,-0.2125603624347419,0.0,24.62959868363406,9.819183447585187,-85.2497791761667,35.68086413645687,117.14165989915692,367.7107615743196,15.288,1.0,9.724465104283226,0.072466033085944,-4.245220952209021e-06,-0.0361006156732978,0.0153711604187551,0.0023356658525074,0.081980649005839,20.02836115107228,24.622568282246025,0.31270617226430597
16.32,31.221537636312338,131.0135682151582,107.98334588777908,-0.0682894781903652,-0.0489926770483273,0.2036190103986956,0.1045726002477056,-0.2145300475656646,0.0,24.630568123141536,9.817961046314014,-85.27169351262198,35.740221999762944,117.08209634279147,367.7483945858496,15.288,1.0,9.72078380170446,0.0724686843140217,-4.245459652000712e-06,-0.0360303798716223,0.0153279459741993,0.0023312684976809,0.0840460236968862,20.02339603433758,24.62287237236461,0.3137184588557659
16.33,31.22153834560561,131.01356881900747,107.7379001358922,-0.0679382105900404,-0.0532121353608063,0.2028071018852996,0.105303203013773,-0.2164884559636254,0.0,24.63153115978341,9.816732121280388,-85.29355517876982,35.800099909205805,117.02201285387892,367.78583964551353,15.288,1.0,9.717102247826585,0.0724713166755895,-4.245679419672003e-06,-0.035960458146707,0.0152815412383382,0.0023268902976128,0.0862967582280803,20.018452113041675,24.62317261830843,0.3147804579474221
16.34,31.22153905523052,131.01356942209648,107.49243776608668,-0.0676310450142074,-0.0574134746927633,0.2020234177977534,0.106112273711239,-0.2184348690131324,0.0,24.632487815744657,9.81549667762882,-85.31536318139523,35.860522456528486,116.96138477726718,367.8230973757552,15.288,1.0,9.713420444506022,0.0724739302361783,-4.245881401902736e-06,-0.0358908168555515,0.0152319601834002,0.0023225290845535,0.0887145072416565,20.01353119841968,24.623469329738327,0.3158909115052835
16.35,31.221539765184385,131.0135700244272,107.24695890357296,-0.0673676976439626,-0.0615948773744217,0.2012676231185312,0.1069992753217303,-0.2203685741248595,0.0,24.63343811327391,9.814254722460849,-85.33711650905181,35.92151438715601,116.90018730554335,367.8601684012282,15.288,1.0,9.709738393616233,0.0724765250615056,-4.246066718962013e-06,-0.0358214225697985,0.0151792181682138,0.0023181827040615,0.0912816183905085,20.008635089632563,24.62376281442462,0.31704859169689154
16.36,31.2215404754646,131.01357062600155,107.00146366958576,-0.067108080841514,-0.0658034782067659,0.2005395780700082,0.1079767814555305,-0.2222995503948758,0.0,24.634381958719665,9.813006219366647,-85.35881413261218,35.9831006019123,116.8383954772966,367.897049885361,15.288,1.0,9.70602893215341,0.0724791008762821,-4.246236465310799e-06,-0.0357522492618769,0.0151233231051656,0.0023138494692028,0.093987181454658,20.0037165748121,24.624045574806235,0.3182643520907678
16.37,31.22154118606849,131.0135712268215,106.75595218635408,-0.0668621347246794,-0.0700248697391205,0.1998395051683341,0.1090420616358187,-0.2242253673385744,0.0,24.635319416999767,9.811750964918245,-85.38045500691373,36.04530641198724,116.7759839213018,367.9337437272853,15.288,1.0,9.702298821497156,0.0724816578717684,-4.246391730547922e-06,-0.0356833035258079,0.0150642444441697,0.0023095298189015,0.0968195497607004,19.998790047163503,24.62431993892101,0.319535623037296
16.38,31.221541896993443,131.01357182688895,106.51042457710147,-0.0666595251164978,-0.0742203763193014,0.1991670566740467,0.1101849171620178,-0.2261375553712582,0.0,24.63625060111133,9.810488948299303,-85.40203807122276,36.1081575557311,116.71292683968451,367.9702532632324,15.288,1.0,9.698568465628613,0.0724841963806752,-4.2465336005017694e-06,-0.0356145583618813,0.015001994620966,0.0023052220221991,0.0997604834806109,19.99389420606381,24.624592094922328,0.32085265525392265
16.39,31.22154260823685,131.01357242620583,106.26488095908728,-0.0664999296717316,-0.0783882041978074,0.1985218555837625,0.1114046701756872,-0.2280354180671624,0.0,24.63717553325005,9.809220185720424,-85.42356224844427,36.17167991160976,116.6491982959053,368.006579117712,15.288,1.0,9.694837866376432,0.072486716468558,-4.2466631344178064e-06,-0.0355459809452911,0.0149365949055772,0.0023009239620624,0.1027956635509387,19.98903082811489,24.62486234676953,0.3222143379405073
16.4,31.221543319796087,131.01357302477405,106.01932145752367,-0.0663830097630954,-0.0825265761261244,0.1979035161069845,0.1127006113736117,-0.2299182660221976,0.0,24.638094235665,9.807944695210928,-85.44502644555763,36.23589947429204,116.58477223873082,368.0427219171683,15.288,1.0,9.69110702555202,0.0724892182011282,-4.246781363611426e-06,-0.035477538708089,0.0148680679245038,0.0022966335375385,0.1059119290031556,19.98420167375888,24.625130995883158,0.32361958924352424
16.41,31.2215440316686,131.01357362259552,105.77374618271288,-0.0663084107090147,-0.0866337320175595,0.1973116438353995,0.1140720003703858,-0.2317854171275748,0.0,24.63900673065629,9.80666249658262,-85.46642955412722,36.30084234481087,116.51962251208094,368.078682290028,15.288,1.0,9.687375944984028,0.0724917016442427,-4.2468892912813125e-06,-0.0354091993515331,0.0147964376477333,0.0022923486645653,0.1090972295846972,19.9794084866081,24.625398341038743,0.3250673555657853
16.42,31.22154474385179,131.0135742196721,105.52815526185525,-0.0662757618806625,-0.0907079297513361,0.1967458359312969,0.1155180661153389,-0.2336361968744655,0.0,24.63991304057185,9.805373611391888,-85.48777045080446,36.36653472044252,116.4537228651579,368.1144608662021,15.288,1.0,9.683644626466611,0.072494166863904,-4.246987892335887e-06,-0.035340930858354,0.0147217293751305,0.0022880672767732,0.1123405601827563,19.97465299263214,24.625664678237342,0.3265566107818009
16.43,31.221545456343087,131.0135748160058,105.28254880823545,-0.0662212216999854,-0.0948254957181975,0.1962061023345589,0.1170592204386628,-0.2354871856178402,0.0,24.640813053100096,9.804077947057754,-85.50904799803236,36.43300293634872,116.38704691065112,368.150054252294,15.288,1.0,9.679869691491753,0.0724966135299225,-4.247078117320746e-06,-0.0352727208033465,0.0146439459858956,0.0022837885633084,0.1156595038822463,19.96985870751843,24.625917905863872,0.32810655323116905
16.44,31.221546169139938,131.01357541159837,105.03692694010904,-0.0662012258860296,-0.0989148150683908,0.1956924169244249,0.1186771796433424,-0.2373235358110246,0.0,24.64170692646402,9.802775355704249,-85.53026104574083,36.5002737969202,116.31956779235772,368.1854671387723,15.288,1.0,9.67608969613151,0.0724990421080571,-4.2471609186681765e-06,-0.0352045713388205,0.0145630741064138,0.0022795126821256,0.1190241093007226,19.965097342567,24.626169431364563,0.3297002512277899
16.45,31.221546882239767,131.01357600645173,104.791289771755,-0.0662224596805243,-0.1029654676275883,0.1952043399638015,0.1203687859514979,-0.2391427300846511,0.0,24.64259469868933,9.801465865534013,-85.5514084309081,36.56837435207535,116.2512584095795,368.2207006251282,15.288,1.0,9.672309465130164,0.0725014527104301,-4.247237233232674e-06,-0.0351364515277036,0.014479142738011,0.0022752376373156,0.1224226162480756,19.96037931774861,24.626420929561306,0.33133461081583554
16.46,31.22154759564005,131.01357660056777,104.5456374214292,-0.0662845183273106,-0.1069757560243543,0.1947414298509891,0.1221331353985978,-0.2409441157299676,0.0,24.64347639201935,9.800149506381269,-85.57248897738728,36.637331712811246,116.18209160211892,368.2557553395317,15.288,1.0,9.668529000287563,0.0725038454027305,-4.2473079685646526e-06,-0.0350683302032546,0.0143921828392626,0.0022709614161337,0.1258469095398156,19.955706315481983,24.626672689320344,0.33300869983770087
16.47,31.22154830933826,131.0135771939483,104.29997000042928,-0.0663869818754395,-0.1109440045888522,0.1943032371354884,0.1239692948927406,-0.2427270484976009,0.0,24.64435202873721,9.798826309673018,-85.59350149641091,36.707173038824095,116.11204016266488,368.2906319120318,15.288,1.0,9.664748303386087,0.0725062202507539,-4.247374002733699e-06,-0.0350001765182275,0.0143022266484309,0.0022666820260363,0.1292895897163388,19.951079996763312,24.626924996138573,0.334721606876356
16.48,31.22154902333186,131.01357778659516,104.0542876270118,-0.0665294153895804,-0.1148685600175557,0.1938893047433075,0.1258763026866122,-0.2444908928634139,0.0,24.64522163116293,9.797496308388666,-85.61444478709495,36.77792552642816,116.04107684887738,368.32533097366536,15.288,1.0,9.66096737619064,0.0725085773204133,-4.247436184211771e-06,-0.0349319599564742,0.0142093076663696,0.0022623974954389,0.1327439010364565,19.94650200048868,24.627178132036185,0.33647243982983827
16.49,31.221549737618368,131.01357837851026,103.80859041446324,-0.0666875012450163,-0.1187771490668823,0.1934992406743571,0.1278609983611218,-0.246241387994901,0.0,24.64608518684776,9.796159521798106,-85.63531763694942,36.84961639745244,115.96917439448988,368.3598521166061,15.288,1.0,9.657169929781094,0.0725109165753245,-4.247495331870303e-06,-0.0348636525241078,0.0141134579579781,0.0022581060124619,0.1362175744592661,19.94194451583841,24.62742772926517,0.3382679591760221
16.5,31.22155045219528,131.0135789696954,103.56287847408214,-0.0668372543304082,-0.1226970949875305,0.1931331893507354,0.1299311757071597,-0.2479850807920573,0.0,24.64694269448973,9.794815771554644,-85.65611882295265,36.92227308268107,115.89630532530434,368.3941952664904,15.288,1.0,9.653339700259243,0.0725132380118939,-4.24755224971286e-06,-0.0347952625782519,0.0140146665404524,0.0022538081204171,0.1397203952767282,19.937380125343104,24.62766949460904,0.34011636177178395
16.51,31.22155116706011,131.0135795601524,103.31715191517942,-0.0670260603176341,-0.126567943313235,0.1927907980695354,0.132070641208181,-0.2497090472798607,0.0,24.64779425135388,9.793465032396472,-85.67684711253406,36.99592341714172,115.8224417633264,368.4283632956143,15.288,1.0,9.649509242707758,0.0725155419165224,-4.247607741932553e-06,-0.0347267742840795,0.0139129538429491,0.0022495028046602,0.1432198649928686,19.93286940424719,24.62791302147866,0.3420022724819883
16.52,31.22155188221036,131.01358014988315,103.071410857007,-0.0672534546519953,-0.1303881020903174,0.1924715744626188,0.1342783091630317,-0.2514126781622398,0.0,24.648639879615423,9.792107344801714,-85.69750126291633,37.07059527714558,115.7475557907632,368.46235683214326,15.288,1.0,9.645678558878943,0.0725178283546883,-4.2476625859526174e-06,-0.0346581581729382,0.0138083587149511,0.0022451881601969,0.1467108602714582,19.928413931086645,24.628158582111464,0.34392485520606403
16.53,31.22155259764356,131.01358073888943,102.82565540390593,-0.0675189586999623,-0.1341560051713579,0.1921750192432556,0.1365530671069593,-0.2530953736074682,0.0,24.649479601478856,9.790742750638136,-85.71808002146814,37.14631651824456,115.67161951220704,368.49617650543775,15.288,1.0,9.641847650542797,0.0725200973919542,-4.247717528702519e-06,-0.0345893851410684,0.0137009212022548,0.0022408623052279,0.150188665274137,19.924015258801496,24.62840644472024,0.3458832842144403
16.54,31.22155331335728,131.01358132717303,102.57988566817023,-0.0678220798249719,-0.1378701130175343,0.1919006264313712,0.1388937764022598,-0.2547565435306412,0.0,24.65031343917612,9.789371293122285,-85.73858212621026,37.22311496095861,115.59460506890692,368.52982294603066,15.288,1.0,9.63801651938083,0.0725223490939608,-4.247773286559875e-06,-0.0345204264602535,0.0135906825268436,0.0022365233818508,0.153648930023162,19.91967491391768,24.62865687336524,0.34787674256798645
16.55,31.221554029349058,131.01358191473577,102.33410175911192,-0.0681623118336618,-0.1415289130392172,0.1916478835875061,0.141299272722662,-0.2563956077769398,0.0,24.65114141496413,9.787993016777328,-85.75900630631726,37.30101837615367,115.51648465338975,368.56329678543926,15.288,1.0,9.634185167127644,0.0725245835264228,-4.2478305453057225e-06,-0.0344512537883771,0.0134776850661916,0.0022321695567544,0.1570876332845697,19.915394396192312,24.628910127898227,0.3499044204391106
16.56,31.22155474561645,131.01358250157946,102.0883037890256,-0.0684761692463981,-0.145208365721667,0.1914166321150174,0.1437894216597143,-0.258029115152107,0.0,24.651963507420223,9.786607855698737,-85.77935128274531,37.380054521324936,115.43723047303402,368.5965973492961,15.288,1.0,9.630310535072525,0.0725268006265464,-4.247889963859913e-06,-0.0343818576917299,0.0133619495636299,0.0022278002174483,0.1605442156865621,19.91109749474143,24.629154255088004,0.35198685926845386
16.57,31.221555462157088,131.01358308770588,101.84249186225364,-0.0688171167129777,-0.1488405994119615,0.1912068132876028,0.1463465184700097,-0.2596430985948393,0.0,24.65277979103031,9.78521567267754,-85.79961576949385,37.460251496890606,115.3568143927734,368.6297268314661,15.288,1.0,9.626429247611007,0.0725290006137027,-4.24795220123825e-06,-0.0343122461273029,0.0132434769859581,0.0022234158868976,0.1639795991371486,19.906852255679148,24.629399990642742,0.3541071696023995
16.58,31.221556178968488,131.01358367311687,101.59666608512708,-0.0691940741645109,-0.1524125438651167,0.191017891103358,0.1489662666042858,-0.2612345227235469,0.0,24.65359029542917,9.783816516266292,-85.81979847345582,37.54163751952412,115.27520816236772,368.66268608501673,15.288,1.0,9.62254774132988,0.0725311835753087,-4.2480179003649365e-06,-0.0342423924712,0.0131223124353802,0.0022190148431632,0.1673839661788785,19.902671771429063,24.62964941725793,0.3562615039127759
16.59,31.22155689604825,131.0135842578142,101.35082656894708,-0.0696065115101982,-0.1559227657621396,0.1908493224187964,0.1516473900484218,-0.2628028378341989,0.0,24.6543950426882,9.78241043753783,-85.83989809442758,37.62424070387421,115.19238363523752,368.6954757372792,15.288,1.0,9.6186660178965,0.0725333495765254,-4.248087673106816e-06,-0.0341722696209065,0.0129985031955056,0.0022145953322197,0.1707541020489112,19.89855746316195,24.629902782146864,0.3584490568406062
16.6,31.22155761339401,131.01358484179963,101.1049734190509,-0.0700538861059774,-0.1593698618412791,0.1907005584811082,0.1543885893767477,-0.2643475047542788,0.0,24.65519405489705,9.780997488699748,-85.85991332560857,37.70808904462808,115.10831278639893,368.728096416156,15.288,1.0,9.614784079049954,0.0725354986825722,-4.24816210018043e-06,-0.0341018508882472,0.0128720976220026,0.0022101556265076,0.1740870103322247,19.89451072210625,24.630160327819453,0.3606690211323424
16.61,31.22155833100336,131.01358542507495,100.85910673978256,-0.0705356427221688,-0.1627524597838562,0.1905710451641032,0.1571885424584179,-0.2658679951319659,0.0,24.655987354161983,9.779577723051649,-85.87984285411633,37.7932103994905,115.02296772947896,368.7605487506706,15.288,1.0,9.610901926403832,0.0725376309587083,-4.248241731165708e-06,-0.0340311100089394,0.0127431451191311,0.0022056940255673,0.1773798936686931,19.89053290864403,24.63042229194145,0.36292058631418467
16.62,31.221559048873942,131.01358600764192,100.61322663946152,-0.0710139537451672,-0.1661150465210752,0.1904603442011729,0.1600582145082204,-0.2673737998402798,0.0,24.65677496070316,9.77815115734039,-85.89968536151106,37.87963247940698,114.93632072646584,368.7928333134467,15.288,1.0,9.606994105469573,0.072539746464649,-4.248327085076272e-06,-0.0339600269534569,0.0126116889804187,0.0022012092325235,0.180657621419776,19.88657935532349,24.63068170676837,0.3652157219860869
16.63,31.22155976700338,131.01358658950227,100.36733322143829,-0.0714897106849088,-0.1694545035168409,0.1903685190163052,0.1629970333249473,-0.2688650580827197,0.0,24.65755690856416,9.776717617680092,-85.91943952472253,37.96738312161444,114.84834391391055,368.8249510910157,15.288,1.0,9.60306137613555,0.0725418453007742,-4.2484186709845225e-06,-0.0338886181194423,0.0124777292410581,0.0021967023127143,0.1839173526210859,19.882653161395304,24.63093909620039,0.36755492836176146
16.64,31.221560485389343,131.0135871706579,100.121426587075,-0.0719986059089563,-0.1727249272464015,0.1902950847324397,0.1659920410848519,-0.270331867461672,0.0,24.658333225378968,9.775277126750655,-85.93910401651094,38.05649035855272,114.75900923381369,368.856902878528,15.288,1.0,9.599128435288696,0.0725439275486049,-4.248516993608072e-06,-0.0338168663757895,0.0123413087051502,0.0021921721576526,0.1871301259617544,19.87880037828955,24.63120169834744,0.3699255270215298
16.65,31.221561204029456,131.01358775111046,99.87550684071668,-0.0725400660476563,-0.1759250378529434,0.1902394610624478,0.1690418161108575,-0.2717737330776908,0.0,24.65910393303728,9.773829743548829,-85.9586775053418,38.14698204662696,114.66828880577604,368.8886892996052,15.288,1.0,9.595195284581594,0.0725459932727612,-4.2486225279193615e-06,-0.0337447468412905,0.0122024812255376,0.0021876171556802,0.1902936246687964,19.87502227432693,24.631469736133845,0.3723266712584145
16.66,31.22156192292137,131.0135883308617,99.62957408770174,-0.0731135064196867,-0.1790535889474699,0.1902010632990522,0.1721449165152566,-0.2731901712715535,0.0,24.65986905343918,9.7723755279861,-85.97815865586493,38.238885823173575,114.57615497008528,368.9203109783128,15.288,1.0,9.591261925684991,0.0725480425378954,-4.248735717493998e-06,-0.0336722350816069,0.012061301607224,0.0021830357237715,0.1934056750292093,19.87132008438979,24.631743427236994,0.3747575035159609
16.67,31.2215626420628,131.0135889099134,99.3836284293938,-0.0737183311713646,-0.1821093682277332,0.1901793025767083,0.1752998809077466,-0.2745807098458795,0.0,24.66062860849321,9.770914540845114,-85.99754612944201,38.33222908694411,114.48258030722236,368.9517685394232,15.288,1.0,9.587328360196992,0.0725500754086796,-4.248856974582561e-06,-0.0335993071177817,0.0119178255814144,0.0021784263080988,0.196464236051315,19.8676950092858,24.63202298398822,0.37721715442739395
16.68,31.221563361451416,131.01358948826734,99.13766996616192,-0.074335730341063,-0.1851135866341658,0.190173611635909,0.1785111923931738,-0.2759497367309213,0.0,24.66138263073209,9.769446835699812,-86.01683858467278,38.42703897854384,114.38753765741131,368.9830629257174,15.288,1.0,9.583382161640252,0.0725520919810445,-4.248986680218063e-06,-0.0335259405068684,0.0117721084603239,0.0021737874550435,0.1994813814240432,19.864125730181595,24.632305107126506,0.37971108171100704
16.69,31.22156408108492,131.01359006592523,98.89169879837608,-0.0749273628674008,-0.1881114987717572,0.1901839710673395,0.1817907737800472,-0.2773077153588089,0.0,24.66213117382817,9.767972262634268,-86.03603467806161,38.52334254354964,114.29099995704912,369.0141957131922,15.288,1.0,9.579397369792424,0.0725540924131043,-4.249125196920566e-06,-0.0334521493432872,0.0116241620712073,0.0021691200817184,0.2024846302912152,19.860566769169008,24.632582741782983,0.38225305398389314
16.7,31.221564800961016,131.01359064288883,98.64571503236984,-0.0755490211591571,-0.1910326041685647,0.1902100221898475,0.1851192817932061,-0.2786397146934361,0.0,24.662874232529063,9.766490799845275,-86.05513306462292,38.621167012696255,114.1929399578062,369.0451667144844,15.288,1.0,9.575412373614324,0.0725560766896285,-4.249272889068804e-06,-0.0333779291041412,0.0114740225754451,0.0021644238929986,0.2054290371488289,19.857088906681373,24.63286695683272,0.3848234551551324
16.71,31.22156552107741,131.01359121915985,98.3997187585732,-0.0762000971694538,-0.1938757945923433,0.1902511548956705,0.1884951688573991,-0.2799452983312782,0.0,24.66361182849988,9.765002512945832,-86.07413239794654,38.72053938226804,114.09333064720715,369.0759765483925,15.288,1.0,9.571427174743109,0.0725580448745641,-4.249430094965881e-06,-0.0333032573088809,0.0113217496394408,0.0021596974315533,0.2083128809669044,19.853693239570585,24.633157948015626,0.3874213477333227
16.72,31.221566241431823,131.01359179474005,98.15371008332085,-0.0768799728061843,-0.1966399982905257,0.1903067559539879,0.1919168706910209,-0.281224041667701,0.0,24.664343983409378,9.763507468240256,-86.09303133066514,38.82148631587378,113.99214534703108,369.1066258337066,15.288,1.0,9.567441774742331,0.0725599970318767,-4.249597121614435e-06,-0.0332281119497196,0.0111674037480906,0.002154939270419,0.2111345446391441,19.850380828153654,24.633455905344945,0.3900457770947938
16.73,31.22156696202197,131.01359236963117,97.9076891059892,-0.0775880204851728,-0.1993241800317022,0.1903762092828832,0.1953828069248539,-0.2824755319839709,0.0,24.66507071892772,9.762005732680052,-86.1118285150013,38.924034122468136,113.88935773527604,369.1371151896205,15.288,1.0,9.563456175285932,0.0725619332255325,-4.2497742448451565e-06,-0.0331524714990099,0.01101104617674,0.0021501480134914,0.2138925089454757,19.847152696156687,24.63376101309852,0.39269577088680524
16.74,31.22156768284565,131.0135929438349,97.66165591800304,-0.0783176222465628,-0.201934697844514,0.1904588969507522,0.1988933315224245,-0.2837009538039343,0.0,24.66579206395845,9.76049737382044,-86.13052260332701,39.02820873403153,113.7849418684655,369.1674454522935,15.288,1.0,9.55946629656684,0.0725638535407722,-4.249961709457437e-06,-0.0330763149164915,0.0108527389627474,0.0021453222966364,0.2165900430570775,19.84400243762816,24.63407230146412,0.3953724572362728
16.75,31.22156840390057,131.01359351735303,97.41561062569748,-0.0790049153977596,-0.204548342536588,0.1905546599129288,0.202468365269933,-0.2849174245123024,0.0,24.66650812505736,9.758982279794,-86.14911224872225,39.13403580344545,113.67887208348422,369.1976197824566,15.288,1.0,9.555428812792243,0.0725657582912841,-4.250159737409642e-06,-0.0329996520091725,0.0106925075446718,0.0021404627630405,0.2192755676628294,19.840852855442957,24.634377814797823,0.39809855078904083
16.76,31.22156912518452,131.01359409018727,97.1695533185098,-0.0797189369901678,-0.2070784753888066,0.1906632665393348,0.2060843847821826,-0.2861067632570654,0.0,24.6672188466444,9.757460388928816,-86.16759610541108,39.24154108126516,113.57112261990054,369.2276364880025,15.288,1.0,9.551391131755423,0.0725676473137665,-4.250368554389828e-06,-0.0329224894585705,0.0105303825258606,0.0021355698392063,0.2218931639610774,19.837790990855456,24.63469110660993,0.40084951645216516
16.77,31.221569846695257,131.0135946623393,96.92348409581724,-0.0804590527146698,-0.209524175810596,0.1907840847451453,0.2097397380502586,-0.287268594923277,0.0,24.66792425012392,9.755931772460348,-86.18597282911581,39.35075001743182,113.46166801911806,369.2574961813534,15.288,1.0,9.54735325500288,0.072569520671397,-4.2505883642462335e-06,-0.0328448073212378,0.0103664285563137,0.0021306422313022,0.2244415526495248,19.834817752793807,24.635012342904407,0.40362429354367124
16.78,31.22157056843056,131.0135952338109,96.67740305500976,-0.0812246204551146,-0.2118845610770197,0.1909164806781568,0.2134327597915973,-0.2884025563392506,0.0,24.668624356896544,9.754396501768808,-86.20424107760626,39.46168760165568,113.35048328428876,369.287199474932,15.288,1.0,9.543315184211536,0.0725713784273439,-4.250819339951729e-06,-0.0327665861453569,0.0102007109594357,0.0021256786771446,0.2269195366540785,19.831934012192587,24.635341683733536,0.4064218006576484
16.79,31.221571290388223,131.01359580460368,96.43131028950124,-0.0820149895512476,-0.2141587878786983,0.1910598190099567,0.2171617725262707,-0.2895082966808262,0.0,24.66931918835908,9.752854648658383,-86.22239951128269,39.574378339188414,113.23754390452396,369.31674698148095,15.288,1.0,9.539276920816084,0.0725732206447593,-4.2510616237862304e-06,-0.0326878069770147,0.0100332957022046,0.0021206779466171,0.22932599855242,19.82914060042217,24.635679282954484,0.409240936043674
16.8,31.22157201256604,131.01359637471947,96.18520589668184,-0.0828287355677778,-0.216346994120375,0.1912134630258048,0.2209253369857688,-0.2905856805850143,0.0,24.67000876730266,9.7513062853132,-86.24044679377347,39.68884622631455,113.12282587938545,369.346139355562,15.288,1.0,9.535237943521633,0.0725750473909,-4.251315327530733e-06,-0.0326084513663178,0.0098642493650498,0.0021156388421966,0.2316605030964352,19.826437362226585,24.63602514169108,0.4120808545973136
16.81,31.22157273496184,131.0135969441599,95.93908996698396,-0.0835905313433866,-0.2185402420190368,0.191377152935554,0.2247469173076345,-0.2916548414380823,0.0,24.670693259467708,9.749751324630514,-86.25838159246217,39.805114826162026,113.00630564284192,369.37538153279706,15.288,1.0,9.531147129562711,0.0725768591535474,-4.251580539178589e-06,-0.0325285281163114,0.009693606219003,0.0021105619466351,0.2339811539999864,19.823732701186948,24.63636512176284,0.41496859885933063
16.82,31.22157345757342,131.0135975129268,95.69296259879192,-0.0843756317139944,-0.220644421189321,0.1915507369819901,0.2286009935224561,-0.2926961076220995,0.0,24.67137255501465,9.748189683110716,-86.27620257863619,39.92320767992113,112.8879596511116,369.40447019704106,15.288,1.0,9.527056125267723,0.07257865560978,-4.251857351225112e-06,-0.0324480509381319,0.0095213956849165,0.0021054481376606,0.2362269515451155,19.821121226075324,24.63671389604615,0.4178769083054545
16.83,31.221574180398623,131.0135980810217,95.44682388353296,-0.0851833844307091,-0.2226588120705904,0.1917335692907183,0.2324858319226735,-0.2937091671126774,0.0,24.67204667505713,9.746621437082627,-86.29390842813545,40.04314792675736,112.76776476352028,369.43340595365567,15.288,1.0,9.522964932240887,0.0725804368219109,-4.252145837169562e-06,-0.0323670025171726,0.0093476865062924,0.0021002962912087,0.2383969778503465,19.81860364411754,24.637071598676663,0.42080458467530857
16.84,31.22157490343528,131.01359864844653,95.20067391362788,-0.0860131321781783,-0.2245827332429865,0.1919250036255698,0.2363996889788915,-0.2946937196788758,0.0,24.672715640696943,9.745046661697838,-86.31149782206678,40.16495810582591,112.64569844084124,369.4621894077097,15.288,1.0,9.518873551954314,0.0725822028522213,-4.252446040370606e-06,-0.0322853660422998,0.0091725479456817,0.0020951053156843,0.2404903846075565,19.81618062421308,24.63743835778716,0.42375040812271014
16.85,31.22157562668121,131.0135992152028,94.95451278149788,-0.0868642111638918,-0.2264155437186387,0.1921243936989298,0.2403408126585713,-0.2956494774380091,0.0,24.67337947302609,9.743465432311458,-86.32896944744526,40.28866013024735,112.5217387713001,369.4908211643624,15.288,1.0,9.514781986031098,0.0725839537629592,-4.252757974279119e-06,-0.0322031252109056,0.0089960497535997,0.0020898741523015,0.2425063923728743,19.813852794620235,24.63781429514976,0.42671313829425467
16.86,31.221576350134328,131.01359978129233,94.70834057658249,-0.0877332228047485,-0.2281599990736541,0.1923310915597709,0.2443083335054063,-0.2965768888052983,0.0,24.67403819978216,9.741877824438967,-86.34632199784093,40.41427526090471,112.39586449675753,369.5193020279608,15.288,1.0,9.510688373601957,0.0725856896359238,-4.253081622682383e-06,-0.0321202642338142,0.0088182621372016,0.0020846017759734,0.2444464417313748,19.811617365982837,24.638199005655483,0.42969251980246537
16.87,31.221577073792457,131.01360034671677,94.46215739428544,-0.088547773756712,-0.2299037459872657,0.1925448263545228,0.2483247564395656,-0.2974954244487293,0.0,24.67469202506712,9.740283743353087,-86.36355417385859,40.54182419451312,112.26805492438764,369.5476380857757,15.288,1.0,9.506543582285913,0.0725874110717395,-4.2534169471448684e-06,-0.0320367964273138,0.0086392205674611,0.0020792890653301,0.2463663909207055,19.80938612069584,24.638578926004143,0.4327149435651518
16.88,31.22157779765348,131.01360091147782,94.21596332205844,-0.0893821345524759,-0.2315540812882876,0.1927654533198606,0.2523647732446197,-0.2983856994005163,0.0,24.675340794453703,9.738683115149572,-86.38066468296496,40.67132748457888,112.1382895048078,369.5758246867831,15.288,1.0,9.502398607504176,0.0725891176163108,-4.253763915281775e-06,-0.0319527371048001,0.0084589590950433,0.002073936998537,0.2482063960555971,19.807252311204827,24.63896846342979,0.43575282486193356
16.89,31.221578521715266,131.0136014755772,93.96975845331784,-0.0902356463241804,-0.233110493068456,0.1929923211675595,0.2564265911210895,-0.2992474646846257,0.0,24.67598452873447,9.737076018484425,-86.39765224050664,40.80280513082218,112.006548243439,369.6038624281862,15.288,1.0,9.498253450747873,0.072590809331,-4.25412247611515e-06,-0.0318680716272116,0.0082775496207202,0.0020685446246268,0.2499658555065618,19.80521643611483,24.6393677191298,0.4388048288063854
16.9,31.221579245975704,131.01360203901666,93.7235428745216,-0.0911076463335338,-0.2345725091946096,0.1932247796938677,0.2605084115100533,-0.3000804832044399,0.0,24.6766232486852,9.73546253100574,-86.41451557061212,40.936276384203246,111.87281189580294,369.631751906657,15.288,1.0,9.494108113565476,0.0725924862771247,-4.254492549547844e-06,-0.0317827858634234,0.0080950644035353,0.0020631110254409,0.2516442308371179,19.8032789540174,24.63977678803713,0.441869601076432
16.91,31.22157997043269,131.01360260179783,93.47731667709854,-0.0919974665520845,-0.2359396995180046,0.1934621800799751,0.264608431429372,-0.300884530272891,0.0,24.67725697506788,9.73384273035092,-86.43125340689922,41.07175971982707,111.737061994595,369.65949371899006,15.288,1.0,9.489962597448114,0.0725941485159542,-4.254874026642737e-06,-0.0316968661941528,0.0079115760287953,0.0020576353158968,0.2532410468718461,19.801440281258916,24.640195758476334,0.44494576934986996
16.92,31.22158069508413,131.0136031639224,93.23107994750704,-0.0928924117530317,-0.2372264622227198,0.1937038662566663,0.2687287784632549,-0.3016625922678592,0.0,24.677885765241776,9.732216691502012,-86.44786449318282,41.209272809830175,111.59928087677494,369.6870895585189,15.288,1.0,9.4858086931146,0.0725957962164201,-4.255266769912197e-06,-0.0316102998348099,0.007727156983419,0.002052116667998,0.2547652747762459,19.799685904604093,24.64062242616033,0.4480364535960196
16.93,31.22158141992797,131.01360372539213,92.98483277618232,-0.0937377316143938,-0.2384989559708592,0.1939496563172485,0.2728863729057061,-0.3024296971431009,0.0,24.678509813575367,9.730584285037192,-86.46434758379428,41.34883266679824,111.45945153980064,369.7145452240948,15.288,1.0,9.481609268285217,0.0725974299504967,-4.255670624034818e-06,-0.0315231095752303,0.0075418368988355,0.0020465565745228,0.2562585873232915,19.79794918554173,24.641046593365854,0.45116201459927746
16.94,31.22158214496212,131.0136042862086,92.7385752485892,-0.0945993558288244,-0.239674950254503,0.1941993339549635,0.277058386448673,-0.3031685710745316,0.0,24.67912894439508,9.728945474607409,-86.4807014431381,41.49045603301462,111.31755725157694,369.7418554281605,15.288,1.0,9.477409666663135,0.0725990492015859,-4.256085441487654e-06,-0.0314353070497696,0.0073556599993028,0.0020409557735335,0.2576685229209564,19.79631289125551,24.641481001043744,0.454297164086974
16.95,31.22158287018448,131.01360484637368,92.4923074531752,-0.0954766294933501,-0.2407541449971427,0.1944522508892221,0.2812429904750072,-0.3038790271963124,0.0,24.67974317814466,9.72730033930442,-86.49692484725408,41.63415889957558,111.17358203221109,369.7690207586221,15.288,1.0,9.4732098898362,0.0726006540300234,-4.2565110543047645e-06,-0.0313468802959928,0.0071687003762046,0.0020353134875095,0.2589947711094887,19.79477730734593,24.641925716769407,0.4574404450166023
16.96,31.221583595593,131.0136054058889,92.2460294744118,-0.0963688933651364,-0.2417362829992568,0.1947077613523199,0.2854383552558459,-0.3045608908746181,0.0,24.6803525352523,9.725648958044626,-86.51301658483744,41.77995635613802,111.0275108044794,369.7960418034871,15.288,1.0,9.469009939179244,0.0726022444960897,-4.25694726668202e-06,-0.0312578178566083,0.0069810323144606,0.002029628971609,0.2602370823338099,19.793342676247896,24.64238080136796,0.46059038551877685
16.97,31.22158432118563,131.01360596475604,91.99974140472268,-0.0972754847173353,-0.2426211492468656,0.194965222408954,0.2896426505515884,-0.305213999610821,0.0,24.680957036127413,9.723991409527583,-86.52897545800727,41.92786256380088,110.8793294209222,369.8229191501188,15.288,1.0,9.464809816241385,0.0726038206600163,-4.2573938552987065e-06,-0.0311681087824223,0.0067927302598058,0.0020239015138663,0.261395266655519,19.792009197921157,24.642846309019564,0.46374549973660845
16.98,31.221585046960342,131.01360652297677,91.75344332460372,-0.0981669446038189,-0.2434439838935433,0.1952239924898508,0.2938635397607706,-0.3058459212219241,0.0,24.68155680612092,9.722327751762494,-86.54480028308475,42.0778907308331,110.72902468808628,369.8496565312713,15.288,1.0,9.460589840700226,0.0726053828907359,-4.25785056979914e-06,-0.0310777455937557,0.0066038651468945,0.0020181306360937,0.2624912652171691,19.79074135351728,24.64331682961176,0.46691531863122115
16.99,31.22158577291509,131.0136070805528,91.5071353175328,-0.0990211622629683,-0.2442310280812222,0.195484040367194,0.2981075152895514,-0.3064632828333161,0.0,24.682151954358005,9.720657819859571,-86.56048989043374,42.23005337874921,110.57658409989553,369.87625719431605,15.288,1.0,9.456335116995405,0.0726069315094437,-4.25831715057624e-06,-0.0309867615826834,0.0064144584877569,0.0020123185063867,0.26354112822549,19.78951267701541,24.6437883503565,0.47010833265893714
17.0,31.22158649904785,131.01360763748576,91.26081747295258,-0.0998882293733684,-0.2449197588988819,0.1957450181334169,0.3023566029628105,-0.3070528312012195,0.0,24.682742320984687,9.718981627737987,-86.57604312415452,42.38436257982922,110.42199559964908,369.90271632528646,15.288,1.0,9.45208022319736,0.0726084660460841,-4.258793344597216e-06,-0.0308951612614481,0.006224567890209,0.0020064654022449,0.2645057388659977,19.788386133680472,24.64427053238497,0.4733044143338903
17.01,31.2215872253566,131.0136081937774,91.0144898753352,-0.1007675021776109,-0.2455100928947975,0.1960062887980987,0.3066089627468383,-0.3076144404264392,0.0,24.683327926081947,9.717299254788704,-86.59145884424261,42.54082944178298,110.265248096239,369.92903450259166,15.288,1.0,9.447825160737926,0.0726099865599186,-4.259278875845554e-06,-0.0308029353001675,0.0060342686547173,0.0020005707169948,0.2653850656349381,19.787361791187884,24.64476340888424,0.4765020096956224
17.02,31.221587951839297,131.01360874942938,90.76815260318952,-0.1016583343752649,-0.2460019891951491,0.1962672192860352,0.310862757386627,-0.3081479964236862,0.0,24.683908789710305,9.715610780030008,-86.60673592760017,42.699464021272746,110.10633155071332,369.9552123045042,15.288,1.0,9.443569931088156,0.0726114931101411,-4.25977344197804e-06,-0.0307100748645054,0.0058436361088136,0.0019946338760616,0.2661791354197829,19.78643967433361,24.64526700633319,0.47969955492601996
17.03,31.22158867849396,131.01360930444343,90.5218057449644,-0.1025600772582543,-0.246395449595102,0.1965271807381111,0.3151161532315256,-0.3086533969868325,0.0,24.684484931909576,9.713916282069023,-86.62187326887776,42.860275298187055,109.9452370019762,369.98125030878697,15.288,1.0,9.43931453566026,0.0726129857558859,-4.260276714683748e-06,-0.0306165716174601,0.0056527455744062,0.0019886543370912,0.266888033052024,19.785619764938254,24.645781344487943,0.4828954775806206
17.04,31.221589405318607,131.01360985882118,90.27544938215092,-0.1034189028104636,-0.2467559221936631,0.1967856100722414,0.3193850451924646,-0.3091449613192699,0.0,24.68505659819055,9.712215767112422,-86.63686978121977,43.0232711781472,109.781956564208,370.0071558524954,15.288,1.0,9.435022584852335,0.072614465219543,-4.2607883416449375e-06,-0.0305224292095757,0.0054616582038471,0.0019826323544342,0.2675516557056606,19.784836073488865,24.646296388389885,0.48610903152810253
17.05,31.221590132311228,131.01361041256433,90.02908359524602,-0.1042606167989991,-0.2470509521238505,0.1970426057103981,0.3236603427888467,-0.3096167035601991,0.0,24.685623709288485,9.710509069311028,-86.65172439518473,43.18845893126792,109.61648298728464,370.03292653768847,15.288,1.0,9.430711887831858,0.072615931268121,-4.261307973886694e-06,-0.0304276853897421,0.0052703937519438,0.0019765703713017,0.2681499240989692,19.78412128338902,24.646817156725053,0.48933047021703174
17.06,31.221590859469828,131.0136109656746,89.78270847071148,-0.1051118310355324,-0.2472471334236688,0.1972976686754278,0.3279314550523736,-0.3100614253685187,0.0,24.686186172089144,9.708796249930032,-86.66643605954334,43.355845100414,109.4488097486378,370.0585595508713,15.288,1.0,9.42640102726262,0.0726173836278899,-4.261835261758649e-06,-0.030332337519519,0.0050790221641659,0.0019704682067125,0.2686625642505711,19.783509049365527,24.64734880372589,0.49254796393760814
17.07,31.22159158679244,131.01361151815368,89.53632408606273,-0.1059719217906116,-0.2473445982316982,0.1975501812318118,0.3321965540074849,-0.3104790591205032,0.0,24.686744006294624,9.70707738755652,-86.68100374364809,43.52543507625519,109.278931478876,370.08405546041087,15.288,1.0,9.422090004515466,0.0726188223569897,-4.262369831394697e-06,-0.0302363788141062,0.004887618968505,0.0019643254193952,0.269089815341027,19.78299922219934,24.647891328337728,0.4957598922376864
17.08,31.22159231427709,131.0136120700032,89.28993052279151,-0.1068402642369554,-0.2473435207644443,0.1977995308935722,0.3364538183720406,-0.3108695485081208,0.0,24.687297231583408,9.705352560221584,-86.69542643837606,43.69723306085098,109.10684399819596,370.1094148344303,15.288,1.0,9.417778821060589,0.0726202475134834,-4.26291128431213e-06,-0.0301398029678879,0.0046962595546683,0.0019581415991531,0.2694319736349365,19.782591610294364,24.64844472287309,0.49896463051852297
17.09,31.221593041921828,131.0136126212249,89.0435278633839,-0.1077121892431377,-0.2472490903214911,0.1980451006503735,0.3407027559216202,-0.3112339229649366,0.0,24.687845886755845,9.703621845364008,-86.70970315704132,43.87124204502189,108.93254433898524,370.1346388143295,15.288,1.0,9.413464716641034,0.0726216592116889,-4.263459197802941e-06,-0.0300426041552402,0.0045050191416795,0.0019519163684349,0.2696923364881906,19.782280964435085,24.649008211006663,0.502162109869261
17.1,31.22159376972469,131.01361317182042,88.79711618436188,-0.1085138977071167,-0.2471515622348147,0.1982865628526417,0.344966424957337,-0.3115923623502644,0.0,24.68839034611033,9.70188513455614,-86.72383293562174,44.047463926437686,108.75603062747749,370.1597386024637,15.288,1.0,9.409097521064943,0.0726230585528141,-4.264013133238432e-06,-0.0299448080749207,0.0043139345600978,0.0019456514243504,0.2699242258037619,19.781976237477718,24.6495679898946,0.5053802485562521
17.11,31.221594497683743,131.01361372179147,88.55069556721766,-0.1093225137386502,-0.2469556082525017,0.1985239680223081,0.3492185616871372,-0.3119249533377131,0.0,24.68893026845607,9.700142351132657,-86.73781483094832,44.22590000521655,108.5773015872914,370.1847039474024,15.288,1.0,9.40473016691108,0.0726244445333836,-4.26457266585856e-06,-0.0298464406725896,0.0041230426929238,0.0019393484238145,0.2700711210917389,19.781773543139792,24.650138692333755,0.5085887790945547
17.12,31.221595225797017,131.01361427113974,88.30426609344435,-0.1101374410771138,-0.2466615317066176,0.1987567189338818,0.3534573636218101,-0.3122316724910046,0.0,24.689465673133963,9.698393573407923,-86.75164792353812,44.406550504880144,108.39635701922604,370.2095354075989,15.288,1.0,9.400362655648506,0.0726258172104721,-4.265137358366544e-06,-0.029747497122625,0.0039324185982045,0.0019330070531328,0.2701334711053917,19.78167256007553,24.650720290018885,0.5117860476081509
17.13,31.22159595406257,131.0136148198669,88.05782784155203,-0.1109580843537478,-0.2462696761332442,0.198984224579463,0.3576810377276292,-0.312512506829277,0.0,24.6899965794546,9.696638878151012,-86.76533131940965,44.58941436411229,108.2131980097875,370.2342335410985,15.288,1.0,9.395994988645654,0.0726271766410572,-4.2657067503137366e-06,-0.0296479730560767,0.0037421370654694,0.0019266270282503,0.2701117806548532,19.781672926462992,24.651312748299567,0.5149704004174636
17.14,31.221596682478506,131.01361536797464,87.81138089005185,-0.1117838483118269,-0.2457804262914914,0.1992059004523788,0.3618878015061174,-0.3127674540858915,0.0,24.690523006702577,9.694878341406392,-86.77886415102897,44.77448921805296,108.02782694986908,370.2587989053004,15.288,1.0,9.391627167331336,0.0726285228820402,-4.266280358510383e-06,-0.0295478645605735,0.0035522725840603,0.001920208094751,0.2700066111148888,19.78177423897679,24.651916026024484,0.5181401856537904
17.15,31.22159741104289,131.01361591546464,87.56492531049655,-0.1125709171410987,-0.2452473669956104,0.1994211440941534,0.3660902314185197,-0.3130081866361759,0.0,24.69104520419488,9.693111992663946,-86.79224557819572,44.96177139332083,107.84024753968096,370.2832389573778,15.288,1.0,9.387229621062191,0.0726298566669691,-4.266857678125152e-06,-0.0294471752442627,0.0033628906220974,0.0019137505047774,0.2698488558667514,19.781922414002725,24.65252195550645,0.5213108239363092
17.16,31.2215981397538,131.0136164623386,87.31846119034385,-0.1133230777503731,-0.2446655762822584,0.1996300874634811,0.3702865764367995,-0.313234730147284,0.0,24.691563179777503,9.691339646853615,-86.80547478648256,45.15125631787836,107.65046437819336,370.3075539127468,15.288,1.0,9.382805068821984,0.072631178019095,-4.267438206831144e-06,-0.0293459492337724,0.0031740070042067,0.0019072571250218,0.2696354689396104,19.782122389922296,24.65313131772543,0.5244809974445258
17.17,31.221598868609323,131.01361700859815,87.07198860015238,-0.1140791324746033,-0.2439871066235428,0.1998324032461872,0.3744624688296009,-0.313436854129729,0.0,24.692076746628548,9.689561342093976,-86.81855098722548,45.34293860713911,107.45848287686486,370.3317381479932,15.288,1.0,9.378380364394534,0.0726324863890397,-4.268021450652344e-06,-0.0292441922633017,0.0029856849462761,0.0019007283124156,0.2693393361538579,19.782422528457705,24.65375145737227,0.5276341454794672
17.18,31.221599597607543,131.01361755424503,86.82550761843423,-0.114838521072345,-0.2432124654146952,0.2000275266227306,0.3786161589551837,-0.3136145857042287,0.0,24.692585923682955,9.687777153265245,-86.8314734211813,45.53681154945562,107.264309774924,370.3557922107644,15.288,1.0,9.373955509206716,0.0726337818326734,-4.268606895852279e-06,-0.0291419017825034,0.0027979979889173,0.0018941639014966,0.2689611682847966,19.782822303167084,24.654382313683456,0.5307686083362684
17.19,31.22160032674659,131.01361809928085,86.57901832071907,-0.1156006841266227,-0.2423422004322027,0.2002149001516562,0.3827459107092028,-0.3137679620470408,0.0,24.69309072985044,9.685987154403502,-86.84424135966675,45.73286706085732,107.0679531846544,370.37971664824346,15.288,1.0,9.369530504603883,0.0726350644057885,-4.269194007526511e-06,-0.0290390756700761,0.0026110192472624,0.0018875637546764,0.2685017329354604,19.78332114697323,24.655023819527536,0.5338827328304484
17.2,31.22160105602456,131.0136186437074,86.33252078353048,-0.1163580272318767,-0.2413855534907226,0.2003939498112993,0.3868523037044103,-0.3138989012928561,0.0,24.69359122491685,9.684191418668162,-86.85685410553636,45.93109567302541,106.86942260339264,370.4035132339812,15.288,1.0,9.365100544765008,0.072636334284416,-4.269782230035732e-06,-0.0289357122329448,0.0024248213801897,0.0018809277653089,0.2679665946203914,19.78390971672238,24.655674583005247,0.5369776161398583
17.21,31.22160178543955,131.0136191875262,86.08601508339284,-0.1170407029610443,-0.2404283760511214,0.2005643922606361,0.390957336614691,-0.3140267315199845,0.0,24.694087839050063,9.682389815298436,-86.86931099304094,46.13148668882374,106.66872875772184,370.4271948539277,15.288,1.0,9.360618080508676,0.0726375927340608,-4.27037099643561e-06,-0.0288318442821483,0.0022394346413896,0.0018742580978052,0.2674027856188352,19.78450132686548,24.65632154889005,0.5400800890653678
17.22,31.221602514989712,131.01361973073907,85.83950129186015,-0.1177250329913119,-0.2393767799504233,0.2007263863928503,0.3950350762518002,-0.3141318128740415,0.0,24.694580151354607,9.68058227180788,-86.88161138493231,46.33402871294621,106.46588307199949,370.45074886232527,15.288,1.0,9.35613546897475,0.0726388385168185,-4.270959758475032e-06,-0.02872750039962,0.0020548944933731,0.0018675565772221,0.2667589652390543,19.78519073185884,24.65697904407584,0.5431598195035502
17.23,31.221603244673144,131.01362027334767,85.59297948645089,-0.1184104967381035,-0.2382314301487285,0.200879397825861,0.3990838310029944,-0.3142142090449224,0.0,24.695068180388464,9.678768860903132,-86.89375467649616,46.53870912795229,106.26089819308912,370.4741757963448,15.288,1.0,9.351652711608546,0.0726400716874478,-4.2715479581772656e-06,-0.028622679713661,0.0018712726052104,0.0018608231476995,0.2660360487760667,19.78597724711493,24.657646982673164,0.5462151643854584
17.24,31.221603974487973,131.0136208153536,85.34644974170146,-0.1190965755905406,-0.2369930301641824,0.2010229003360625,0.4031019254702328,-0.3142739928956505,0.0,24.69555194468108,9.676949654062089,-86.90574029768294,46.74551390532408,106.05378817955308,370.4974761927878,15.288,1.0,9.347169809710849,0.0726412923006155,-4.272135018038947e-06,-0.028517381750336,0.0016886401006818,0.0018540577792397,0.2652350085724539,19.78686014927526,24.658325272707664,0.5492444914497614
17.25,31.22160470443235,131.0136213567586,85.09991213016094,-0.1197827530183884,-0.2356623218067524,0.2011563760970739,0.4070877011880796,-0.3143112464445529,0.0,24.696031462733764,9.675124721781792,-86.91756771407027,46.954427600276375,105.84456850681433,370.5206505876898,15.288,1.0,9.34268676464438,0.072642500410907,-4.272720341473986e-06,-0.0284116064319663,0.0015070675287288,0.0018472604676127,0.2643568741881781,19.787838676481854,24.659013816162236,0.5522461803803002
17.26,31.22160543450441,131.01362189756426,84.85336672338364,-0.1204069341339102,-0.234315826947867,0.2012792902750655,0.4110601213412528,-0.3143428100237664,0.0,24.696507146861286,9.673294041337416,-86.92923642748326,47.165433392685024,105.63325602613794,370.5437113345545,15.288,1.0,9.338161405555546,0.0726436972312956,-4.273303315596812e-06,-0.0283053689407394,0.0013266065477987,0.0018404322301519,0.2634419399449881,19.78883553510969,24.65970100542872,0.5552433504908971
17.27,31.22160616470232,131.01362243777237,84.60681359590684,-0.1210076790701884,-0.2329063060185599,0.2013919684014087,0.4150061964172552,-0.3143595434128892,0.0,24.69697877928106,9.671457432983145,-86.94074597257249,47.37851364407946,105.4198684068133,370.5666518806745,15.288,1.0,9.333620163644332,0.0726448821213373,-4.273883341687914e-06,-0.0281987162817387,0.0011472695193787,0.0018335761063852,0.2624654741557555,19.789898407949828,24.66039404303796,0.5582210946713422
17.28,31.2216068950242,131.01362297738456,84.36025282027984,-0.121607565379257,-0.2314062175094141,0.2014940495369165,0.4189168647871632,-0.3143554933373286,0.0,24.69744623287237,9.669614954553737,-86.95209591856349,47.59364972941928,105.20442430461284,370.5894683929527,15.288,1.0,9.329078780667691,0.072646054707274,-4.27445982634482e-06,-0.0280916524432529,0.0009691215404505,0.0018266923461221,0.2614137659934478,19.79105509577847,24.661097128046976,0.5611689298181494
17.29,31.2216076254682,131.01362351640245,84.11368446905189,-0.1222061198784253,-0.2298164116363148,0.2015850422861739,0.4227905251150221,-0.314330764110182,0.0,24.697909525801062,9.667766674489652,-86.96328587322115,47.81082161864392,104.98694378082672,370.6121613981092,15.288,1.0,9.324537258026869,0.0726472150426998,-4.275032158815814e-06,-0.0279841784353265,0.0007922311600223,0.0018197810164193,0.2602879918522969,19.79230472821113,24.661810145075457,0.5640852654223877
17.3,31.221608356032508,131.01362405482774,83.86710861576658,-0.1228028719926068,-0.2281377753291006,0.2016644643276653,0.4266255956193903,-0.3142854683610212,0.0,24.698368676184725,9.665912660158911,-86.97431548383315,48.030007870377766,104.76744830854484,370.634731421486,15.288,1.0,9.319995597060355,0.072648363181068,-4.275599710970942e-06,-0.0278762956289327,0.000616666240659,0.0018128422078194,0.2590893865128834,19.793646397999588,24.662532972928005,0.5669685270216241
17.31,31.22160908671528,131.01362459266213,83.62052532601527,-0.1233583394910893,-0.2264192188929507,0.2017317483267208,0.430433449488268,-0.3142302415206251,0.0,24.6988239706428,9.664052942096706,-86.98518443805155,48.25118564470057,104.5459607598479,370.6571870475186,15.288,1.0,9.315427101287913,0.0726494999656049,-4.276161838156161e-06,-0.0277680111347908,0.0004424873111407,0.0018058764037997,0.2578427105681438,19.7950306807707,24.663258215475945,0.5698326924698469
17.32,31.221609817514693,131.01362512990727,83.37393467632424,-0.1238647533998446,-0.2246706856832079,0.2017871003877247,0.4342164199137965,-0.3141683616178533,0.0,24.69927548907661,9.66218731562788,-86.99589246111972,48.474331132173184,104.3225049761739,370.67953065733366,15.288,1.0,9.310826495964031,0.0726506256314873,-4.276717901911059e-06,-0.0276593755045913,0.0002697011568014,0.0017988868978372,0.2565527538430978,19.79644750984657,24.663984390736,0.5726811439599582
17.33,31.22161054842892,131.01362566656482,83.12733673327898,-0.1243685481356896,-0.2228354887014294,0.2018304335331368,0.4379579866377948,-0.3140877719056213,0.0,24.69972293107544,9.66031579495458,-87.006439314579,48.6994197647112,104.09710555715368,370.70175321693233,15.288,1.0,9.306225754467876,0.072651739295237,-4.277267281162108e-06,-0.0275504023591915,9.835966044694916e-05,0.001791874554326,0.2551923055332819,19.7979541410983,24.66472010260442,0.5754944399563234
17.34,31.22161127945611,131.01362620263643,82.88073157141793,-0.1248692995641148,-0.2209146149193615,0.2018612942691599,0.4416566348530338,-0.313988603633298,0.0,24.70016631439992,9.658438445071951,-87.01682480177033,48.92642564708946,103.86978842989312,370.72385524166447,15.288,1.0,9.30162487813406,0.0726528410092528,-4.277809341427061e-06,-0.0274410940113367,-7.147174743732105e-05,0.0017848395256555,0.2537627470521473,19.799549567328587,24.665465213814645,0.5782710510178724
17.35,31.22161201059447,131.0136267381238,82.63411925335095,-0.125366586756569,-0.2189090859405426,0.2018792387035595,0.4453108716588521,-0.313870995419677,0.0,24.700605656782937,9.6565553298258,-87.02704876908784,49.155321518681134,103.64058088727776,370.74583724619487,15.288,1.0,9.297023868233632,0.0726539308258514,-4.278343432553164e-06,-0.0273314530965578,-0.0002397284263148,0.001777781985235,0.2522655198523648,19.8012327465912,24.66621958163253,0.5810094673951831
17.36,31.221612741842204,131.01362727302853,82.3874998556052,-0.1258371100434961,-0.2168481025149172,0.2018837422139801,0.4489267650583776,-0.3137412209230155,0.0,24.70104114455852,9.654666500691675,-87.03711110678934,49.38607876750584,103.4095115738974,370.76770480697127,15.288,1.0,9.292407075943313,0.0726550092932643,-4.278868889205657e-06,-0.0272214840777431,-0.0004063484059422,0.0017707022374565,0.2507149820438511,19.80297415874905,24.66697880558684,0.5837172598633391
17.37,31.22161347319748,131.01362780735235,82.14087344178434,-0.1262396729795981,-0.2147829167745321,0.2018748202557446,0.4525175770142929,-0.3136113898479785,0.0,24.70147310604272,9.652771764889303,-87.0470117469509,49.618667742903234,103.17661017295156,370.7894677636326,15.288,1.0,9.287746364700954,0.0726560773773455,-4.279385046702872e-06,-0.0271112345396991,-0.0005713232165198,0.0017636034018105,0.2491346658389858,19.804721990134865,24.66773516338726,0.5864108665454252
17.38,31.221614204658486,131.01362834109693,81.8942400864279,-0.1266381084887968,-0.2126356319705604,0.2018526633130533,0.4560614719608319,-0.3134650703425181,0.0,24.701901091359783,9.650871087498553,-87.05675065964532,49.85305821555301,102.94190694562568,370.8111125943316,15.288,1.0,9.283085522071945,0.0726571337549881,-4.279891264755904e-06,-0.0270007282306168,-0.0007346155452294,0.0017564869919515,0.2474894924611004,19.8065549515126,24.66850044106629,0.5890644397843867
17.39,31.221614936223457,131.01362887426384,81.64759985214614,-0.1270320448547603,-0.210407360148787,0.2018168582048819,0.45955703281647,-0.3133024156503404,0.0,24.70232511788452,9.64896452973729,-87.0663278592203,50.08921877090489,102.70543333848508,370.8326398035536,15.288,1.0,9.278424549386664,0.0726581784774539,-4.280386894676886e-06,-0.0268899685691238,-0.0008961635787306,0.0017493532328531,0.2457810511079428,19.80847191079013,24.669274481325093,0.5916765284503909
17.4,31.221615667890585,131.0136294068548,81.40095280850848,-0.1274211139848409,-0.2080992457291897,0.2017670017692186,0.4630028665472755,-0.3131235854019296,0.0,24.70274520296459,9.647052151610955,-87.0757434060458,50.327116717823685,102.46722207495456,370.8540498953952,15.288,1.0,9.27376344786822,0.0726592115959179,-4.2808712738257845e-06,-0.0267789592560611,-0.00105590638809,0.0017422023678815,0.2440109935408124,19.81047170343136,24.67005712175241,0.5942457043756342
17.41,31.221616399658046,131.01362993887145,81.15429902408982,-0.127791595369795,-0.2057288933329123,0.2017026339346797,0.4664019899914768,-0.3129323101096396,0.0,24.70316146884236,9.64513400903807,-87.08499740720809,50.566718110759695,102.22730713312455,370.87534652343305,15.288,1.0,9.269093086562243,0.072660233470091,-4.2813437260655294e-06,-0.0266677046197127,-0.001213784381506,0.0017350346886257,0.242187941931621,19.81253652513045,24.670845719285943,0.5967758369059128
17.42,31.221617131524088,131.0136304703154,80.90763856348958,-0.1280821104749236,-0.2033725644270515,0.2016236146497324,0.4697742622928429,-0.3127459961823834,0.0,24.703574421402305,9.643209925759637,-87.09409001477628,50.80798800199784,101.98572349318272,370.89654486209,15.288,1.0,9.26437151700648,0.0726612455880902,-4.281803573824712e-06,-0.0265562486800615,-0.0013697873904624,0.0017278530959249,0.2403442491299796,19.814589267341823,24.67162880076612,0.5992912460776646
17.43,31.22161786348692,131.01363100118837,80.66097149528318,-0.1283672602833422,-0.2009392982001718,0.2015303604691062,0.473094640645701,-0.312545536979451,0.0,24.703983495944364,9.641279828849404,-87.10302142025412,51.050891024507806,101.74250655383088,370.917627939532,15.288,1.0,9.25964982086563,0.0726622462890919,-4.282250167503248e-06,-0.0264446227599457,-0.0015238902468562,0.0017206595897757,0.2384422100129307,19.816721873178995,24.67242008949421,0.6017621937977379
17.44,31.221618595544733,131.013631531492,80.4142978870523,-0.1286467279972608,-0.1984303192185288,0.2014225003040466,0.4763618157075237,-0.3123311025753118,0.0,24.704388709458808,9.639343775491035,-87.11179186113968,51.29539080391572,101.49769272109876,370.9385962495862,15.288,1.0,9.254927999356855,0.0726632356232198,-4.282682853673892e-06,-0.026332831173734,-0.0016760352032193,0.0017134544541021,0.2364836274267254,19.81893309845081,24.67321941011197,0.6041873225489032
17.45,31.221619327695773,131.01363206122784,80.16761780140854,-0.1289202010839158,-0.1958468815161817,0.201299673389326,0.4795745039565686,-0.3121028683146698,0.0,24.70479007890712,9.637401821608094,-87.12040162317939,51.54144982027972,101.25131954676132,370.9594502855118,15.288,1.0,9.250206053784265,0.0726642136405091,-4.283100966656212e-06,-0.026220878475437,-0.0018261654808961,0.0017062379884564,0.2344703702318327,19.821221669479307,24.67402658260352,0.6065653004929331
17.46,31.221620059938264,131.0136325903976,79.92093130493964,-0.1291767677708141,-0.1932033109066592,0.2011614687859119,0.4827349262499717,-0.3118638418024159,0.0,24.7051877096732,9.635454020790895,-87.12885104089833,51.78902943865923,101.00342569774732,370.9801931960104,15.288,1.0,9.24547673597226,0.072665180651076,-4.283503828967952e-06,-0.0261087695840928,-0.0019742254506236,0.0016990105222626,0.2324093230304389,19.82357309469776,24.674839462076623,0.6088990075286979
17.47,31.221620792270425,131.01363311900295,79.67423846224581,-0.1293484448045599,-0.1905841678415944,0.2010077000114322,0.4858652051209731,-0.3116331904614156,0.0,24.70558219226301,9.633500197953246,-87.1371404956635,52.03809015325079,100.75405071171548,371.00084270066606,15.288,1.0,9.240693545930256,0.0726661383919085,-4.283890762418056e-06,-0.0259965480285959,-0.0021202077100513,0.0016917749307128,0.2303329839562123,19.825901855635028,24.67564535638958,0.6112154598897938
17.48,31.22162152469048,131.0136336470455,79.42753934190337,-0.1295138035920451,-0.187893777273842,0.2008389196564678,0.4889391957708101,-0.3113908316179725,0.0,24.70597289285969,9.631540263760284,-87.14527040897761,52.288592216656525,100.50323436702548,371.0213797492336,15.288,1.0,9.235910233920473,0.0726670849989086,-4.284261119228944e-06,-0.0258842482342352,-0.0022640944094082,0.0016845334128245,0.2282056895192351,19.828304689873207,24.67645866024332,0.6134835440543749
17.49,31.221622257196675,131.01363417452689,79.18083400453638,-0.129672584679884,-0.1851334620112226,0.2006547998607804,0.4919557050600905,-0.3111369466314297,0.0,24.706359828067107,9.629574271182038,-87.15324124943471,52.540495057990086,100.251017265396,371.0418048247087,15.288,1.0,9.231126801329909,0.072668020521059,-4.2846142505306766e-06,-0.0257718751900697,-0.0024058322616145,0.0016772862971075,0.2260294658984573,19.830780255633258,24.677279182460893,0.6157020090981267
17.5,31.221622989787228,131.01363470144872,78.93412251176292,-0.1298245325947278,-0.1823045722151848,0.2004550232611334,0.4949135674329746,-0.310871721197158,0.0,24.706743014464564,9.627602271895128,-87.16105353518918,52.79375713034346,99.99744098465504,371.06211840951977,15.288,1.0,9.226343249281369,0.0726689450072683,-4.284949496859963e-06,-0.0256594340807075,-0.0025453690219555,0.0016700339248338,0.2238064106240881,19.83332718380089,24.678106727543977,0.6178696323820573
17.51,31.221623722460404,131.01363522781264,78.68740493216013,-0.1299546158705662,-0.1794266652429971,0.200239195011546,0.4978165027116721,-0.3105992933644595,0.0,24.70712259907564,9.625624312658513,-87.16870783429229,53.04833594871811,99.74254804078612,371.0823249046121,15.288,1.0,9.221549470524344,0.0726698588901135,-4.285266188601113e-06,-0.0255469307229159,-0.0026826540496142,0.001662776687238,0.2215447475784602,19.835925690015177,24.678938370472743,0.6199910697981494
17.52,31.221624455214435,131.0136357536203,78.44068133032854,-0.1300021390286377,-0.1765754999687765,0.2000072257780961,0.5006844829075408,-0.3103369919693272,0.0,24.70749914152288,9.623640199188303,-87.17620476190544,53.30418837619264,99.48638160143992,371.10244110592015,15.288,1.0,9.216703887635695,0.072670763815722,-4.285563658736889e-06,-0.0254344121609352,-0.0028176882761995,0.0016555176865732,0.2192701754375812,19.838499140162703,24.67976277075264,0.6220907412688378
17.53,31.221625188047536,131.01363627887324,78.19395176391075,-0.1300426879695531,-0.1736592303683284,0.1997596953063173,0.5034924023348307,-0.3100654870585896,0.0,24.707871995869727,9.621649850326136,-87.18354497305133,53.561271236384485,99.2289848727614,371.12244759612497,15.288,1.0,9.211858187514688,0.0726716578843688,-4.2858412726057805e-06,-0.0253219109072321,-0.0029504556291306,0.0016482589985843,0.2169529377585654,19.841140425194688,24.68059370951748,0.6241387196310225
17.54,31.22162592095799,131.01363680357315,77.94721629850204,-0.1300760614112436,-0.170679263505484,0.1994963194378476,0.5062391913800515,-0.3097849658046453,0.0,24.70824117833972,9.61965331472656,-87.19072917038115,53.819540704208194,98.97040170941725,371.14234484750045,15.288,1.0,9.207012371365533,0.0726725411439138,-4.286098394923651e-06,-0.0252094323959428,-0.0030809076181931,0.0016410009814276,0.2145952997961505,19.84384811992185,24.681430981974305,0.6261338717853885
17.55,31.22162665394403,131.01363732772165,77.70047499472717,-0.1301020626667255,-0.167637030259364,0.1992168245624943,0.5089238091578506,-0.3094956184940718,0.0,24.70860670512803,9.617650639730767,-87.19775810636753,54.078952180028914,98.71067674062616,371.1621333317141,15.288,1.0,9.20216644048164,0.0726734136421304,-4.286334381414789e-06,-0.0250969822118447,-0.0032089968578352,0.0016337440030991,0.2121996049127051,19.846620775403924,24.682274379560702,0.6280750947008868
17.56,31.22162738700389,131.01363785132028,77.45372791420547,-0.130094458362211,-0.1645660179625532,0.1989207955321649,0.511553838621278,-0.3092046241460174,0.0,24.708968834927177,9.615641857489742,-87.20463258340797,54.339460334403775,98.4498553253984,371.1818208061375,15.288,1.0,9.197302577208504,0.0726742761400288,-4.286548579284679e-06,-0.0249845679744023,-0.0033346794073441,0.0016264885800505,0.2097772528756189,19.84942451288829,24.68311890081624,0.629971675789153
17.57,31.221628120135858,131.01363837437077,77.20697512352656,-0.1300140390504036,-0.1615157046120547,0.1986083896197415,0.5141425483560788,-0.3089237617772352,0.0,24.70932795788958,9.613626740232862,-87.21135344928568,54.601019494610526,98.18798316558016,371.2014189791097,15.288,1.0,9.192393818970256,0.0726751297852618,-4.2867403446582045e-06,-0.0248722431522847,-0.0034579686991127,0.0016192382220032,0.2073425388371529,19.85220927182291,24.68395716393933,0.6318399663269393
17.58,31.221628853338164,131.0136388968746,76.96021667735153,-0.1299262946103057,-0.1584068055885633,0.1982801003626672,0.5166680783914328,-0.30863623710358,0.0,24.70968348451336,9.611605236988632,-87.21792159055758,54.863584147876175,97.9251058020707,371.2209101256844,15.288,1.0,9.187484948197058,0.0726759728441125,-4.286909066506817e-06,-0.0247600338075849,-0.0035788454314558,0.0016119945905423,0.2048743885340268,19.85505525797902,24.684801033376512,0.6336538710384262
17.59,31.22162958660905,131.0136394188334,76.71345263928816,-0.1298310827837994,-0.155240796677373,0.1979356871373078,0.5191294882257343,-0.3083422373441925,0.0,24.710035430643007,9.609577392068465,-87.22433794131707,55.127108297254416,97.66126925975507,371.240294707462,15.288,1.0,9.182575966040904,0.0726768053633212,-4.287054131797292e-06,-0.0246479455841482,-0.0036972661867974,0.0016047580581387,0.202375328936092,19.857960978456568,24.685650293160062,0.6354123835104675
17.6,31.2216303199468,131.01363994024882,76.46668306996224,-0.1297282658751078,-0.152019174459207,0.1975749197989106,0.5215258671018886,-0.3080419517415722,0.0,24.71038381209502,9.607543248465756,-87.23060348460184,55.391545395450486,97.39652011379565,371.2595731853205,15.288,1.0,9.177666873744158,0.0726776273895456,-4.287174920029878e-06,-0.0245359842310324,-0.0038131887024776,0.0015975290041427,0.1998479744182573,19.86092491965604,24.686504724027515,0.6371145289684421
17.61,31.22163105334966,131.0136404611224,76.21990802900552,-0.1295731825051266,-0.148798230831649,0.1971973439922533,0.5238711363486749,-0.3077476021128037,0.0,24.710729080999688,9.605502804586804,-87.23671925212156,55.65684840353344,97.1309054308882,371.2787591316067,15.288,1.0,9.172727180940855,0.0726784402527125,-4.2872708041798285e-06,-0.0244241621528028,-0.003926579949747,0.0015903082693705,0.1973070839532526,19.863890124268053,24.68735593583071,0.6387772276647247
17.62,31.221631786815905,131.01364098145575,75.97312757704407,-0.1293625961023205,-0.1455833259914531,0.196803477115312,0.5261670844113185,-0.3074615259707204,0.0,24.711071295936662,9.6034558071755,-87.24268631675501,55.92297034235684,96.86447221723968,371.2978542939481,15.288,1.0,9.16775445464841,0.072679244125242,-4.287341176217413e-06,-0.0243125380952352,-0.0040374649810545,0.0015830996864969,0.1947540758581437,19.866851165121627,24.68820314517264,0.6404029975529695
17.63,31.221632520343785,131.01364150125045,75.7263417697337,-0.129144643557821,-0.142316648482309,0.1963936296664057,0.5283974116159421,-0.3071713364724553,0.0,24.71141000416955,9.601402246756416,-87.2485057890405,56.189864527668085,96.59726718323188,371.31684505427256,15.288,1.0,9.162781620407658,0.0726800376756888,-4.287385457386212e-06,-0.0242011290970965,-0.004145818618027,0.0015759043402539,0.1921778683803622,19.86986653815873,24.6890549802892,0.6419723610298554
17.64,31.22163325393156,131.0136420205081,75.47955067167707,-0.1289192417111084,-0.1389997268987521,0.1959676037697543,0.5305613106317068,-0.3068772150944554,0.0,24.711745221166137,9.599342163344735,-87.25417882600334,56.45748396239768,96.32933735188412,371.3357318634641,15.288,1.0,9.157808679385484,0.0726808209496825,-4.287403065113812e-06,-0.0240899407732602,-0.0042516027283275,0.0015687226018619,0.1895812816581975,19.872934698800027,24.68991121653965,0.6434844451971022
17.65,31.221633987577487,131.01364253923015,75.23275433952459,-0.1286863116625683,-0.1356341076918236,0.1955252118359806,0.5326580046320122,-0.3065793442927594,0.0,24.71207696236824,9.597275595646154,-87.25970663156819,56.7257813349837,96.06073006057174,371.3545151719028,15.288,1.0,9.152835632748776,0.072681593992772,-4.287393410792416e-06,-0.023978978798566,-0.0043547803725999,0.0015615548464705,0.1869672352172443,19.876054084727947,24.690771626452136,0.6449384100121811
17.66,31.22163472127984,131.0136430574183,74.98595282893211,-0.1283754004487902,-0.1323079304693528,0.1950659745617547,0.5347103723611675,-0.3062971084990006,0.0,24.71240596709173,9.59520247159878,-87.26509045530125,56.99470912757676,95.7914928527353,371.37321718647377,15.288,1.0,9.14781424183298,0.0726823589795144,-4.287355903038345e-06,-0.0238682665588888,-0.0044553375393372,0.0015544026482034,0.1843518446129673,19.879135502483557,24.69162310444361,0.6463620002886881
17.67,31.221635455036903,131.01364357507416,74.73914619953267,-0.1280340064725103,-0.1289642594761672,0.1945908156863158,0.5367036561652828,-0.3060192785050039,0.0,24.712731776252248,9.593122555228494,-87.27033158137833,57.26422034145971,95.52167275167716,371.3918240974066,15.288,1.0,9.142776744292586,0.072683114559803,-4.287289982012586e-06,-0.0237578606023038,-0.0045533021729108,0.0015472696652514,0.1817263309251885,19.88223656915824,24.69247413485028,0.6477377547336353
17.68,31.22163618884693,131.01364409219917,74.4923345119531,-0.1276855168904858,-0.1255758396319655,0.194099798149682,0.5386295718951287,-0.3057398621412518,0.0,24.713054166220715,9.591035872909664,-87.2754313312377,57.534268300104266,95.25131645777596,371.4103291702814,15.288,1.0,9.1377391433424,0.0726838600760449,-4.287195107882128e-06,-0.0236477694778687,-0.0046486443297927,0.0015401564454119,0.1790889628571074,19.88538486963597,24.693328775250063,0.649055783938352
17.69,31.2216369227082,131.01364460879492,74.2455178178739,-0.1273299068926602,-0.1221442362800907,0.1935927654423489,0.540487447904055,-0.305459029405101,0.0,24.71337315209237,9.588942460479116,-87.28039107041779,57.80480620925545,94.98047078894768,371.4287328454427,15.288,1.0,9.132701440141211,0.0726845955727693,-4.28707073620305e-06,-0.0235379985321704,-0.0047413313108427,0.0015330633430338,0.1764428946867397,19.88857882378808,24.69418679485614,0.6503153533621678
17.7,31.221637656618945,131.01364512486293,73.9986961818985,-0.1269582349940486,-0.118682003429076,0.1930694968579789,0.5422795701317547,-0.3051793288339313,0.0,24.713688844248253,9.586842352485393,-87.28521220817699,58.07578719568224,94.70918264189076,371.4470384278415,15.288,1.0,9.127657535024037,0.0726853213747451,-4.286916317817175e-06,-0.0234285531272204,-0.0048313316355557,0.0015259907193719,0.1737923712887838,19.891805730215385,24.69504633207541,0.6515192902338368
17.71,31.22163839057747,131.0136456404048,73.7518696537193,-0.1264935248840101,-0.1152854094190673,0.1925297739565647,0.544031790912137,-0.3049224366205026,0.0,24.714002089216034,9.584735345716023,-87.28989619340113,58.34716456886084,94.4374987301484,371.465271352098,15.288,1.0,9.122554552445267,0.0726860399718145,-4.286731309686073e-06,-0.0233194782008865,-0.0049186637323423,0.0015189415586521,0.1711470591906047,19.894968158695725,24.695893111670483,0.6526990085310514
17.72,31.221639124582047,131.01364615542204,73.50503829396419,-0.1260222710561078,-0.1118496426736453,0.1919746514757207,0.5457161643307261,-0.304666279585378,0.0,24.714311985636048,9.582621311778096,-87.29444450260178,58.61889253461742,94.16546486970856,371.4834045114931,15.288,1.0,9.117451469815904,0.0726867487131105,-4.286515209128994e-06,-0.0232108119813002,-0.0050033390024227,0.0015119183005535,0.1684990658552579,19.898172191700905,24.696742696008585,0.6538210311220191
17.73,31.22163985863093,131.01364666991617,73.25820215431375,-0.1255445019886644,-0.1083762769316241,0.1914040027445198,0.5473321245100858,-0.3044110116498965,0.0,24.714618548260457,9.580500283891606,-87.29885864959165,58.890925575625324,93.89312659924576,371.501438336385,15.288,1.0,9.112348288333155,0.0726874476421538,-4.286267520748568e-06,-0.0231025593347693,-0.0050853290395727,0.0015049212686892,0.165851803076533,19.90141624178743,24.697594852640268,0.6548847309267958
17.74,31.221640592722384,131.0136471838887,73.01136129738404,-0.1250602498643715,-0.1048668980206447,0.1908177106889999,0.5488791363774886,-0.3041567856592523,0.0,24.71492179181553,9.578372293900818,-87.30314018840238,59.16321827395016,93.62052935781465,371.5193732568226,15.288,1.0,9.107245009170793,0.0726881368023803,-4.285987745273272e-06,-0.0229947251022816,-0.0051646066603896,0.0014979507850304,0.1632088077661291,19.904698709561305,24.698449347191048,0.6558895145721244
17.75,31.221641326854705,131.01364769734127,72.76451576988615,-0.1245206424479363,-0.1013832703234196,0.190215346279525,0.5503729809059938,-0.3039169885089527,0.0,24.715222277392016,9.576237322054386,-87.30729071231718,59.43572537047891,93.34771842539216,371.5372261296527,15.288,1.0,9.102108131329052,0.072688817844113,-4.2856753805779775e-06,-0.0228873217809409,-0.0052411553679924,0.0014910077032789,0.1605737890022101,19.907957083469167,24.69929703884017,0.6568544983296832
17.76,31.22164206102616,131.01364821027525,72.51766563443607,-0.1239277675852797,-0.0979244827466364,0.1895976054361429,0.551814207561682,-0.3036926014411789,0.0,24.715520009786506,9.574095091680167,-87.31131184345674,59.70840235580664,93.07473833137504,371.55499708809833,15.288,1.0,9.096938734764263,0.0726894907815753,-4.2853299492479125e-06,-0.0227804093341845,-0.0053150183480058,0.0014840959355293,0.1579470827410395,19.91119228980679,24.700138075494877,0.65778063807333
17.77,31.221642795235013,131.01364872269215,72.27081094172122,-0.123329178299764,-0.0944337062819276,0.1889649591198575,0.5531871078470623,-0.3034713661851937,0.0,24.71581447729223,9.571945586190049,-87.31520522871236,59.98120566104555,92.80163266360144,371.57267073561127,15.288,1.0,9.091769242634568,0.0726901541099295,-4.284951007070052e-06,-0.0226740027888855,-0.0053861847834789,0.001477216435913,0.1553312503314255,19.914461856400447,24.700980872112805,0.6586490736026847
17.78,31.221643529479525,131.01364923459357,72.02395174640571,-0.1227249586876109,-0.0909125219424093,0.1883173181331784,0.554491251851322,-0.3032534149348438,0.0,24.71610569429421,9.569788834894103,-87.31897255031971,60.254092026306026,92.52844470060528,371.5902474922838,15.288,1.0,9.086599656128875,0.0726908078716085,-4.284538109081764e-06,-0.022568106315107,-0.0054546317978947,0.0014703694831969,0.1527301197878878,19.9177641897223,24.701825194733843,0.6594593197143881
17.79,31.221644263757984,131.01364974598093,71.77708810315339,-0.1221151957632076,-0.0873625200091936,0.1876546024168117,0.5557262404130995,-0.3030388778923135,0.0,24.716393675155928,9.567624865893588,-87.32261552579432,60.52701849640688,92.25521741594564,371.6077277778228,15.288,1.0,9.08142997636477,0.0726914521089775,-4.284090807527832e-06,-0.0224627240155269,-0.0055203377406741,0.0014635553517535,0.1501476585975096,19.9210976871102,24.70267080792032,0.6602109250884313
17.8,31.221644998068665,131.01365025685575,71.53022006464033,-0.1214033211997317,-0.0839042124321803,0.1869763124337985,0.5569244488086853,-0.3028544939553891,0.0,24.716679561340666,9.565453506141038,-87.32613590410504,60.79994261979256,91.9819932791063,371.62514590462047,15.288,1.0,9.07619388330088,0.0726920901792218,-4.283608659925866e-06,-0.0223578930755682,-0.0055833229865086,0.0014567765379587,0.1475759896686054,19.924340365516752,24.70349992318214,0.6609431349224941
17.81,31.22164573240984,131.0136507672195,71.2833476855308,-0.1206860554415868,-0.0804203315807508,0.1862838554824301,0.5580550923899328,-0.3026756444094129,0.0,24.716962257898047,9.56327457167716,-87.3295354509018,61.072823214586,91.70881348864056,371.6424689370695,15.288,1.0,9.070957237364002,0.0726927188621791,-4.283091266349172e-06,-0.0222536586277689,-0.005643619015958,0.0014500359238843,0.1450260119565476,19.927610936941328,24.704329865901208,0.6616190041665888
17.82,31.22164646677975,131.01365127707368,71.03647101850103,-0.1199642036435069,-0.0769116181927055,0.1855771753852155,0.5591176265319,-0.302502259690946,0.0,24.717241771123835,9.561088091391186,-87.33281595785611,61.34561981254687,91.4357185288557,371.6596970523482,15.288,1.0,9.065720500384153,0.0726933381764911,-4.282538240153433e-06,-0.0221500240752531,-0.0057012072979119,0.0014433337383327,0.1425019246346858,19.93090865923023,24.705160526017604,0.662237891879307
17.83,31.221647201176687,131.01365178641964,70.78959011722154,-0.1192379026160876,-0.0733796449867077,0.1848562176282856,0.5601117554211134,-0.302334444982075,0.0,24.717518115045124,9.558894091105564,-87.33597924722258,61.61829239079841,91.16274843840895,371.676830660496,15.288,1.0,9.060483673445177,0.0726939481635307,-4.281949192534483e-06,-0.0220469926640934,-0.0057560704500752,0.0014366702003171,0.140008006719353,19.93423194826257,24.705991670515477,0.6627994541181944
17.84,31.22164793559894,131.01365229525902,70.54270503337489,-0.1184532498643805,-0.0698924767048566,0.1841205434284761,0.561055243166418,-0.3021869550021885,0.0,24.71779195549976,9.556692534843704,-87.33902717047769,61.89080142676737,90.88994275533804,371.6938897748173,15.288,1.0,9.05520972790485,0.0726945507816343,-4.281323733763655e-06,-0.0219445769036489,-0.0058082038373814,0.0014300461701999,0.137535899835898,19.937511909354832,24.70681327365469,0.6633251963934587
17.85,31.22164867004476,131.01365280359312,70.29581581665528,-0.1176202387031597,-0.0664395781326242,0.1833710022196834,0.5619463604771782,-0.3020586745460578,0.0,24.71806320131804,9.554483133557076,-87.34196159569002,62.16310851891125,90.61733989569194,371.7108716435529,15.288,1.0,9.049905074105824,0.0726951457627796,-4.280661502934602e-06,-0.0218428364473042,-0.0058576621902966,0.0014234655364277,0.1350878673088615,19.940759215181597,24.70762689912845,0.6638132865325302
17.86,31.22164940451241,131.01365331142347,70.04892252371593,-0.1167838728610429,-0.0629673483744243,0.1826081239532591,0.562770461742889,-0.3019379640848623,0.0,24.718331329585137,9.552265871086624,-87.34478440414365,62.435176500523085,90.3449770396324,371.727760528949,15.288,1.0,9.044600332576724,0.0726957315692005,-4.279962173287472e-06,-0.0217417832729802,-0.0059044429363501,0.0014169290562622,0.1326776334985143,19.944028134823807,24.708440443622678,0.6642460791752894
17.87,31.22165013900016,131.01365381875146,69.80202520226344,-0.1159443371486192,-0.0594773323041081,0.1818318775830162,0.5635273521225834,-0.301824900405008,0.0,24.718596353994126,9.550040771216196,-87.3474975019255,62.70696880567357,90.07289076620368,371.7445568313879,15.288,1.0,9.039295504415396,0.0726963082412853,-4.2792254184445205e-06,-0.0216414196275827,-0.0059485328948317,0.0014104368840156,0.1303097753276889,19.94731711289361,24.709253678160987,0.6646233360333867
17.88,31.22165087350628,131.01365432557856,69.55512390497472,-0.1150848028370938,-0.0559920124205742,0.1810420751355785,0.5642224701990473,-0.3017241106543561,0.0,24.7188585002986,9.547807852217495,-87.3501028196183,62.978449460006416,89.80111706257068,371.7612673299064,15.288,1.0,9.03397894589095,0.0726968764430822,-4.278450910657359e-06,-0.0215417481515414,-0.0059899207392649,0.0014039892116654,0.1279828624573864,19.950603398076897,24.71006329695451,0.6649516281633374
17.89,31.22165160802905,131.0136548319061,69.30821868353296,-0.1141397424199644,-0.0525937913153634,0.1802386829091173,0.5648786857745502,-0.3016543598961167,0.0,24.71911861162472,9.545566863019951,-87.35260230543595,63.24958338828722,89.52969101616527,371.7779173751896,15.288,1.0,9.028605419131653,0.072697438654287,-4.277638334927044e-06,-0.0214428172408706,-0.0060286528197398,0.0013975892480852,0.1256741183603619,19.953803579623845,24.710857199363865,0.6652587957355636
17.9,31.221652342566728,131.01365533773563,69.06130958663918,-0.1131927400287197,-0.0491816232952472,0.1794229451929482,0.5654694138061008,-0.3015941947487393,0.0,24.7193756697918,9.543317683015855,-87.35499791066883,63.520337066833314,89.25864616158006,371.7944763310367,15.288,1.0,9.023231807858268,0.0726979918805922,-4.276787421853549e-06,-0.0213446579769521,-0.0060647555580211,0.00139123896836,0.1234156607485473,19.95701995942548,24.711650239418702,0.6655128169449989
17.91,31.22165307711757,131.01365584306848,68.81439666299424,-0.1122440264398464,-0.045757015307369,0.1785948521427825,0.5659945572267397,-0.3015436603390641,0.0,24.719629688159976,9.541060334217406,-87.35729160312668,63.79067781099553,88.98801519387082,371.8109445882732,15.288,1.0,9.017858113281678,0.0726985361614031,-4.275897910496196e-06,-0.0212472714696476,-0.0060982198752371,0.0013849384530596,0.1212123064806021,19.960251020796736,24.71244219376699,0.6657135563535389
17.92,31.22165381167984,131.01365634790605,68.56747996726416,-0.1112938331084426,-0.0423214761533305,0.1777544013518137,0.5664540476745004,-0.3015027972873192,0.0,24.719880680073697,9.5387948376089,-87.35948536979076,64.06057361323627,88.71783013067184,371.8273225370976,15.288,1.0,9.012484336439767,0.0726990715360842,-4.274969538931852e-06,-0.0211506586505246,-0.0061290378545232,0.0013786877710898,0.1190689815965317,19.96349524528401,24.71323283874959,0.665860910475187
17.93,31.221654546251816,131.0136568522497,68.32055954516797,-0.1102553990779128,-0.038983546771535,0.1769010326820711,0.5668771998216926,-0.3014954968015175,0.0,24.720129785961795,9.536521057312951,-87.36158121353034,64.32999326537602,88.44812218983625,371.8436444756388,15.288,1.0,9.007050800912598,0.0726996013586425,-4.274002049428208e-06,-0.021054845739356,-0.0061572340796826,0.0013724887023388,0.1169442947271778,19.96664275990008,24.714006265226843,0.6659904425990363
17.94,31.22165528083176,131.0136573561008,68.0736354483894,-0.1092023697365535,-0.0356544163214706,0.1760362356344662,0.5672414475832331,-0.3015034606652116,0.0,24.72037608492536,9.53423874609558,-87.36358113538928,64.59890712865946,88.17892101856911,371.8598826908328,15.288,1.0,9.001607443625703,0.0727001229208957,-4.272995227226167e-06,-0.020959883847856,-0.0061828651487482,0.0013663445344874,0.1148755562315482,19.969783482965468,24.71477550266764,0.6660750354920787
17.95,31.221656015417903,131.0136578594608,67.82670772364183,-0.1081492599358047,-0.0323180236311574,0.1751601893041588,0.5675421535968384,-0.3015229332642629,0.0,24.72061940676668,9.531947921912115,-87.36548714214254,64.86728671449735,87.91025511314697,371.8760320518465,15.288,1.0,8.996164006239798,0.0727006357224194,-4.27194887917551e-06,-0.020865774222625,-0.0062059276831093,0.0013602553471148,0.1128747794502248,19.972933683122005,24.71554290375496,0.6661090506146056
17.96,31.221656750008528,131.01365836233097,67.57977641863293,-0.1070963437958782,-0.0289758279118811,0.1742729094254864,0.5677793422574359,-0.3015539197487564,0.0,24.720859764502485,9.529648604339869,-87.36730125426112,65.13510427340417,87.64215223043011,371.8920929395807,15.288,1.0,8.990720489906307,0.0727011398016076,-4.2708628115808325e-06,-0.0207725164932271,-0.0062264176974361,0.0013542211245575,0.1109469444394024,19.976091892125293,24.716308252291515,0.666092482294876
17.97,31.221657484601884,131.0136588647127,67.3328415870348,-0.1059807481995413,-0.025706981719273,0.173373898734726,0.5679741953519725,-0.3016135911673467,0.0,24.72109801482855,9.527340732025118,-87.36902550416846,65.40233283819991,87.37463934462812,371.9080911197759,15.288,1.0,8.985233608140009,0.0727016376780106,-4.269736831734497e-06,-0.0206801226301462,-0.0062443477745283,0.0013482427016766,0.1090539643697758,19.979177988373745,24.717059971718268,0.6660510143563051
17.98,31.221658219196243,131.0136593666074,67.08590327257929,-0.1048270015760905,-0.022483100516126,0.1724642649108995,0.5681206276361876,-0.3016969322871283,0.0,24.72133386152929,9.52502400182832,-87.37066192017296,65.66894688731286,87.1077419833082,371.9240176716467,15.288,1.0,8.979719617070758,0.0727021284805853,-4.268570781396832e-06,-0.020588650447128,-0.0062597882902757,0.001342323838831,0.1072109579465391,19.982220717777857,24.717802224449358,0.6659774839800943
17.99,31.221658953789834,131.0136598680163,66.83896152595642,-0.1036749694428253,-0.0192569256747122,0.1715445706423897,0.5682059591626994,-0.3017935415948381,0.0,24.72156679240192,9.522698403028684,-87.37221252539781,65.9349223184308,86.8414842537812,371.9398571738717,15.288,1.0,8.97420554917803,0.0727026107031165,-4.267364536162383e-06,-0.0204981057892384,-0.0062727470489909,0.0013364648971276,0.1054482245978902,19.985267932077363,24.718541921647347,0.6658565111893405
18.0,31.221659688380928,131.01366036894075,66.59201638791588,-0.1025249655055203,-0.0160298581350456,0.1706148472228881,0.5682303023381028,-0.3019033859969574,0.0,24.721796820141414,9.520363954115735,-87.37367935076881,66.20023582376844,86.57588946850301,371.9556099980945,15.288,1.0,8.968691405552057,0.0727030843830481,-4.2661179724616026e-06,-0.0204084868602244,-0.0062832238271347,0.001330665768198,0.103770538353178,19.988318221764477,24.719278855946506,0.6656881830591325
18.01,31.22166042296777,131.0136608693821,66.3450679161066,-0.1013319110076217,-0.0128591455996212,0.1696746971379521,0.5682088932190879,-0.3020386952118982,0.0,24.72202458232128,9.51802063264413,-87.37506443430635,66.46486488192134,86.31098015323603,371.97129532007216,15.288,1.0,8.96314608704558,0.0727035513954924,-4.264830966733118e-06,-0.0203197975822709,-0.0062912268097772,0.0013249267499575,0.102144572255681,19.9913136410198,24.720004672470875,0.6654909635655637
18.02,31.221661157548613,131.01366136934166,66.09811614730204,-0.1000834217879778,-0.0097618043239098,0.1687248303576939,0.5681478729544812,-0.3022042807636563,0.0,24.722250279744763,9.515668126254376,-87.37636980773226,66.72878827847023,86.04677752590582,371.98691917409553,15.288,1.0,8.957560562916653,0.0727040123310759,-4.263503421862658e-06,-0.0202320943616226,-0.0062968301350857,0.0013192515386873,0.1005583613810931,19.994236974141,24.72071689911469,0.6652725014862803
18.03,31.221661892121688,131.01366186882066,65.85116113716334,-0.0988385970703563,-0.0066668905184568,0.1677661638023123,0.5680285698310817,-0.3023847636548006,0.0,24.722473121254204,9.513306385556245,-87.37759748816931,66.9919863826301,85.78330121966361,372.0024577432049,15.288,1.0,8.951974965312088,0.0727044648632288,-4.262135282634224e-06,-0.0201453891697133,-0.0063000546246234,0.0013136408807224,0.0990631902128461,19.997160049942945,24.72142588854281,0.665010140638365
18.04,31.221662626685248,131.01366236782044,65.60420292743457,-0.0975977869808277,-0.0035757384657716,0.166798741639469,0.5678511787677812,-0.3025800699219127,0.0,24.72269311922819,9.510935428291928,-87.37874949427962,67.25444040816025,85.52057002275889,372.01791138985374,15.288,1.0,8.94638929520779,0.0727049090284627,-4.260726496977631e-06,-0.0200596786678465,-0.0063009036175704,0.001308094567319,0.097663268002487,20.000081525878706,24.72213144354379,0.6647040545644494
18.05,31.221663361237564,131.01366286634223,65.35724156184821,-0.0963274467555199,-0.0005313806533285,0.1658222544307447,0.5676271486191857,-0.3027992441949294,0.0,24.72291076643581,9.508555250276403,-87.37982784676733,67.51613235091929,85.25860194105081,372.03329493451935,15.288,1.0,8.940780339051619,0.0727053462760253,-4.259277012519173e-06,-0.0199749622040972,-0.0062993851113286,0.0013026125901712,0.0963289123946853,20.002957847109396,24.722827297357973,0.6643681074517818
18.06,31.22166409577684,131.01366336438738,65.11027708910704,-0.0949908159222898,0.0024192006416106,0.1648370968468312,0.5673706518979607,-0.3030535177101403,0.0,24.72312661361356,9.506165546008088,-87.38083455696847,67.77704540586468,84.99741378057601,372.0486249443715,15.288,1.0,8.935122371023713,0.072705778225617,-4.257786798009574e-06,-0.019891292275766,-0.006295573853734,0.0012971984096266,0.0950216166764208,20.00574146250591,24.723506620761608,0.664019698298551
18.07,31.221664830301325,131.01366386195704,64.8633095529435,-0.0936599442701646,0.0053629168006094,0.1638444606747027,0.5670590433048539,-0.3033241765571031,0.0,24.72333966341997,9.503766233130396,-87.38177161386253,68.0371644197172,84.73702069440903,372.06387139423896,15.288,1.0,8.929464332733193,0.0727062019443484,-4.256255868354216e-06,-0.0198086856508746,-0.0062895019637651,0.0012918530749326,0.0938133573209428,20.008520363579944,24.72418206841987,0.6636313147913117
18.08,31.221665564809246,131.0136643590525,64.616339001067,-0.0923352152421285,0.0082985083890982,0.1628444001934367,0.5666925940268746,-0.3036111034127904,0.0,24.72354992791747,9.50135732899384,-87.38264100184014,68.29647511099316,84.47743696344601,372.0790346375804,15.288,1.0,8.923806225194593,0.0727066174677946,-4.254684243818617e-06,-0.0197271373398078,-0.0062811761168684,0.0012865762698282,0.0927073737917509,20.01129328277453,24.72485345456246,0.6632032093670841
18.09,31.221666299298874,131.013664855675,64.36936547721014,-0.0909881989390777,0.0111892722570124,0.1618366505080315,0.5662811286905723,-0.3039219183350685,0.0,24.723757839295768,9.498938835621558,-87.38344470241782,68.55496395883861,84.2186761076861,372.094127673611,15.288,1.0,8.918128318258114,0.0727070260670357,-4.253071944165572e-06,-0.0196466440272379,-0.0062706063718256,0.0012813678089259,0.091673617001559,20.014023072777444,24.72551544606068,0.6627472750628216
18.1,31.221667033768423,131.01366535182575,64.12238902411173,-0.0895706115763579,0.0139740854675614,0.1608214382697817,0.5658426491623627,-0.3042708604229364,0.0,24.72396413131479,9.49651045260672,-87.38418468358662,68.81261857168364,83.9607505171901,372.109172580956,15.288,1.0,8.912396983564635,0.0727074298999823,-4.251419007929275e-06,-0.0195672550770006,-0.0062578689290618,0.0012762309578531,0.0906541193990819,20.016647868573383,24.726159175505305,0.6622855842616204
18.11,31.22166776821612,131.013665847506,63.875409687492834,-0.0881610120821659,0.0167479137354318,0.1598001175670374,0.5653525552890639,-0.3046375245342078,0.0,24.72416768313352,9.494072079622727,-87.3848628845608,69.0694282079988,83.70367093077753,372.12413561353947,15.288,1.0,8.906665581890493,0.0727078256705916,-4.24972552148125e-06,-0.0194889890355867,-0.0062430033707181,0.0012711668765977,0.0897377091514716,20.019263811937307,24.726798439233765,0.6617881917204652
18.12,31.221668502640192,131.01366634271693,63.62842751208092,-0.086759813554476,0.0195095796220892,0.1587727499804629,0.5648111877918611,-0.3050217478163012,0.0,24.724368506503968,9.491623733999024,-87.38548123451405,69.32538298735383,83.44744722578453,372.13901711586414,15.288,1.0,8.900934114210626,0.0727082134135226,-4.247991577712126e-06,-0.0194118391626284,-0.0062260194562887,0.0012661751347996,0.0889263102471644,20.021869717282847,24.72743306404552,0.6612554201154973
18.13,31.22166923703888,131.0136668374597,63.381442541609125,-0.0853371260687609,0.0222206307503694,0.1577390503566636,0.564228936271767,-0.305431508223099,0.0,24.7245670674416,9.489165416450538,-87.38604165510573,69.58047375048508,83.19208855814064,372.1538311073919,15.288,1.0,8.895181828914657,0.0727085944993114,-4.246217268746736e-06,-0.0193358005676212,-0.0062069305068169,0.0012612554458229,0.08818265788363,20.02442666678334,24.72805747587028,0.6606998613207277
18.14,31.221669971410385,131.01366733173555,63.13445481682854,-0.083846306873968,0.0248220129023964,0.156699268286102,0.5636233793547661,-0.3058806006019199,0.0,24.724764095445263,9.486696820185328,-87.38654604925009,69.8346924340464,82.93760298722148,372.168599541701,15.288,1.0,8.889376192934346,0.0727089710733098,-4.244402705909555e-06,-0.0192609220501407,-0.0061858171898804,0.0012564110382295,0.0874433248524541,20.026874890820764,24.728663127992373,0.6601431028657935
18.15,31.221670705752945,131.01366782554558,62.88746438544908,-0.0823658263100149,0.0274086394792501,0.1556547850536167,0.5629700034313784,-0.3063485913112578,0.0,24.724958439055825,9.4842178471248,-87.38699628568753,70.08803257563238,82.68399697029211,372.1832877470277,15.288,1.0,8.8835704931917,0.0727093397494684,-4.242548048488058e-06,-0.0191872199724379,-0.0061627215184701,0.001251642929172,0.086806464876623,20.02931047377813,24.729263777913268,0.6595552260971069
18.16,31.22167144006477,131.01366831889095,62.64047128523961,-0.0808961235372002,0.0299794218442969,0.1546056667085682,0.5622692113876931,-0.3068352699726935,0.0,24.72515010971652,9.481728514958244,-87.38739421876122,70.34048851662817,82.43127616047981,372.19789605883057,15.288,1.0,8.877764730727625,0.0727097005615372,-4.240653461734349e-06,-0.0191146857528534,-0.0061376560602022,0.0012469505682135,0.0862725213511696,20.031732318686803,24.72985926607289,0.6589366139107425
18.17,31.22167217434408,131.0136688117729,62.39347556192198,-0.0793991240673133,0.0324858945367899,0.1535515375178604,0.5615342054925619,-0.3073508030396467,0.0,24.72533971206573,9.479228813994132,-87.38774169098512,70.59205526602904,82.1794455430895,372.2124426722981,15.288,1.0,8.871932522851862,0.0727100552876837,-4.238719109851326e-06,-0.0190433143066684,-0.0061106389247825,0.0012423336627249,0.0857878404607614,20.034091372445285,24.730442584173428,0.65830331515296
18.18,31.22167290858909,131.0136693041925,62.14647725525379,-0.077843289928409,0.0348876507784016,0.1524928712073704,0.5607777736043176,-0.3079049963819669,0.0,24.725527768174373,9.476718425881892,-87.38804077677933,70.84272906339532,81.92850887081124,372.22694329900486,15.288,1.0,8.866051638815861,0.0727104054632472,-4.236745172156285e-06,-0.0189731559980868,-0.0060817576853706,0.0012377955328578,0.0853037233366561,20.036346738558308,24.73100790720505,0.6576710986007078
18.19,31.221673642798013,131.01366979615085,61.89947640996288,-0.0763002548518995,0.0372712588931305,0.1514309402222118,0.5599775847052471,-0.30847909569257,0.0,24.725713184489425,9.474197262774336,-87.38829248389352,71.09250714146988,81.67846890756694,372.2413650064632,15.288,1.0,8.860170694195,0.0727107478724986,-4.234731904007399e-06,-0.0189042212179856,-0.0060510519352633,0.0012333368102569,0.0849168699903393,20.03858605991619,24.73156773973296,0.6570126159429596
18.2,31.22167437696903,131.0136702876491,61.65247306580682,-0.0747704799420024,0.0396357246995043,0.1503658055279916,0.559134096483202,-0.3090728416216072,0.0,24.72589598935292,9.471665356278992,-87.38849947173532,71.34138826487104,81.42932687617619,372.2557086392573,15.288,1.0,8.854289689962531,0.0727110825988798,-4.232679516107224e-06,-0.0188364994626272,-0.0060185367526762,0.0012289568199264,0.0846263224514576,20.04080832085584,24.732121953933127,0.6563282979959217
18.21,31.22167511110038,131.01367077868832,61.4054672645317,-0.0732008361689731,0.0419141255648984,0.1492969377469246,0.5582656503247575,-0.3097004843368139,0.0,24.72607703407195,9.469122666075004,-87.38866310036006,71.58937117112602,81.18108403324352,372.2699998227184,15.288,1.0,8.84837189684436,0.0727114121459088,-4.230588255330662e-06,-0.0187699878345515,-0.0059842377604571,0.00122465542375,0.0843513804364463,20.042945792414795,24.73266088893254,0.6556405279965468
18.22,31.221675845190266,131.0136712692696,61.15845904887746,-0.0715886466094575,0.0441016417802539,0.1482252368213517,0.5573757190834568,-0.3103641695899637,0.0,24.72625638692324,9.466568850600629,-87.38878470769889,71.83645576009096,80.9337404722202,372.2842406064029,15.288,1.0,8.842414805641855,0.0727117367144428,-4.228458397388245e-06,-0.0187047385340537,-0.0059482495571301,0.0012204360392938,0.084082626736262,20.04499360825816,24.733183855930594,0.6549536860113195
18.23,31.221676579236856,131.01367175939404,60.911448459596265,-0.0699918132783475,0.046268021533383,0.1471517107339214,0.5564463274211779,-0.3110485930275901,0.0,24.726433170110663,9.4640038803476,-87.38886671751177,72.08264382575753,80.68729438542105,372.29840455071087,15.288,1.0,8.836457657069932,0.0727120537232563,-4.226290226654751e-06,-0.0186407530794086,-0.0059106055236327,0.0012162987309552,0.0839022209348158,20.047022358724032,24.733700933148043,0.6542456484355702
18.24,31.22167731323838,131.0136722490627,60.66443553843416,-0.0684108152251495,0.0484123703277775,0.1460764287782899,0.5554779786391133,-0.3117534443897812,0.0,24.726607387249874,9.461427769375264,-87.3889104050727,72.3279371878498,80.44174394528336,372.3124917558279,15.288,1.0,8.83050045208703,0.0727123631830804,-4.2240840610309205e-06,-0.0185780189743147,-0.0058713229317814,0.0012122426924281,0.0838080910594221,20.04903114555198,24.73421198369322,0.6535168841632988
18.25,31.22167804719301,131.0136727382766,60.417420321172976,-0.0667704592035883,0.0504406909822886,0.1449986607692123,0.5544965959375623,-0.3124990476500851,0.0,24.726780270386424,9.45884042571568,-87.38891703604051,72.57233823053701,80.19708675956566,372.3265393167704,15.288,1.0,8.824491290124076,0.0727126687170141,-4.221840217966104e-06,-0.018516540150838,-0.0058304403930166,0.0012082682492891,0.0836812785357948,20.050924837888232,24.734703474574573,0.6527991584809371
18.26,31.22167878109896,131.01367322703683,60.17040284955917,-0.0651109653970592,0.0524010357602012,0.1439198727125488,0.5534915844077171,-0.3132760320689969,0.0,24.726951216226983,9.4562415356631,-87.38888893538793,72.81585113238894,79.9533186348157,372.3405290593435,15.288,1.0,8.8184570202424,0.0727129685510613,-4.21955902150262e-06,-0.0184563665333225,-0.0057880542255749,0.0012043786381702,0.0835781381800469,20.052752065975707,24.735182350528746,0.6520795473258277
18.27,31.22167951495437,131.0136737153444,59.92338316633328,-0.0634694680258882,0.0543376827725534,0.1428407102099927,0.5524516080258814,-0.3140744047865512,0.0,24.727119636922684,9.45363109201076,-87.38882728480012,73.05848060842726,79.71043484630076,372.3544432725615,15.288,1.0,8.812422696161235,0.0727132609566557,-4.21724085961838e-06,-0.018397490018717,-0.0057441904233632,0.0012005733104795,0.0835521150716411,20.05455765137661,24.73565497889379,0.6513439793578379
18.28,31.22168024875748,131.01367420320028,59.676361310259615,-0.061846460000295,0.0562498416929901,0.1417612384114077,0.5513772076116814,-0.3148938037337569,0.0,24.727285536167887,9.451009110640497,-87.38873325434788,73.30023183996101,79.46843020283475,372.3682820592334,15.288,1.0,8.806388318906883,0.0727135459447576,-4.214886117886157e-06,-0.018339896058223,-0.0056988681179692,0.0011968513258613,0.0836004071499152,20.056340799126424,24.73612123921996,0.6505929460265497
18.29,31.22168098250645,131.01367469060554,59.42933731910863,-0.0601375391829275,0.058007655803936,0.1406805058638627,0.5503044678511652,-0.3157627284936007,0.0,24.72745068451408,9.448375420202956,-87.3886090662073,73.5411111037784,79.22729841174667,372.38209873820136,15.288,1.0,8.800281881470724,0.0727138287219642,-4.212495154501527e-06,-0.0182836030353337,-0.005652148022644,0.001193213978259,0.0835548353755963,20.057970072690512,24.736562504223752,0.6498708431471516
18.3,31.22168171619945,131.01367517756114,59.18231123065065,-0.0584401311751356,0.0597296702716518,0.139600651754834,0.5492037000188088,-0.3166562145747688,0.0,24.72761349158984,9.445729760251856,-87.38845581108225,73.78112546302108,78.98703239877574,372.3958454043892,15.288,1.0,8.79416944877145,0.0727141046116722,-4.210068406643389e-06,-0.0182286486634368,-0.0056041156739657,0.0011896636605296,0.0835636356640095,20.059565458958943,24.736995804556784,0.6491411281944367
18.31,31.22168244983468,131.01367566406805,58.93528308663267,-0.056763429010193,0.0614258726965859,0.1385218638328251,0.5480726264253015,-0.3175715521628115,0.0,24.72777381721301,9.443072149496842,-87.38827455415587,74.02028274124491,78.74762432874164,372.4095178274204,15.288,1.0,8.788056965105993,0.0727143732017565,-4.207606329398638e-06,-0.0181750173433423,-0.0055547920127518,0.0011861993568064,0.0836374525861552,20.06113706950336,24.737422568884885,0.6484008030065549
18.32,31.22168318341028,131.01367615012722,58.68825292383112,-0.055081364055666,0.063062879831527,0.1374438328485978,0.5469206033523129,-0.3185154661611514,0.0,24.72793213621045,9.440402610277577,-87.38806739223375,74.25859163985363,78.5090654829046,372.4231303018458,15.288,1.0,8.781926230145295,0.0727146358885769,-4.205109343341833e-06,-0.0181226938515771,-0.0055041994380346,0.0011828201050688,0.0837310113037496,20.062651106386294,24.737838028210028,0.647661219885232
18.33,31.22168391692444,131.01367663573964,58.44122078399312,-0.0533327654518464,0.0645641326077744,0.1363665155785274,0.5457702652726332,-0.3195054525170772,0.0,24.72808951174884,9.43772082751432,-87.3878353291609,74.49606101311363,78.2713469949421,372.4367148460561,15.288,1.0,8.775734686583707,0.0727148957985418,-4.202577914281593e-06,-0.0180717184596435,-0.005452429622837,0.0011795285930537,0.0837431184417386,20.06403009359334,24.73823121983681,0.6469503406096417
18.34,31.221684650375327,131.01367712090627,58.19418669892495,-0.0516071186531512,0.0660385084604781,0.1352916350551801,0.5445938276199399,-0.3205180218905616,0.0,24.72824444506618,9.43502667938784,-87.38757932297683,74.73270096320468,78.03445874957197,372.4502263084139,15.288,1.0,8.76954309424347,0.072715148524486,-4.20001255662672e-06,-0.0180221029558089,-0.0053995401425756,0.0011763255272128,0.0838115631411259,20.06538422456032,24.7386177474211,0.6462337548861707
18.35,31.22168538376109,131.01367760562795,57.94715071236198,-0.0499049417614969,0.0674854212816123,0.1342192322201888,0.5433918701582077,-0.3215527153963752,0.0,24.72839695935304,9.432320201488489,-87.38730133512956,74.96852253864905,77.79838967945057,372.463665379327,15.288,1.0,8.763351454092186,0.0727153941346992,-4.1974137591792765e-06,-0.0179738289383679,-0.0053455523537534,0.0011732097164369,0.0839332124127101,20.06671289224216,24.73899754208812,0.6455119484801143
18.36,31.221686117079912,131.01367808990568,57.70011285809901,-0.0481574935149218,0.0688190726318058,0.1331485250176813,0.5421881753169243,-0.3226279106109533,0.0,24.728548262588447,9.429601329585578,-87.38700226424191,75.203536557921,77.56312895281965,372.4770684418656,15.288,1.0,8.75711227164757,0.072715636181394,-4.194782037073689e-06,-0.0179268907932798,-0.0052905042658394,0.001170180860194,0.0839952845378224,20.067929268552763,24.739358334639533,0.6448141715820686
18.37,31.221686850329924,131.01367857374035,57.453073174901085,-0.0463877597736467,0.0700665800289328,0.1320807969140264,0.5409780074975786,-0.3237387966398125,0.0,24.72869798418317,9.42686971543384,-87.38668296874839,75.43775476677126,77.3286648098994,372.49042432679954,15.288,1.0,8.750840555419074,0.072715873574901,-4.1921179385230925e-06,-0.017881336365057,-0.0052345005751157,0.0011672420723892,0.0840306421554336,20.0690608009706,24.739704014094038,0.6441345744169369
18.38,31.22168758350929,131.01367905713275,57.206031698551165,-0.0446437802448297,0.0712859242867406,0.1310168961249741,0.5397466020486985,-0.3248723981994937,0.0,24.728845324670385,9.424125358709956,-87.38634527072642,75.67119031565849,77.09498408006473,372.5037089430787,15.288,1.0,8.744568793558106,0.0727161039644247,-4.18942201731676e-06,-0.0178371547471816,-0.0051775745450174,0.00116439261204,0.0841115276754639,20.070166152105514,24.74004288858365,0.6434546577694723
18.39,31.221688316616167,131.01367954008393,56.95898846781464,-0.0429245591198883,0.0724747655716373,0.1299568373443417,0.5384950495211425,-0.3260286078646374,0.0,24.728990314103864,9.421368282611567,-87.38598994841021,75.90385605806325,76.86207389514223,372.5169231884028,15.288,1.0,8.738295949257495,0.0727163274384294,-4.1866948523521536e-06,-0.0177943253722787,-0.0051197483999182,0.001161631146699,0.0842324666490394,20.07124295269498,24.740374620622514,0.6427755059719333
18.4,31.22168904964867,131.01368002259457,56.711943518474655,-0.0411156833007207,0.0734912027914503,0.1288995153535284,0.5372630660914082,-0.3272386875827486,0.0,24.72913500390578,9.418598256774423,-87.38561775474781,76.13576519364305,76.6299210406067,372.53012886221046,15.288,1.0,8.731943080923196,0.0727165500292527,-4.183937026044522e-06,-0.0177528692908338,-0.0050610964135984,0.0011589591553651,0.0842107794393357,20.072147602270483,24.740678971880023,0.6421462807610078
18.41,31.221689782604976,131.01368050466564,56.46489688631466,-0.0393348669781476,0.0744790547994987,0.1278473540885475,0.5360141754812047,-0.3284719764579467,0.0,24.72927734969637,9.415815073659653,-87.38523037678267,76.36693250638145,76.39851071133691,372.5432643658363,15.288,1.0,8.725590169170047,0.0727167657254052,-4.1811491407220766e-06,-0.0177128135179102,-0.0050017010077872,0.0011563783141614,0.0842280267636065,20.073025628681577,24.740976488971818,0.6415216142753322
18.42,31.221690515483207,131.01368098629797,56.217848609105936,-0.0375826373058579,0.0754379427011658,0.1268003775923822,0.5347489677577357,-0.3297279176309987,0.0,24.72941735457321,9.413018761727416,-87.3848284663006,76.59737247477018,76.16782841283306,372.55632978499216,15.288,1.0,8.719237214990816,0.0727169745360848,-4.178331838813975e-06,-0.0176741356965998,-0.0049415846242504,0.0011538871724385,0.0842812969143102,20.07387664505444,24.74126711547913,0.6409019378507208
18.43,31.22169124828152,131.0136814674923,55.97079871766159,-0.03580127181726,0.0762958240811573,0.1257578433231335,0.5334874766820656,-0.3310217391667636,0.0,24.729556078749976,9.410209289731345,-87.3844126540296,76.82710054808989,75.93785867985464,372.5693570580417,15.288,1.0,8.712844284177848,0.0727171795789328,-4.175485755865246e-06,-0.0176368217885581,-0.0048807807035934,0.0011514848716539,0.0842780106456206,20.074627744883077,24.74154059522981,0.6403118886408967
18.44,31.221691980998013,131.01368194824948,55.72374725074735,-0.033988652003101,0.077049121591541,0.1247206504715394,0.532233280735988,-0.3323552856986656,0.0,24.72969360823496,9.407386315677176,-87.38398449831462,77.05613189483516,75.7085863221952,372.5823487720561,15.288,1.0,8.706409180971708,0.0727173811069144,-4.172611525316551e-06,-0.0176009172328139,-0.0048193966263813,0.0011491743907525,0.0842127953835976,20.07527529370394,24.741796452305078,0.6397558453885971
18.45,31.22169271363084,131.01368242857035,55.476694245140976,-0.0322069419951261,0.0777734079065067,0.1236899402005896,0.5309671234981737,-0.3337118362820027,0.0,24.72982883305515,9.404549804595389,-87.38354452206171,77.28448310549153,75.47999473222883,372.5952714754696,15.288,1.0,8.699974037542017,0.0727175758562348,-4.169709847833976e-06,-0.0175664124522481,-0.0047574727764838,0.0011469550613567,0.0841783193753934,20.07589576253368,24.742045447649737,0.6392095722198287
18.46,31.221693446178104,131.01368290845568,55.229639734638,-0.0304549178825217,0.0784662694587697,0.1226656936480275,0.5296901652247786,-0.3350912470960499,0.0,24.72996178853939,9.401699786276977,-87.38309322434588,77.51217082398193,75.25206724894785,372.60812622555255,15.288,1.0,8.693537657732131,0.0727177639308632,-4.1667814187690125e-06,-0.0175332828930996,-0.0046950317955376,0.0011448252905018,0.0841692157869319,20.07648670316558,24.74228723747094,0.6386741637285722
18.47,31.22169417863796,131.0136833879062,54.982583752039794,-0.0286155748340893,0.0789828167678334,0.1216466772778822,0.5284430153482805,-0.3365254152730501,0.0,24.73009467948384,9.39883604339579,-87.38263202896643,77.73921137974956,75.02478752062595,372.6209794566204,15.288,1.0,8.687019308013497,0.072717951814009,-4.163826907375412e-06,-0.0175015468672146,-0.0046321497494045,0.001142786384192,0.0840067613311065,20.076901481456684,24.74250126740037,0.6382000389281022
18.48,31.22169491100849,131.01368386692266,54.73552633412434,-0.0268094740694826,0.0794705930709812,0.1206354143322154,0.5271882688124157,-0.3379828401141937,0.0,24.73022530117214,9.39595835503778,-87.38216133360683,77.96562250350422,74.79813779862025,372.63376472622986,15.288,1.0,8.680500920367782,0.0727181330228298,-4.160847058301872e-06,-0.0174712285210558,-0.0045689105277969,0.0011408398253979,0.0838708686151982,20.077289394890624,24.742708508737948,0.6377403658042933
18.49,31.22169564328781,131.01368434550588,54.48846751667556,-0.0250371414313021,0.0799294322679159,0.1196318964869136,0.5259264960216283,-0.339462866188042,0.0,24.730353656513984,9.393066756768212,-87.38168150183668,78.19142215604762,74.57210010403683,372.6464821147841,15.288,1.0,8.67398249563382,0.0727183075659682,-4.157842625198865e-06,-0.0174423014958508,-0.0045053364779281,0.0011389839016136,0.0837590125711875,20.07765026746761,24.742908938302573,0.6372954631842628
18.5,31.22169637547407,131.0136848236565,54.241407330507045,-0.0232260188793077,0.0802692439315375,0.1186351454417062,0.5246827578732524,-0.3409847264358438,0.0,24.73048114828056,9.390161206364034,-87.3811938121706,78.41662775879549,74.34665699245889,372.6591738915628,15.288,1.0,8.667413906441547,0.0727184795682668,-4.154814326029806e-06,-0.0174147529875551,-0.0044414672230731,0.0011372178496066,0.0835619478067457,20.077892915932765,24.74308980750829,0.6368962849679561
18.51,31.221697107565344,131.01368530137526,53.99434581140281,-0.0214006456225077,0.0805194810490214,0.1176464737452204,0.5234518889284516,-0.3425430855897941,0.0,24.730607343068936,9.38724134920278,-87.38069854102183,78.64125778885175,74.12178996837207,372.6718269907802,15.288,1.0,8.660811206029324,0.0727186477553881,-4.151762936600642e-06,-0.0173886264378294,-0.0043774121817636,0.0011355444943673,0.0833149095924227,20.07804713840596,24.74325530941247,0.6365362034423697
18.52,31.221697839559727,131.01368577866293,53.74728299315908,-0.0196113734831667,0.0807414022266015,0.1166667687316381,0.5222183314714897,-0.3441241564682435,0.0,24.730731306043552,9.384307182334023,-87.38019591491451,78.8653312749714,73.89747998408873,372.6844132326455,15.288,1.0,8.654208470720134,0.0727188093785762,-4.1486892645399765e-06,-0.0173639033693242,-0.0043132051069405,0.0011339625946478,0.0830889869304608,20.07817491290558,24.743414131649622,0.6361953754281214
18.53,31.221698571455327,131.01368625552007,53.50021890758352,-0.0178302676638182,0.0808999382762839,0.1156955607335985,0.5209920494249161,-0.3457348796618157,0.0,24.730853605318504,9.38135874506178,-87.37968706154966,79.08886663890522,73.67370859413337,372.6969497332428,15.288,1.0,8.64758620689053,0.0727189661084052,-4.1455940812887685e-06,-0.0173405567322377,-0.004248869718619,0.0011324704182353,0.0828415248926625,20.078240730183296,24.74356133368425,0.6358858272930811
18.54,31.221699303250265,131.0136867319475,53.25315358747828,-0.0159907525028951,0.0809124884892206,0.1147325755184531,0.5197975848326517,-0.3473940321109332,0.0,24.73097554876216,9.37839571555372,-87.37917213291297,79.31188293044669,73.4504567299165,372.70947590764655,15.288,1.0,8.640898111306715,0.0727191217906087,-4.142478193846759e-06,-0.017318619404235,-0.004184503988788,0.001131070180201,0.082477480496415,20.078161000411875,24.743685248508783,0.6356380311382
18.55,31.22170003494259,131.01368720794576,53.00608707161001,-0.0141896661209856,0.0808976305484953,0.1137797414712206,0.5186047397906375,-0.3490759088230461,0.0,24.73109529415036,9.375417980112974,-87.37865122040498,79.53439992945749,73.22770459204504,372.7219362254217,15.288,1.0,8.634209983172225,0.0727192710083515,-4.1393424549542414e-06,-0.0172980937732161,-0.0041201688301702,0.0011297619603179,0.0821326556211486,20.07805569983809,24.74380266001944,0.635413798892665
18.56,31.22170076653042,131.0136876835156,52.7590193838341,-0.01242752318999,0.0808554125139758,0.1128370039687424,0.5174140348510193,-0.3507797564520583,0.0,24.73121286160267,9.372425593572087,-87.37812529966885,79.75643686948801,73.00543292262152,372.73433128638055,15.288,1.0,8.627521823286225,0.0727194138208695,-4.136187688342064e-06,-0.0172789494868703,-0.0040558852999971,0.0011285437853488,0.0818048957127889,20.0779248518561,24.743913595885,0.6352132795069851
18.57,31.22170149801184,131.01368815865757,52.511950561923314,-0.0105899289491766,0.0806444699405434,0.1119029294600593,0.5162649387252691,-0.3525364593574805,0.0,24.731330514446256,9.36941837785238,-87.37759439129486,79.97801331500362,72.78362213797274,372.7467293085597,15.288,1.0,8.620754725631977,0.0727195568832942,-4.133014738860071e-06,-0.0172611918400699,-0.0039917187465918,0.0011274161123363,0.0813368124112012,20.07762540292848,24.74399811397954,0.6350855908891788
18.58,31.221702229384903,131.0136886333723,52.26488063868004,-0.0087821454173376,0.0803938522976165,0.1109799605017213,0.5151252996078894,-0.354318707011192,0.0,24.731446216370443,9.366396063860346,-87.3770584549337,80.19914947069287,72.56225201353678,372.7590689074756,15.288,1.0,8.613980108263199,0.0727196942081335,-4.129824494465859e-06,-0.0172448493276773,-0.0039277634639396,0.0011263807174619,0.0808721059132358,20.077287923525034,24.744074449015308,0.6349900566679485
18.59,31.22170296064772,131.01368910766047,52.017809644918486,-0.0070156201168195,0.0801171657135513,0.1100682107018172,0.5139920287347836,-0.3561227969993171,0.0,24.731559772944685,9.363358710873875,-87.37651831469827,80.41986516767892,72.34130269335331,372.7713442157984,15.288,1.0,8.6072054615037,0.0727198252237646,-4.1266178282158616e-06,-0.0172298906502392,-0.0038640405133621,0.0011254355555583,0.0804237473335099,20.076926154319192,24.744144543805195,0.6349222496909483
18.6,31.22170369179832,131.0136895815226,51.77073761244717,-0.0052081088188591,0.0797127193534435,0.1091664801963017,0.5128934049591714,-0.3579705070203192,0.0,24.731672842662864,9.360306253302792,-87.37597385429062,80.64018040043534,72.12075416333553,372.78360522431376,15.288,1.0,8.600374008493581,0.07271995480683,-4.123395627396885e-06,-0.0172163008911512,-0.0038005914583541,0.0011245797356036,0.0798826765140292,20.076437184045243,24.744194083299487,0.6349171986530578
18.61,31.22170442283481,131.01369005495934,51.52366457108632,-0.0033987228464372,0.0792282384572348,0.1082762957254061,0.5118194152513011,-0.3598525001266646,0.0,24.73178467459292,9.357238342063404,-87.3754249029496,80.86011555050432,71.90058602190497,372.7958292921791,15.288,1.0,8.593511791539097,0.0727200807493664,-4.120158809828536e-06,-0.0172041195495732,-0.0037375251520001,0.0011238158113006,0.0793011038947297,20.07586929183912,24.744229813221526,0.6349619609800343
18.62,31.22170515375524,131.01369052797116,51.27659055562682,-0.0016328930286256,0.0787192631003156,0.1073984065246982,0.5107559535654161,-0.3617561110875883,0.0,24.73189439301432,9.354155009044188,-87.37487213524386,81.07969081653475,71.68077804523774,372.8079900139194,15.288,1.0,8.586649547368689,0.0727202004765135,-4.116908293521646e-06,-0.0171933206272918,-0.0036748701155114,0.0011231420524771,0.0787361970171237,20.075278648516765,24.744259582056767,0.6350382238383587
18.63,31.221705884557664,131.01369100055868,51.02951559390096,0.0001450175676056,0.078116955358467,0.1065318784317022,0.509722177852696,-0.3636956969126138,0.0,24.73200314263559,9.351056255286643,-87.3743152956374,81.29892647306218,71.46130993885886,372.8201218946479,15.288,1.0,8.57974878738088,0.0727203173541724,-4.113645008555736e-06,-0.017183877170259,-0.0036126539522242,0.0011225567580901,0.0781170899656088,20.074595583197752,24.7442737214878,0.63516950467559
18.64,31.221706615240137,131.01369147272243,50.78243972169389,0.0019509483369191,0.0774013770091239,0.1056773127895637,0.5087261855266922,-0.3656766257638939,0.0,24.73211127741516,9.347941720612567,-87.37375408187921,81.51784291169541,71.24216129105791,372.8322356024916,15.288,1.0,8.572797846084258,0.0727204324231456,-4.110369901843124e-06,-0.0171758276265712,-0.0035509849998863,0.0011220624634763,0.0774259604996332,20.07379990642255,24.744269453586615,0.635365580519616
18.65,31.22170734580072,131.01369194446295,50.535362964849725,0.003711045755126,0.0766631598972867,0.1048360681899802,0.507744796167145,-0.3676788531911613,0.0,24.732217329776663,9.344811387108768,-87.37318902207004,81.73646046262604,71.0233117462926,372.8442868866442,15.288,1.0,8.565846879775636,0.0727205413683348,-4.107083931226261e-06,-0.0171691552130923,-0.0034899038203156,0.0011216580133528,0.0767529278769777,20.07298329628512,24.74425954718016,0.6355966632325231
18.66,31.22170807623744,131.01369241578072,50.2882853561715,0.0054600397871151,0.0758593040194794,0.1040074628291405,0.5067900811758425,-0.369710973316687,0.0,24.732322030474567,9.341665292091934,-87.37261972107135,81.95479949849576,70.80474091177146,372.8562977740832,15.288,1.0,8.55887175557726,0.0727206463384569,-4.103788067687616e-06,-0.0171638262890228,-0.0034294304049623,0.0011213412507085,0.076055545647627,20.07210222425294,24.744237978603906,0.6358773014451327
18.67,31.221708806548367,131.01369288667627,50.04120692448583,0.0072575080773541,0.0749162537421732,0.1031912552921583,0.5058842936859943,-0.3717898508489344,0.0,24.73242664034036,9.338503101485632,-87.37204574354426,82.17288028286141,70.58642850384153,372.8683062769532,15.288,1.0,8.551830950617246,0.0727207510407967,-4.100483287899491e-06,-0.0171598719760083,-0.0033696646142588,0.0011211142733978,0.0752669679768292,20.07108224392282,24.744194454606767,0.6362350563755675
18.68,31.22170953673153,131.01369335715006,49.79412770259588,0.0090068902876789,0.0739526984574774,0.1023893405349674,0.5049970831204676,-0.3738896142274772,0.0,24.732529198122368,9.335324741338615,-87.37146747452687,82.39072305434395,70.36835425850755,372.8802532563101,15.288,1.0,8.544790123072435,0.0727208497087288,-4.097170584842799e-06,-0.0171572856732958,-0.0033106600037517,0.0011209765688029,0.07449916534064,20.07004342402006,24.74414565760631,0.636631034935101
18.69,31.221710266784967,131.01369382720256,49.54704771833426,0.0107278643329376,0.0729442698477508,0.1016012383238794,0.5041354507255676,-0.3760147378150486,0.0,24.73263012946277,9.332130267293188,-87.370884380194,82.60834808859772,70.15049787988694,372.89215154076174,15.288,1.0,8.537735469724737,0.0727209435938347,-4.093850967383198e-06,-0.0171560301435784,-0.0032524325184834,0.0011209257307475,0.0737289191168471,20.068961087019368,24.74408818548127,0.6370733453546277
18.7,31.2217109967067,131.0136942968342,49.29996700251613,0.0125119255419119,0.0717782208585534,0.1008260234797146,0.5033318908084112,-0.378190407042624,0.0,24.73273138606237,9.32891938306702,-87.37029589109953,82.82577538375699,69.93283934982816,372.90405997807727,15.288,1.0,8.530603647186036,0.0727210384347172,-4.0905254423658494e-06,-0.0171561275580078,-0.0031950713041928,0.0011209633035945,0.0728605598952314,20.067721125182405,24.74400627968004,0.6376024335701426
18.71,31.221711726494767,131.01369476604555,49.052885580986086,0.0142456768679388,0.0705940734151993,0.100066015548479,0.5025507652894228,-0.3803864577485047,0.0,24.73283062016832,9.325691965506962,-87.36970225249905,83.04302488557364,69.71535869731186,372.91590777031286,15.288,1.0,8.523471804294418,0.0727211273283712,-4.087195034247423e-06,-0.0171575800842249,-0.0031386409321307,0.0011210893299416,0.0720170980282015,20.066464688484988,24.74391950848411,0.6381726540672108
18.72,31.221712456147166,131.0136952348369,48.80580349251206,0.0159397487161987,0.0693786995114813,0.09932085507436,0.5017960185155094,-0.3826048850056759,0.0,24.7329280703356,9.322448079612617,-87.36910279367433,83.26011657497554,69.49803592124181,372.9277021051312,15.288,1.0,8.516332347573556,0.0727212109762878,-4.083860786266526e-06,-0.0171603482499982,-0.0030831547389627,0.0011213012487275,0.0711862304871985,20.06517847167211,24.743826048307454,0.6387882078442948
18.73,31.22171318566195,131.01369570320873,48.55872075598022,0.0177055334966466,0.0679949567185872,0.0985891535634371,0.5011064813972747,-0.3848760273408257,0.0,24.73302614477324,9.31918746044232,-87.36849681114737,83.4770700359807,69.28085141774702,372.93951560203584,15.288,1.0,8.5091083386599,0.0727212964592698,-4.080523734836344e-06,-0.0171644472371465,-0.0030286933319387,0.0011216001682999,0.0702623648067245,20.06372367575937,24.74370676509166,0.6394975240924458
18.74,31.221713915037096,131.01369617116143,48.31163740518815,0.0194188160699361,0.066595790708578,0.0978735121079467,0.500443104006421,-0.3871669567038973,0.0,24.73312222553617,9.31590995111634,-87.36788441340701,83.69390474341581,69.06378568695034,372.9512693094408,15.288,1.0,8.501884311686647,0.0727213760799327,-4.0771849334081886e-06,-0.0171698847199072,-0.0029753280462404,0.0011219864786304,0.0693692265177064,20.06225503670749,24.74358306552328,0.6402505580499586
18.75,31.221714644270644,131.01369663869542,48.06455346995703,0.0210873329902947,0.065171737870115,0.0971735937733048,0.4998088122182261,-0.3894788496576783,0.0,24.733216491560928,9.312615622275862,-87.36726479529325,83.910640187951,68.84681921820896,372.96296861779535,15.288,1.0,8.494654665600399,0.072721450364466,-4.073845455889338e-06,-0.0171766195470783,-0.0029230700577359,0.0011224575058468,0.0684984002546625,20.06076295569812,24.743453641999142,0.6410501777774354
18.76,31.221715373360592,131.01369710581105,47.81746897613209,0.0228300566478837,0.0635764221985397,0.0964878033985447,0.499244823210466,-0.3918439931153447,0.0,24.73331155439048,9.309304223348814,-87.36663712031982,84.1272953837939,68.62993297772262,372.9746922850088,15.288,1.0,8.487337286439676,0.0727215269914626,-4.070506366922656e-06,-0.0171846636067899,-0.0028719957480706,0.0011230141523168,0.0675512600367968,20.05909928330693,24.743298113387173,0.6419478208138913
18.77,31.221716102304928,131.01369757250868,47.57038395452872,0.0245181212223327,0.0619686201843888,0.0958188619607645,0.4987105724370591,-0.3942282412426459,0.0,24.73340465160589,9.30597558528922,-87.36600136327252,84.34388917071696,68.41310810098025,372.98635699594286,15.288,1.0,8.480019891575315,0.0727215978388146,-4.067168747097947e-06,-0.0171940258973183,-0.0028221778327206,0.0011236568877261,0.0666426884353242,20.057424659658533,24.74313865780436,0.6428914337282968
18.78,31.22171683110165,131.01369803878865,47.32329843099201,0.0261626718129181,0.0603347726051491,0.0951663431451498,0.4982100394171969,-0.396633640069276,0.0,24.733496039735886,9.302629784674227,-87.36535658761704,84.56044035687731,68.19632576018253,372.9979704820311,15.288,1.0,8.472694556622082,0.07272166366084,-4.063833697163583e-06,-0.0172046636179931,-0.0027736251283866,0.001124382933524,0.0657629829640597,20.055725339536394,24.742973401902937,0.6438851766257002
18.79,31.221717559748765,131.01369850465136,47.0762124333553,0.0278776425118598,0.0585348032393326,0.0945287304151321,0.4977828127597259,-0.3990911678866014,0.0,24.733588260939385,9.299266557461127,-87.36470182573846,84.77696722641076,67.97956765196258,373.0096094150597,15.288,1.0,8.465282608068835,0.0727217319320644,-4.0605023080669374e-06,-0.0172165902345806,-0.0027264155538982,0.0011251932921276,0.0648342954947766,20.053859541206943,24.742782884731756,0.6449784258701778
18.8,31.22171828824423,131.01369897009707,46.82912599342863,0.0295358383798332,0.0567255357164601,0.0939086880899936,0.4973887424656345,-0.4015670329575525,0.0,24.733678543897984,9.295885751971406,-87.3640369219435,84.99348783047938,67.76281570081763,373.02119020480006,15.288,1.0,8.457870646061492,0.0727217945042781,-4.057175686118531e-06,-0.0172298112447571,-0.0026806170333611,0.0011260882036971,0.0639542951312251,20.051985933519703,24.742588968756216,0.6461195592060816
18.81,31.221719016586054,131.01369943512614,46.5820391340748,0.0311582514620131,0.0548813867750504,0.0933055898436953,0.4970349972528371,-0.4040658900845408,0.0,24.733767369631703,9.29248744479117,-87.36336081198665,85.21002010591654,67.54605195073377,373.0327273548903,15.288,1.0,8.450444007131308,0.072721852791839,-4.053854954950236e-06,-0.0172442828025829,-0.0026362365363738,0.0011270648311781,0.0631094521600638,20.05007860054313,24.742388116389016,0.6473167424993888
18.82,31.22171974477221,131.01369989973884,46.33495188312735,0.0328408832660745,0.0528844539524404,0.0927182817513421,0.4967553982523729,-0.406614051259352,0.0,24.73385691877184,9.289071340932692,-87.36267239915986,85.42658145739937,67.32925897825463,373.0442866387703,15.288,1.0,8.442936274601085,0.0727219132062469,-4.050541230359816e-06,-0.0172600237905345,-0.0025933580146838,0.0011281245147291,0.0622518174616847,20.04801819302388,24.742163988193617,0.6486120505705532
18.83,31.221720472800666,131.01370036393547,46.087864271402346,0.0344646661029818,0.0508816573921751,0.0921491951977323,0.4965121987122154,-0.4091796988803247,0.0,24.733944556276445,9.28563732841324,-87.36197140134902,85.64318898915202,67.1124196553036,373.0557885698432,15.288,1.0,8.435428530961541,0.0727219680000407,-4.047235642371566e-06,-0.0172770318454517,-0.0025520390042209,0.0011292669864846,0.0614553167426322,20.045953363282987,24.741937027279203,0.649956816735867
18.84,31.2217212006694,131.01370082771626,45.84077632375106,0.0360670214017924,0.0488272830421014,0.0915973977866744,0.4963179664885756,-0.4117718960164734,0.0,24.734031144770874,9.28218547451659,-87.36125663081388,85.85985958257072,66.89551708189465,373.0672591647659,15.288,1.0,8.427894855205633,0.0727220197095439,-4.043939333486599e-06,-0.0172952635221465,-0.0025122861797697,0.0011304894526314,0.0607036513526375,20.04383781839418,24.74170091552752,0.6513660272762516
18.85,31.22172192837633,131.01370129108153,45.59368806900148,0.0377128402907578,0.0466418260709329,0.0910623741061933,0.4961964732490667,-0.4144088145887701,0.0,24.73411819097216,9.278715445309292,-87.36052686382446,86.07660962584694,66.67853485158518,373.0787438732355,15.288,1.0,8.42029010843897,0.0727220727647839,-4.040653443502414e-06,-0.0173147453911828,-0.0024741920963082,0.0011317937253043,0.0599809798788579,20.041591063300984,24.741444671069694,0.6528690233511908
18.86,31.221722655919457,131.0137017540315,45.34659953101078,0.0392977802160047,0.0444541772951798,0.090546149953347,0.4961144341972788,-0.4170622878029174,0.0,24.734203351377875,9.27522718599526,-87.35978169688578,86.2934551112078,66.46145694888344,373.09017199673167,15.288,1.0,8.412685352935638,0.0727221202755372,-4.037379123386368e-06,-0.0173354635998165,-0.002437799209322,0.0011331787983717,0.0593337096294137,20.039343509910104,24.741186196517887,0.6544227143044957
18.87,31.221723383296727,131.01370221656637,45.09951073960129,0.0408824114388539,0.0421902154447926,0.0900473980157434,0.4960921278409436,-0.4197476687245378,0.0,24.734288037682976,9.271720736057588,-87.3590198233024,86.51041168978873,66.24426770477183,373.1015861189128,15.288,1.0,8.405038787841795,0.0727221663924439,-4.034117530725362e-06,-0.0173573783460471,-0.0024031176674411,0.0011346421410342,0.0587484939527416,20.03702010837016,24.740915260628807,0.6560518566354684
18.88,31.221724110506106,131.01370267868643,44.85242171664222,0.0424870608304655,0.0398253979857865,0.0895664839328388,0.496138794801618,-0.4224713534512007,0.0,24.73437274963229,9.268195732416409,-87.35823989418691,86.72749461270115,66.02695185047787,373.11300131461934,15.288,1.0,8.397335780734094,0.0727222125848542,-4.030869829405872e-06,-0.0173805226785777,-0.0023702469186288,0.0011361859429722,0.0582341169121708,20.034595988134484,24.740628508015472,0.657767362551672
18.89,31.22172483754549,131.0137031403918,44.605332491955714,0.0440288487329497,0.0374622873673506,0.0891048715534079,0.4962277699165045,-0.425210582790642,0.0,24.73445560087785,9.264652187046272,-87.3574413911206,86.94471858079906,65.80949466258406,373.12436067112674,15.288,1.0,8.389632767254735,0.0727222533066997,-4.0276371872053975e-06,-0.0174048693161117,-0.0023392117308201,0.0011378083405085,0.0578097069669431,20.03217491977444,24.740340162797565,0.6595344702803744
18.9,31.221725564412868,131.01370360168275,44.358243093375926,0.0455983470466069,0.0349899134878661,0.0886607752545797,0.4963894741617587,-0.4279889789449139,0.0,24.73453873022616,9.261090079194998,-87.35662289283405,87.16209785878264,65.59188185931573,373.13572871344405,15.288,1.0,8.381867337987678,0.0727222948463749,-4.024420773879133e-06,-0.0174303877804433,-0.0023100325026621,0.0011395074456953,0.0574761084290632,20.029644546998316,24.740034932642693,0.6613908142888291
18.91,31.221726291106144,131.01370406255947,44.11115354078412,0.0471575939938985,0.0324555947599883,0.0882356343645276,0.4966138979503209,-0.4307973336327466,0.0,24.73462127622466,9.257509052743902,-87.35578292740128,87.3796464465616,65.37409942374451,373.1470794494144,15.288,1.0,8.374064808454422,0.0727223346711378,-4.021221777783923e-06,-0.0174571116207008,-0.0022828080009633,0.0011412854183964,0.0572468694830121,20.0270527367354,24.739719388855317,0.6633228727205224
18.92,31.22172701762324,131.01370452302203,43.86406386499672,0.0486520468058585,0.0299270975041892,0.0878302190385018,0.4968832711217189,-0.4336201473476595,0.0,24.73470198586437,9.25390918314665,-87.35492086934974,87.59737756215684,65.15613411611736,373.1583750698899,15.288,1.0,8.36626227486951,0.0727223690970572,-4.0180413780524e-06,-0.017485000521805,-0.0022575455779407,0.0011431395712486,0.0571196341731813,20.02446804433185,24.73940292313373,0.6653071205712267
18.93,31.221727743962106,131.01370498307068,43.61697409086577,0.0502092619960776,0.0272479999205254,0.0874422557010092,0.4972407286450993,-0.4364914037009066,0.0,24.734783913953848,9.250290339893755,-87.35403518618648,87.81530396200282,64.93797316379498,373.16970774425647,15.288,1.0,8.358371882664436,0.0727224071056014,-4.014880755674745e-06,-0.0175140421044529,-0.0022342864751242,0.0011450692420712,0.0571263800662197,20.021732091411906,24.73906401961128,0.6673973597568227
18.94,31.221728470120635,131.01370544270554,43.36988424423731,0.0517190019464368,0.0245547045340986,0.0870743833871934,0.4976520156332136,-0.439382237556103,0.0,24.73486446195827,9.246652243504478,-87.35312428651437,88.03343826459866,64.71960393197425,373.1809990651743,15.288,1.0,8.35046855229041,0.0727224410568639,-4.011741122551234e-06,-0.0175442583562418,-0.0022131137195361,0.0011470757543494,0.057251973881328,20.01898292944541,24.73872150580897,0.6695492719627645
18.95,31.22172919609673,131.01370590192676,43.12279434698103,0.0531856345784213,0.0218425305663263,0.0867261412401104,0.4981184644477697,-0.4422927036688268,0.0,24.73494376653837,9.24299500758882,-87.35218744673315,88.2517920106208,64.50101485921066,373.1922531521187,15.288,1.0,8.342549065772818,0.0727224713526921,-4.008623662890557e-06,-0.0175755999841872,-0.0021940220337151,0.0011491558973665,0.0574961540476774,20.016215776700385,24.738374783133413,0.6717635476243737
18.96,31.221729921888336,131.01370636073435,42.87570442494314,0.0547101080077396,0.0189879028710717,0.0863960970315663,0.4986752716560949,-0.4452503754801863,0.0,24.735024290503176,9.239318337682027,-87.35122302405729,88.47037638456902,64.28219474567193,373.20354431910494,15.288,1.0,8.334543639670011,0.0727225052339505,-4.00552957177404e-06,-0.0176080833233053,-0.0021770863687451,0.0011513108594632,0.0579114519294246,20.0133054930876,24.738006903256924,0.6740839777125806
18.97,31.22173064749332,131.0137068191286,42.6286145079464,0.0561663682485641,0.0161467892584084,0.0860868142309088,0.4992820073469609,-0.4482214134468224,0.0,24.73510300816492,9.235622125933146,-87.35022931478235,88.68920243946104,64.06313252288146,373.21478126232,15.288,1.0,8.32653821349363,0.0727225338049427,-4.002460079553474e-06,-0.0176417011535569,-0.0021623520843423,0.0011535400338026,0.0584412494866518,20.01040995008473,24.73763933985701,0.676458348989134
18.98,31.221731372909588,131.01370727710946,42.381524614878266,0.0576274046444079,0.0132300969255091,0.0857965989436201,0.4999628071883414,-0.4512244351158288,0.0,24.73518173322645,9.231906427388044,-87.3492055056395,88.90827987124193,63.8438184751969,373.2260187099332,15.288,1.0,8.318482500987699,0.0727225623981028,-3.999416370341016e-06,-0.017676411309717,-0.0021498209030311,0.0011558407535056,0.0591265859969171,20.00743889976065,24.73725991197336,0.6789163098700295
18.99,31.221732098135035,131.01370773467707,42.13443477556166,0.0590963607222557,0.0102347635812183,0.0855260770964708,0.5007210679076805,-0.4542612270666394,0.0,24.735260572010315,9.228170873749509,-87.3481498423905,89.12761827620628,63.624242991817006,373.2372598696917,15.288,1.0,8.310373665232902,0.0727225913260442,-3.996399659757458e-06,-0.0177122469610974,-0.0021395866647228,0.0011582151982862,0.0599760802230533,20.004389207173745,24.736868244905665,0.6814613416226986
19.0,31.22173282316753,131.01370819183143,41.88734501186652,0.0604953024274655,0.0072575912563477,0.0852765244558454,0.5015312881937048,-0.4573101200570066,0.0,24.7353376267058,9.224415503302383,-87.34706052079464,89.34722689239825,63.40439682028582,373.24844746629134,15.288,1.0,8.30226483178841,0.0727226150091649,-3.9934111857748894e-06,-0.0177491722070166,-0.0021316575153034,0.0011606609374414,0.0609290917985055,20.0013588541175,24.736477646471435,0.6840601322742462
19.01,31.221733548004984,131.01370864857273,41.64025534864525,0.0619543381644435,0.0041392305306743,0.0850454484557031,0.5024371884802608,-0.460405682564048,0.0,24.735416159903167,9.220640215746512,-87.34593664233105,89.56711349373556,63.1842721680738,373.2596799600632,15.288,1.0,8.294066425259341,0.0727226430396132,-3.99045213314993e-06,-0.0177871706411071,-0.0021260649265289,0.0011631770567272,0.0620924571900412,19.99818644031834,24.736066348713937,0.6867672452936641
19.02,31.22173427264523,131.01370910490093,41.39316581075026,0.0633640182160364,0.001015344779086,0.0848354901754034,0.5034046136810889,-0.463519247647825,0.0,24.735493481429486,9.216844726065688,-87.34477634376857,89.78728601415632,62.9638610875779,373.2708761617488,15.288,1.0,8.285852851310956,0.0727226675082274,-3.987523740318009e-06,-0.0178262643561191,-0.002122887076085,0.0011657648802535,0.0633721526295224,19.995009302503583,24.73565297141442,0.689538511186078
19.03,31.22173499708617,131.01370956081607,41.14607641806352,0.0647428213281355,-0.0021359046981927,0.0846458597287656,0.5044393539821883,-0.4666546086964313,0.0,24.735570069365547,9.213029135570263,-87.34357773311147,90.00775163417516,62.743156385120265,373.2820504968083,15.288,1.0,8.277611244358214,0.0727226898206186,-3.984627241308597e-06,-0.0178664026546294,-0.0021221118038287,0.0011684211205051,0.064778044123095,19.99180529305076,24.735234562240198,0.6923803197902211
19.04,31.22173572132563,131.01371001631813,40.89898720040814,0.0661628235203015,-0.0054023328027378,0.0844756757333625,0.5055671583870043,-0.4698317849907804,0.0,24.7356477810902,9.209193124487689,-87.34233982485902,90.22851624793115,62.52215214892322,373.2932590231566,15.288,1.0,8.269291580086398,0.0727227154375115,-3.9817638308022e-06,-0.0179076092180129,-0.0021238177940115,0.0011711474194369,0.0663830129089157,19.98848543361041,24.73479918463919,0.6953245268345863
19.05,31.22173644536148,131.0137104714072,40.65189817866032,0.0675096030157844,-0.0086420733655135,0.0843271331224321,0.5067508669632588,-0.4730197197005461,0.0,24.73572375309403,9.205336648818546,-87.3410606584817,90.44958590402209,62.30084231774684,373.3044153121157,15.288,1.0,8.260971922428691,0.0727227359402151,-3.978934760741401e-06,-0.0179498641236081,-0.0021280292889645,0.0011739423441903,0.0680605017388565,19.985193358991456,24.734366259389336,0.6983231070029445
19.06,31.221737169191574,131.0137109260832,40.4048093756844,0.0688944892848982,-0.0119912304206415,0.0841978581868169,0.5080274691036846,-0.4762475950847516,0.0,24.735800833446067,9.20145967476692,-87.33973826207949,90.67096559435213,62.07922188785847,373.3156053254706,15.288,1.0,8.252575651002815,0.0727227597020559,-3.976141256522284e-06,-0.0179931368465696,-0.0021347567036517,0.0011768040387763,0.0699302523325718,19.98179119211881,24.73391725538997,0.7014220986760769
19.07,31.22173789281373,131.0137113803462,40.15772081732724,0.0702497649004002,-0.0153654011634701,0.084089771206166,0.5093767084798294,-0.4794981175299961,0.0,24.735877342994364,9.19756187660644,-87.33837156051494,90.89265939551196,61.85728676587203,373.3267783797484,15.288,1.0,8.244148537752292,0.0727227817863676,-3.973384534233954e-06,-0.0180374573486026,-0.0021440841390986,0.0011797343884968,0.0719105340254512,19.97836436545992,24.733463751452565,0.7045950365125065
19.08,31.221738616225828,131.0137118341961,39.91063252844161,0.0715620044886304,-0.0187470151187294,0.0840026853898745,0.5107937557350581,-0.4827665411049801,0.0,24.73595295561728,9.193643357325854,-87.33695851491451,91.11467114950509,61.63503309845819,373.3379246284509,15.288,1.0,8.235699593855102,0.0727228012343983,-3.97066584060662e-06,-0.0180827755841968,-0.0021559963739605,0.0011827301097761,0.0739768266410998,19.974930640620915,24.73300818142113,0.707834899719633
19.09,31.221739339425664,131.01371228763287,39.66354452692156,0.0729254408495553,-0.0222510563076881,0.0839351636857696,0.512311412224961,-0.486078698699716,0.0,24.73603012834744,9.189703804431364,-87.3354970695612,91.33700374566004,61.41245798565368,373.3491182382476,15.288,1.0,8.227163640385381,0.0727228252697539,-3.967986403565895e-06,-0.0181291102865131,-0.0021705620488545,0.001185792550625,0.0762445352964236,19.97137351255309,24.73253494068376,0.7111825336216435
19.1,31.22174006241105,131.01371274065653,39.41645684259054,0.0742125739583569,-0.0257194303228741,0.0838897242774269,0.5138882270544776,-0.4894001391040512,0.0,24.736105603989014,9.185743162450922,-87.33398607103555,91.55965927536224,61.18955932024407,373.3602608855248,15.288,1.0,8.218627697663571,0.0727228443164329,-3.9653474544618425e-06,-0.0181764463643296,-0.0021878073120749,0.0011889205733113,0.0785429491401253,19.96785306986989,24.73206560545685,0.7145845589568821
19.11,31.221740785179826,131.0137131932669,39.1693694913544,0.075539860386481,-0.0292944461429376,0.0838638142960166,0.515562758585681,-0.4927614075723461,0.0,24.73618243711409,9.181761397880576,-87.33242341414997,91.782639203014,60.96633562795868,373.37144477767794,15.288,1.0,8.210011637858097,0.0727228673547503,-3.962750225300307e-06,-0.0182247528234034,-0.00220773786898,0.0011921123022824,0.0810211983651487,19.96422511796588,24.731580876474894,0.7180890628476622
19.12,31.221741507729785,131.01371364546404,38.92228250303681,0.0768334519599195,-0.0328840355551449,0.0838594623382694,0.5173125800070484,-0.4961435405527899,0.0,24.736258725093737,9.177758175304088,-87.33080695078371,92.00594448140346,60.74278594634471,373.38261247851113,15.288,1.0,8.201365454219333,0.0727228887910948,-3.960195964950074e-06,-0.0182740588856768,-0.002230432696352,0.0011953695627429,0.0835747478978167,19.96058288614226,24.731093313151295,0.7216669090996694
19.13,31.221742230058748,131.01371409724774,38.67519589453774,0.0780964652483374,-0.0364908894873338,0.0838761085407593,0.5191381903495742,-0.4995462129654762,0.0,24.73633458826036,9.17373360923809,-87.32913547509044,92.22957483700912,60.51891053442422,373.3937676187962,15.288,1.0,8.192686831075585,0.0727229089792646,-3.957685894866629e-06,-0.0183243141463839,-0.0022558718281741,0.0011986890683352,0.0862011721221361,19.956923597901643,24.730602613131044,0.72531791729663
19.14,31.221742952164483,131.013714548618,38.42810969269864,0.0793962552135577,-0.040196789708411,0.0839128730827604,0.5210636013532568,-0.5029882129827407,0.0,24.736411835697727,9.169687356231703,-87.32740680785862,92.45352952926092,60.29471012413458,373.40496481401607,15.288,1.0,8.183928986028532,0.0727229332378448,-3.9552212487877015e-06,-0.0183755437849792,-0.0022841274638267,0.0012020725589607,0.0889918322706364,19.9531643576002,24.730097739253395,0.7290718684216255
19.15,31.221743674044788,131.01371499957463,38.181023919390135,0.0806167824819462,-0.0438576450674869,0.0839719282509029,0.5230506975104458,-0.5064378961554109,0.0,24.736487407911884,9.165619399944456,-87.32561872192097,92.67780738903906,60.07018587606512,373.4161116961444,15.288,1.0,8.175171156033453,0.0727229525721903,-3.952803287446426e-06,-0.0184277225191501,-0.0023152087410647,0.0012055182372878,0.0917744919852082,19.949451118612988,24.72959826580725,0.7328797033365417
19.16,31.22174439569744,131.01371545011753,37.9339385964832,0.0819046533276764,-0.0476527996093339,0.0840502079061588,0.5251483164328146,-0.5099342509111366,0.0,24.7365652659378,9.161529635185648,-87.32376997150504,92.90240565374027,59.84534053974953,373.42732785302553,15.288,1.0,8.166312467381692,0.0727229786274031,-3.950433214151124e-06,-0.0184808336547545,-0.0023491344353302,0.0012090252090716,0.0947584297059294,19.945602108090537,24.72907998254197,0.7368026411146951
19.17,31.22174511712022,131.01371590024664,37.68685374584868,0.0831297879371363,-0.0514208315360939,0.0841507361087699,0.5273150017626484,-0.5134429603220559,0.0,24.73664194909935,9.157417796844722,-87.32185829396742,93.127321576601,59.620176854309214,373.43850880087547,15.288,1.0,8.157441538928476,0.0727230012294357,-3.948112284645581e-06,-0.0185348956756602,-0.0023859656896726,0.0012125945198204,0.0977479498647225,19.941780852429947,24.728564784853862,0.7407875073027798
19.18,31.221745838310888,131.01371634996175,37.43976938935759,0.0843625141318999,-0.0552471101190748,0.0842715999951472,0.5295734411181989,-0.5169818176184836,0.0,24.736719375143085,9.15328394850424,-87.31988141233619,93.352551463395,59.39469850699184,373.4497124403817,15.288,1.0,8.148509961902551,0.0727230260162834,-3.945841741279648e-06,-0.0185898622260944,-0.0024256828349526,0.0012162232355477,0.1008428220614303,19.93790080520412,24.72804118072376,0.7448623576551735
19.19,31.22174655926719,131.0137167992627,37.19268555186318,0.0855920616074886,-0.0591171119095333,0.0844135619918347,0.53192198241643,-0.5205488708389973,0.0,24.73679730034872,9.1491277310328,-87.31783802563452,93.57809039160963,59.16891040828508,373.4609314133412,15.288,1.0,8.139524477701977,0.0727230522714424,-3.943622797296624e-06,-0.0186457668333623,-0.0024683635962279,0.0012199135428836,0.1040232249579878,19.933976629290846,24.72751120777254,0.7490245468325649
19.2,31.22174727998689,131.0137172481494,36.945602254242495,0.0867739001985361,-0.0629747181632345,0.0845770724466319,0.5343453819903923,-0.5241311527104394,0.0,24.736874533559288,9.144949223916896,-87.31572581312749,93.80393327567616,58.94281763745287,373.4721297526472,15.288,1.0,8.130515420963356,0.0727230764930745,-3.941456706882987e-06,-0.0187025646957466,-0.002513988246571,0.0012236624568174,0.1072171714352134,19.93006515990773,24.726982489953805,0.7532540963577131
19.21,31.22174800046772,131.01371769662157,36.69851951438996,0.0880076871797619,-0.0669413720892933,0.0847604072038045,0.5368779383317374,-0.5277559462285476,0.0,24.736953833341364,9.140748112520209,-87.31354244714784,94.03007399948876,58.71642630505489,373.48339075460086,15.288,1.0,8.121413904949268,0.0727231067910058,-3.939344701508072e-06,-0.0187602743541782,-0.0025626140609146,0.0012274713317503,0.1105734903834539,19.926043270935107,24.72643870959477,0.7575939453798989
19.22,31.221748720707428,131.01371814467907,36.4514373591475,0.0891580410040127,-0.0708490311824453,0.0849662319826375,0.5394751777881152,-0.5313865913789493,0.0,24.7370315179232,9.136524358694333,-87.31128657508816,94.25650551708289,58.48974344601896,373.4946032441319,15.288,1.0,8.112312410308169,0.0727231323413535,-3.937288010656265e-06,-0.0188188778688344,-0.0026142523722491,0.0012313388163721,0.1138803646106321,19.9220812308766,24.725902580965485,0.7619871636216612
19.23,31.22174944070371,131.0137185923217,36.2043558103862,0.0903809304383948,-0.0748884626908428,0.0851911765736757,0.5421888881143214,-0.5350646149810377,0.0,24.737111930881863,9.132277835685343,-87.30895584108104,94.48322015321052,58.262776730903546,373.5058983840736,15.288,1.0,8.103103638546273,0.0727231659135966,-3.935287864514685e-06,-0.0188783595037202,-0.0026689162000808,0.0012352641018953,0.1173754223829178,19.91798562977184,24.72534848201986,0.7664988383327515
19.24,31.221750160454288,131.01371903954924,35.95727488600089,0.0915340576045726,-0.0788830742915046,0.0854385033175735,0.5449733138809202,-0.5387523597913242,0.0,24.73719114515976,9.128008291523704,-87.30654784772966,94.71020974961152,58.03553431344175,373.517157587678,15.288,1.0,8.093884618849728,0.0727231959627962,-3.9333455164621255e-06,-0.0189387357344264,-0.0027266571955534,0.0012392480756147,0.1208346714203172,19.91393543535339,24.72480022473991,0.7710705258743972
19.25,31.221750879956893,131.0137194863615,35.71019461183932,0.092716236663668,-0.0829532151043628,0.0857056851504174,0.5478605670324695,-0.5424754188980166,0.0,24.737271966775268,9.123715763851528,-87.30406122945988,94.9374646785276,57.80802581184874,373.528465591973,15.288,1.0,8.084587379710426,0.0727232307382014,-3.9314621728554e-06,-0.0189999665968127,-0.002787456452689,0.0012432882676093,0.1244087232924103,19.90980858784001,24.72424171076931,0.7757423834526641
19.26,31.2217515992092,131.01371993275822,35.46311500778452,0.0938720096217594,-0.0870292171903395,0.0859943664304443,0.5508340134451021,-0.5462198255495228,0.0,24.73735286680691,9.1193998935672,-87.30149357190396,95.16497513460205,57.58026102791791,373.539776226023,15.288,1.0,8.07524932073773,0.0727232657450414,-3.9296390766155705e-06,-0.0190620846726003,-0.0028513833519511,0.0012473867381907,0.1280079374814691,19.905675675363767,24.72368235459503,0.7804929463160852
19.27,31.22175231820892,131.0137203787392,35.21603609272557,0.0950182234928234,-0.0911304522882647,0.0863036473273921,0.553898439403956,-0.5499890286218674,0.0,24.73743434639841,9.115060756025091,-87.29884244064729,95.39273054527813,57.35225053112754,373.551104624472,15.288,1.0,8.065858711293583,0.0727233024565973,-3.927877471448398e-06,-0.0191250436210562,-0.00291840900601,0.0012515404849288,0.1316556664827995,19.90151701584709,24.72311961446256,0.7853277865455762
19.28,31.221753036953704,131.0137208243041,34.968957891516254,0.0961765270977556,-0.0952821950458601,0.0866335214838304,0.5570626323581295,-0.553789747372368,0.0,24.737517069749146,9.11069798975747,-87.29610644771674,95.6207189862223,57.12400623746905,373.56247084810224,15.288,1.0,8.05640007914048,0.0727233428254876,-3.926178560138242e-06,-0.0191888762575879,-0.0029886009391574,0.0012557516937923,0.1353832062344682,19.897306924193728,24.72255018444901,0.7902576970262352
19.29,31.221753755441235,131.01372126945273,34.72188042205162,0.0972916724194285,-0.0994149981689384,0.0869846930696376,0.5603077183539201,-0.5576062642606914,0.0,24.73759948732388,9.106311647825375,-87.2932831341363,95.84892844101309,56.89554016104518,373.57382809887423,15.288,1.0,8.046911095229477,0.0727233822963851,-3.924543591340545e-06,-0.0192535431290272,-0.0030619365827263,0.0012600177091892,0.1391006897300031,19.893115778204415,24.721983423764392,0.7952583366542969
19.3,31.221754473669183,131.01372171418478,34.4748037071972,0.0984524002629424,-0.1036367494993801,0.0873555763842896,0.5636642763939667,-0.5614630365054087,0.0,24.737684173198364,9.101901395969396,-87.29037003897724,96.0773459153312,56.666865294597706,373.58525412192944,15.288,1.0,8.037330336443521,0.0727234284365408,-3.922973791855421e-06,-0.0193190667524533,-0.0031384685989296,0.0012643401405943,0.1429455854301716,19.88883412838971,24.721404959531878,0.8003681369032875
19.31,31.221755191635182,131.01372215849997,34.22772777081299,0.0995415223744963,-0.1078016898481454,0.0877483776195939,0.5670933696068436,-0.5653281023954946,0.0,24.73776779819297,9.097467234025231,-87.28736574528804,96.30595743308356,56.43799560683904,373.5966483656389,15.288,1.0,8.027737871022925,0.0727234714588784,-3.921470380885581e-06,-0.0193854225633612,-0.0032181905607319,0.0012687172153531,0.1467300491340104,19.88460973656216,24.720834358340188,0.8055374174953053
19.32,31.22175590933689,131.01372260239796,33.98065262781156,0.1007045743709537,-0.1120876425286631,0.0881600558693655,0.570643805784791,-0.5692407640443646,0.0,24.737854609085137,9.093008902725852,-87.28426777959525,96.53474849685652,56.208945594465135,373.6081391022196,15.288,1.0,8.018033411958081,0.0727235238479752,-3.920034581815225e-06,-0.0194526174294932,-0.0033011336467885,0.0012731496053866,0.1506819098942139,19.880262208509556,24.720247934599257,0.8108277227508023
19.33,31.221756626771924,131.01372304587852,33.733578303047054,0.101777621941997,-0.1162912512699092,0.0885940692722833,0.5742617055367428,-0.5731569738318179,0.0,24.73793986075493,9.08852629130715,-87.28107363029771,96.76370417603268,55.9797301875324,373.61958300666953,15.288,1.0,8.008328984914595,0.0727235716542642,-3.9186676438567085e-06,-0.0195206450807967,-0.0033873117391965,0.0012776366614497,0.1545390734595276,19.87599776031357,24.719672886263545,0.8161705288775367
19.34,31.22175734393792,131.0137234889413,33.48650481839115,0.1029381361956722,-0.1206296602362465,0.0890464226428905,0.5780058644482378,-0.5771241876194116,0.0,24.738028800184544,9.084019252744318,-87.27778189447211,96.9928080302571,55.7503658204944,373.6311385701264,15.288,1.0,7.998502500076115,0.0727236303026186,-3.917370758435832e-06,-0.0195894957513901,-0.0034767332935234,0.001282178019897,0.1585804501050811,19.871596071597136,24.719080351463013,0.8216400505436774
19.35,31.221758060832467,131.01372393158593,33.23943219173913,0.1040121307951324,-0.1248871134535227,0.0895210053109168,0.581819519363934,-0.5810960631749803,0.0,24.73811634041736,9.079487578408248,-87.27439005225452,97.22204368150868,55.520868871654976,373.642652135,15.288,1.0,7.988672781183272,0.0727236848386224,-3.916145171219292e-06,-0.0196591793714102,-0.0035694298985133,0.0012867740725452,0.1625278355408643,19.867275963347005,24.718499134043423,0.8271641905584507
19.36,31.22175877745317,131.01372437381212,32.99236044595697,0.1051583116902437,-0.1292576305396014,0.0900140543665825,0.585754873585108,-0.585114748817584,0.0,24.73820720629182,9.074931175517255,-87.27089571105661,97.45139376695272,55.29125670418191,373.6542664281688,15.288,1.0,7.978730667954512,0.0727237491520962,-3.914992103092038e-06,-0.0197296751966813,-0.0036653942290692,0.0012914237119061,0.1666306898785296,19.86284055916159,24.717903482387964,0.8328088443310868
19.37,31.221759493797627,131.01372481561947,32.745289601922345,0.1062331524737463,-0.1335629576316922,0.0905289194182074,0.5897654708399233,-0.5891423172171502,0.0,24.7382971776541,9.070349785897706,-87.26729707760569,97.6808401626907,55.06154743902776,373.6658539683557,15.288,1.0,7.9687740427986755,0.0727238108368804,-3.913912774868852e-06,-0.0198010029554676,-0.0037646676757607,0.001296128014487,0.1706590926192573,19.85847065180375,24.71731717633094,0.8385150361097038
19.38,31.221760209863405,131.01372525700765,32.49821967653651,0.1073704513145813,-0.1379664257933423,0.0910622712059528,0.5938950638712436,-0.5932141009197979,0.0,24.738390288432544,9.065743354095344,-87.26359187525837,97.91036411831602,54.831759827022886,373.67753661893073,15.288,1.0,7.958710853475591,0.0727238817516243,-3.912908404903951e-06,-0.0198731365023714,-0.0038672339836331,0.0013008854849176,0.1748231282750061,19.8540004711684,24.716718593890047,0.8443379972842032
19.39,31.22176092564805,131.01372569797627,32.25115069664213,0.1084460284939173,-0.1423135983075539,0.0916171041980947,0.5981036877562503,-0.5972974895024713,0.0,24.73848284793869,9.061111584248462,-87.25977793494233,98.1399463395922,54.60191316235024,373.6892028870612,15.288,1.0,7.948625687021603,0.0727239510467139,-3.911980222354697e-06,-0.0199461007037103,-0.0039731385892513,0.001305697562351,0.1789236629786575,19.849586673924243,24.716128303177197,0.8502270320656863
19.4,31.22176164114916,131.013726138525,32.00408267516393,0.1095800250221417,-0.146750977391514,0.0921903280807416,0.6024304760273156,-0.601424110552342,0.0,24.738578523843305,9.05645443543104,-87.25585309758142,98.36956673848876,54.37202753355876,373.700963578222,15.288,1.0,7.938435862666906,0.0727240295040374,-3.911129442688214e-06,-0.020019867708377,-0.0040823608454001,0.0013105626220335,0.1831491331978545,19.8450805403126,24.7155269594231,0.8562315666873118
19.41,31.221762356364223,131.01372657865335,31.75701563993888,0.1106562156670049,-0.1511339142595679,0.0927847926879242,0.606838109456307,-0.605563548400802,0.0,24.73867382837468,9.051771596509267,-87.25181519091532,98.59920474932248,54.14212350707767,373.7127133240899,15.288,1.0,7.928220498764089,0.0727241068705551,-3.910357294004775e-06,-0.0200944648777617,-0.0041949469671683,0.0013154822759075,0.1873131861492472,19.840628816301138,24.71493379616755,0.8623043082313901
19.42,31.22176307129081,131.01372701836095,31.509949602897656,0.1117926061141783,-0.1556062767052862,0.0933974286246507,0.6113649941914202,-0.609746885245097,0.0,24.73877240381445,9.047063021846425,-87.24766205288506,98.82883906216672,53.91222239412404,373.72456216957374,15.288,1.0,7.917898367912704,0.0727241938534557,-3.9096649923260485e-06,-0.0201698653675137,-0.0043108752461408,0.001320454965253,0.1916008074236052,19.83608543266548,24.7143298570742,0.8684938110674535
19.43,31.221763785926395,131.01372745764735,31.26288459485959,0.1128692685899655,-0.1600188478050485,0.0940311654979543,0.6159725203222344,-0.613942704518118,0.0,24.738870612645144,9.04232840241698,-87.24339150974461,99.05844791790712,53.68234595532669,373.7364002163941,15.288,1.0,7.9075511293056415,0.0727242797595494,-3.909053766205402e-06,-0.0202460963271533,-0.0044301893333882,0.0013254822789645,0.1958199946966927,19.83160179345848,24.713734943486717,0.8747511933733216
19.44,31.22176450026852,131.01372789651225,31.015820626761464,0.1140138632992141,-0.1645273861346398,0.0946827245603368,0.6207023502541209,-0.6181847767943046,0.0,24.738972434233947,9.03756767003608,-87.23900139943363,99.28800884917828,53.452516660101686,373.7483477009836,15.288,1.0,7.89709090573205,0.0727243762868794,-3.908524832046377e-06,-0.0203231346931951,-0.004552869870612,0.0013305629253955,0.2001708921988269,19.82701973623514,24.713128568371324,0.8811291870102717
19.45,31.221765214314622,131.0137283349551,30.768757723457856,0.1150908327995085,-0.1689634171970879,0.0953553510962071,0.625510554636362,-0.6224374141563789,0.0,24.7390737091408,9.032780535578016,-87.23448954828848,99.5174989873437,53.22275737933676,373.7602789491676,15.288,1.0,7.88661009326731,0.0727244712080358,-3.908079420416706e-06,-0.0204010046309957,-0.0046789545255464,0.0013356982687759,0.2044370263644953,19.82251023686321,24.712533036099355,0.8875722119838191
19.46,31.22176592806221,131.01372877297538,30.52169590582689,0.1162495522561815,-0.1735094495282628,0.0960453172900616,0.6304461340317666,-0.6267403887277466,0.0,24.739179136151435,9.027966889062313,-87.22985379702521,99.74689477960064,52.993091668629965,373.77233594220246,15.288,1.0,7.876005873743958,0.072724578335844,-3.907718748065705e-06,-0.0204796898743019,-0.0048084300040824,0.0013408875029784,0.2088526901063125,19.817887950147718,24.711924377210558,0.8941423520623301
19.47,31.221766641508754,131.01372921057276,30.274635191764364,0.1173281553483519,-0.1779645981909382,0.0967563925928739,0.635456209263445,-0.6310507943656662,0.0,24.73928368946892,9.02312648145906,-87.22509197358016,99.97617233629356,52.76354342059275,373.7843668210677,15.288,1.0,7.865388723715865,0.0727246828961626,-3.907444049093972e-06,-0.0205592084054825,-0.004941324049549,0.001346131539046,0.2131601510072429,19.81335678406685,24.71132912070454,0.9007727229821028
19.48,31.22176735465169,131.01372964774674,30.027575601154343,0.1185054968541985,-0.1825476897951252,0.0974842705163481,0.6405998273757225,-0.6354166025675239,0.0,24.7393930460076,9.018259133541411,-87.22020192335997,100.20530710575478,52.534137190406085,373.7965431318308,15.288,1.0,7.85463552941728,0.0727248015770926,-3.907256541428131e-06,-0.0206395552452225,-0.0050776349655205,0.0013514303650826,0.2176399878597269,19.80869448684599,24.710718570460426,0.9075381979015344
19.49,31.22176806748844,131.0137300844968,29.78051715686343,0.1196092832382071,-0.1870449946139498,0.0982328215157887,0.645820249204407,-0.6397918205603632,0.0,24.739501804074536,9.013364666405932,-87.21518147787631,100.43427426402332,52.30489780566626,373.8087016492219,15.288,1.0,7.843863986245847,0.072724918499565,-3.90715746359475e-06,-0.0207207369668424,-0.0052173741360166,0.001356784122932,0.2220183772222757,19.804118037282624,24.710120897212928,0.914367024318648
19.5,31.221768780016426,131.01373052082243,29.533459876787543,0.1207875797930243,-0.191637418026411,0.0989986112755927,0.6511668146548271,-0.644216584295909,0.0,24.739614716257936,9.008442801685655,-87.21002848809155,100.6630483625277,52.075850719135794,373.8209859962246,15.288,1.0,7.832971986517024,0.072725047634412,-3.90714803659204e-06,-0.0208027655572603,-0.0053605584657884,0.0013621938634285,0.2265270072535879,19.79944366253089,24.709512437152696,0.9213218509424911
19.51,31.22176949223304,131.01373095672315,29.286403781805,0.1219227718858649,-0.1961785891944327,0.0997840643918943,0.6566003380610524,-0.6486591956184867,0.0,24.73972807505548,9.003493444812774,-87.20474079192054,100.89160372358432,51.847021612799736,373.83328413724354,15.288,1.0,7.822039806799622,0.0727251780829333,-3.9072295031040025e-06,-0.0208856323610212,-0.005507178280714,0.0013676588222627,0.2309786636713577,19.7948199614959,24.70891247453653,0.9283531739100569
19.52,31.22177020413567,131.01373139219842,29.03934888782356,0.1231017315101814,-0.2007740403491538,0.1005873291333657,0.6621503887058459,-0.6531437865277476,0.0,24.739844715982525,8.998516234100137,-87.19931624555646,101.11991411912524,51.61843671954054,373.84568176819215,15.288,1.0,7.811007213347738,0.0727253181804211,-3.907403090439704e-06,-0.0209693660953325,-0.0056572688069909,0.0013731810423331,0.2355083640819565,19.79013968988092,24.7083072680154,0.935498665913154
19.53,31.221770915721685,131.01373182724777,28.792295221686423,0.1242746372377653,-0.2053609193269952,0.101409110641423,0.6677998030124715,-0.6576565792164355,0.0,24.739963085695333,8.993511122011622,-87.19375269656335,101.3479530973924,51.39012249607628,373.85813194995046,15.288,1.0,7.799908028703712,0.0727254633606131,-3.907670044382766e-06,-0.0210539469790886,-0.0058108043783124,0.0013787591487132,0.2400358858838742,19.785466630385358,24.707705136988665,0.9427367399286207
19.54,31.22177162698845,131.01373226187053,28.545242799301484,0.1254539101623577,-0.2099530536140798,0.1022493888399056,0.6735537875013077,-0.6622019750046189,0.0,24.74008363118845,8.98847770663548,-87.18804800512723,101.5756937790677,51.16210582709774,373.87064819629165,15.288,1.0,7.7887330305494205,0.0727256149374601,-3.908031602807479e-06,-0.021139413853594,-0.0059678304179644,0.0013843957160086,0.2445790216933951,19.780786682132653,24.707104356452472,0.9500742591374155
19.55,31.22177233793329,131.01373269606628,28.29819164154724,0.1266709144705586,-0.2145876127749626,0.1031069215223246,0.6794219127568741,-0.6667879393576057,0.0,24.74020743664244,8.983415935114998,-87.1822000315787,101.80310902254269,50.93441385982373,373.88326328121104,15.288,1.0,7.777460345155773,0.0727257760979588,-3.908489013423129e-06,-0.0212257447679018,-0.0061283163166305,0.0013900893740243,0.2491852505781739,19.77606201829278,24.706500172052134,0.9575235395919948
19.56,31.221773048553537,131.01373312983435,28.051141768308163,0.1278500929485848,-0.2191700548565678,0.1039837262006975,0.6853801947933479,-0.671395225258037,0.0,24.74033206559883,8.978325430393593,-87.1762066394129,102.0301714195036,50.707074008444046,373.8959035689276,15.288,1.0,7.766141107833816,0.0727259396799074,-3.9090435281861004e-06,-0.021312977394436,-0.0062923037988938,0.0013958424596942,0.2537342694388094,19.7713886430833,24.70590499784651,0.9650544933986056
19.57,31.221773758846467,131.01373356317427,27.8040931984745,0.1291176459744097,-0.2238543929032604,0.1048764382980181,0.691469907676372,-0.6760575726995194,0.0,24.74046174659612,8.973206051511353,-87.1700657028767,102.25685324593852,50.480114003196576,373.9086968748603,15.288,1.0,7.754688296583321,0.0727261181133501,-3.909696397543892e-06,-0.0214011020666349,-0.006459775141115,0.0014016545851547,0.2584222724471671,19.76660999453009,24.70529887024333,0.9727196626656698
19.58,31.22177446880936,131.0137339960853,27.55704595391915,0.1303346050589736,-0.2284679800937278,0.1057883539285008,0.6976454962756788,-0.6807382709817013,0.0,24.740591924296915,8.968057535591678,-87.16377509015882,102.483126665194,50.25356168708821,373.9215055156745,15.288,1.0,7.743196645753253,0.0727262980075207,-3.910448888585531e-06,-0.0214901389656848,-0.0066307482791291,0.0014075268216828,0.2630297267794241,19.761901456153904,24.704704353008825,0.9804616299885458
19.59,31.221775178439504,131.01373442856703,27.31000005253843,0.1316208655411951,-0.2331570789823744,0.1067165855085188,0.7039470177478405,-0.6854701143532164,0.0,24.7407266529086,8.962879565447286,-87.15733268670881,102.70896351810664,50.02744522604345,373.934452043536,15.288,1.0,7.7315832679006204,0.0727264912799508,-3.911302259468657e-06,-0.0215801080554226,-0.0068052397720992,0.0014134607140537,0.2677427498511026,19.75711432266764,24.704102525666254,0.9883314783462515
19.6,31.221775887734115,131.0137348606187,27.06295551521101,0.1329005549615887,-0.2378267875999464,0.1076625901122147,0.7103489265572142,-0.6902326753568465,0.0,24.740863454405023,8.95767202345894,-87.15073637028397,102.93433560589745,49.80179282568887,373.9474615612049,15.288,1.0,7.719899751894735,0.0727266906462939,-3.9122577891306445e-06,-0.0216710031681839,-0.0069832328771824,0.0014194557247342,0.2724408871090447,19.752344982263597,24.703505817244157,0.9962971328378533
19.61,31.221776596690425,131.0137352922397,26.815912363809844,0.1341865829992317,-0.2424915867521967,0.1086262714264838,0.7168564745322125,-0.6950305423093425,0.0,24.74100281225938,8.952434495729108,-87.14398403149217,103.15921451179788,49.576632909971416,373.96054868881686,15.288,1.0,7.70813648614464,0.0727268975277005,-3.913316752557473e-06,-0.0217628649798288,-0.0071647674760426,0.0014255145527737,0.2771427451575025,19.74757865951583,24.702912436598236,1.0043656339528904
19.62,31.221777305305658,131.0137357234294,26.568870614243128,0.1355356508432973,-0.2472199173424474,0.1096058113506125,0.7234877874834352,-0.6998787722133823,0.0,24.74114672172075,8.947166862424654,-87.13707356296531,103.38357173910966,49.351993982953886,373.9737737507381,15.288,1.0,7.696254102099784,0.0727271177891988,-3.914480435905099e-06,-0.0218556825214288,-0.0073498187254147,0.001431636602578,0.2819352517498339,19.74274571057617,24.702313628409737,1.0125602739167747
19.63,31.22177801357696,131.01373615418717,26.321830289377985,0.1368491324125881,-0.2518888720702941,0.1106037024276966,0.7302109307773345,-0.7047518158837119,0.0,24.741291876818288,8.941868778557051,-87.1300028573231,103.60737875770236,49.12790458228376,373.9870368129422,15.288,1.0,7.684319554167979,0.0727273417127505,-3.915750136985364e-06,-0.0219494890062918,-0.0075384151439661,0.0014378238666265,0.2866628128351887,19.737971025242576,24.701725392770385,1.0208409790015314
19.64,31.22177872150153,131.01373658451232,26.07479141108752,0.1382458935096902,-0.2566434989633566,0.111616934976237,0.7370654515061322,-0.7096821549858088,0.0,24.741442419822192,8.936539936594677,-87.12276982029996,103.83060690678056,48.90439337657392,374.00046311014006,15.288,1.0,7.672250624060346,0.0727275814745626,-3.9171271521255485e-06,-0.0220443023576976,-0.0077305653389225,0.0014440777675007,0.2915093219987091,19.733107064170117,24.701129088082848,1.029258267434724
19.65,31.22177942907648,131.01373701440417,25.827753995279924,0.139641388367203,-0.2613782586748705,0.112647275262162,0.744023099330197,-0.7146472714479668,0.0,24.74159551291228,8.931180167789257,-87.11537235083023,104.0532276126116,48.68148894742679,374.01396685851546,15.288,1.0,7.66010476764449,0.0727278287327595,-3.918612799145011e-06,-0.0221401257462949,-0.0079262586753554,0.0014503983565388,0.2963413170372305,19.728261067083977,24.70053845445621,1.0377767117973524
19.66,31.22178013629893,131.01373744386203,25.580718058857705,0.141037215761645,-0.2660937515983097,0.113694867715805,0.7510853380859099,-0.7196487811764639,0.0,24.741751263572,8.925789045958178,-87.10780835824751,104.27521225269936,48.45921992545682,374.0275513141336,15.288,1.0,7.647880079785175,0.0727280838032378,-3.92020839687631e-06,-0.0222370020668172,-0.0081255324171262,0.0014567884580843,0.3011598211209644,19.72343236513916,24.699953505066933,1.046398622075407
19.67,31.22178084316598,131.01373787288523,25.333683629658854,0.1425215057071031,-0.2708971986397173,0.114757160437601,0.758280921361421,-0.7247104651155075,0.0,24.74191282732428,8.920366383526284,-87.10007575452576,104.49653225703348,48.237614888938765,374.0413118920798,15.288,1.0,7.635515514487069,0.0727283559615461,-3.92191527625576e-06,-0.0223349310664235,-0.0083283696146023,0.0014632482504692,0.306100507125534,19.718511841898334,24.699360553407164,1.0551608502121193
19.68,31.221781549674706,131.01373830147298,25.08665072558012,0.1439860746481965,-0.2756539735381213,0.1158368176900561,0.7655744996409487,-0.729804104396311,0.0,24.74207648637432,8.914911858601531,-87.09217244837319,104.71715918707513,48.01670228474592,374.0551361949184,15.288,1.0,7.623084569551888,0.0727286342792075,-3.923734785523099e-06,-0.0224339416510964,-0.0085347882178152,0.0014697794174581,0.3109934772041779,19.713636349234992,24.698777028502445,1.0640190381881096
19.69,31.22178225582214,131.0137387296246,24.83961936352405,0.1454953332434599,-0.2804421017922629,0.1169322896491776,0.7729880503932887,-0.7349480194254308,0.0,24.742244575455697,8.90942507323031,-87.08409635896902,104.93706463770796,47.796510526549326,374.0690948238413,15.288,1.0,7.610542242726019,0.0727289256190477,-3.925668275506629e-06,-0.0225340696870301,-0.008744813733235,0.0014763844563592,0.3159374865409273,19.708726459344607,24.698193009012893,1.073001527338512
19.7,31.221782961605296,131.01373915733933,24.59258956536392,0.1470616863606651,-0.2852755519595159,0.118042886714709,0.7805252779654598,-0.7401457210777577,0.0,24.74241762477095,8.903905840497346,-87.07584540126317,105.15622039503528,47.57706783684235,374.0832038227204,15.288,1.0,7.597879409772931,0.0727292315394823,-3.927717117397472e-06,-0.0226353174132033,-0.008958429215488,0.001483063555906,0.3209503099004355,19.70376788383066,24.69760683100363,1.0821134511116262
19.71,31.22178366702118,131.0137395846164,24.34556135098485,0.1486185992036759,-0.2900710500069006,0.1191703572751308,0.7881648816129734,-0.745380448604935,0.0,24.74259333423836,8.898353768946766,-87.0674174907283,105.37459841725122,47.358402266117686,374.0973936520282,15.288,1.0,7.585140896683938,0.0727295452794401,-3.929882695847468e-06,-0.0227377243136083,-0.0091756626196014,0.0014898191754522,0.3259271596139278,19.69884526965307,24.697029274894057,1.091328304326232
19.72,31.22178437206677,131.01374001145504,24.09853474325441,0.1502435839305038,-0.2949228091974924,0.1203127146807958,0.7959330181630877,-0.7506739687188684,0.0,24.742774561683813,8.892768473974925,-87.05881054926344,105.5921708086328,47.140541718932646,374.1117507396015,15.288,1.0,7.572272686959962,0.0727298752392717,-3.93216640359271e-06,-0.0228413228801338,-0.0093965322973533,0.0014966536260707,0.3309870065946946,19.693862692143444,24.69644839971906,1.100679756345233
19.73,31.22178507673901,131.0137404378544,23.851509759075338,0.151915487395853,-0.2998034988559115,0.1214701715785084,0.8038224573045055,-0.7560209746003397,0.0,24.742960642799243,8.88714973185276,-87.05002249192108,105.80890995706469,46.92351381622865,374.1262550107364,15.288,1.0,7.559288610594982,0.0727302194661745,-3.934569656864635e-06,-0.0229461229070637,-0.0096210276523055,0.0015035675210218,0.3360955855268575,19.68884787715035,24.69586783422117,1.1101591144903569
19.74,31.2217857810348,131.01374086381378,23.604486418332804,0.1535885780557027,-0.3046555213403741,0.1226439808749947,0.8118188551774657,-0.7614104055557278,0.0,24.74314999559484,8.881497120988259,-87.0410512337755,106.02478849653971,46.70734593290054,374.1408586360071,15.288,1.0,7.546219155733107,0.0727305733099084,-3.937093886371346e-06,-0.0230521680149818,-0.0098491788145523,0.0015105636335498,0.3411806203126894,19.683859363399545,24.69529504371066,1.1197487242033612
19.75,31.22178648495101,131.01374128933227,23.35746474190624,0.1553310986134045,-0.3095617200612328,0.123832364591743,0.8199453467545748,-0.7668616287924178,0.0,24.74334519613368,8.875810238344085,-87.03189469244822,106.23977930916472,46.49206519581122,374.15563953173535,15.288,1.0,7.533016605524275,0.0727309443425257,-3.939740535606717e-06,-0.0231594938356117,-0.0100810051203069,0.0015176444670715,0.3463466095564435,19.678812768948585,24.694719591427454,1.1294784565891562
19.76,31.221787188484534,131.01374171440904,23.11044475564577,0.1571325543230044,-0.314507946141568,0.1250353010068232,0.828198362714987,-0.7723723607491478,0.0,24.74354596734833,8.870088822073658,-87.02255077725911,106.45385563545508,46.277698373371166,374.1705893343282,15.288,1.0,7.51968739887181,0.0727313317494866,-3.942511073307918e-06,-0.0232681161365999,-0.0103165004879885,0.001524811050784,0.3515759374965139,19.67372240696304,24.694143422788382,1.139344293069862
19.77,31.22178789163217,131.01374213904327,22.863426473471943,0.158946155830532,-0.3194353494176298,0.1262540531298072,0.8365631806791733,-0.7779312857294961,0.0,24.743750671646342,8.864332442876625,-87.01301739424302,106.66699105178392,46.06427189813856,374.1856585304344,15.288,1.0,7.506262702841166,0.0727317307171341,-3.94540698662732e-06,-0.0233780793413695,-0.0105556932323915,0.0015320662075093,0.3567948446272463,19.66864809973507,24.69357414423408,1.1493281196057574
19.78,31.221788594390723,131.01374256323408,22.61640991626422,0.160807470533123,-0.3243865688273522,0.1274877310469761,0.8450523248691204,-0.7835492117284929,0.0,24.74396071711485,8.858540654993483,-87.0032924484426,106.87915947196296,45.85181186525696,374.2008897194765,15.288,1.0,7.492717135564675,0.0727321453843063,-3.948429779316868e-06,-0.0234894274039028,-0.0107986101834204,0.0015394129173366,0.3620571948184992,19.663546368615464,24.69300646625179,1.159446385364392
19.79,31.22178929675696,131.01374298698056,22.36939510788465,0.1627629392925452,-0.3294176605231332,0.1287348593817534,0.8536812209663132,-0.7892393166114549,0.0,24.744177956487665,8.852713148193464,-86.99337383581857,107.09033522957884,45.64034395002516,374.2163389557239,15.288,1.0,7.4790179680913695,0.0727325811967783,-3.951580981246953e-06,-0.0236021820124169,-0.0110452498349164,0.001546852731034,0.367433636958733,19.65836005783245,24.69243343645228,1.1697191927705946
19.8,31.22178999872761,131.0137434102818,22.122382064242075,0.1647418117665043,-0.33444030702979,0.1299972865243346,0.8624271330269334,-0.794983832153986,0.0,24.744399843017327,8.846849499267089,-86.98325944335932,107.3004930925716,45.42989339331604,374.2319292260144,15.288,1.0,7.465212773188237,0.0727330306685513,-3.954862147056434e-06,-0.0237163866501013,-0.0112956366661191,0.0015543883540169,0.3728134590884847,19.65317899459033,24.691866380753183,1.1801182769837026
19.81,31.221790700299355,131.01374383313689,21.87537081118691,0.1667488220143825,-0.3394592149314344,0.131274944847846,0.8712924882351853,-0.8007854218586429,0.0,24.744626646295416,8.840949241713371,-86.97294715249164,107.50960825287396,45.22048501196782,374.2476686982708,15.288,1.0,7.451297259488841,0.0727334945919549,-3.9582748526934e-06,-0.0238320904179501,-0.0115498012189742,0.0015620230350936,0.3782028594643384,19.647998309445278,24.69130482945462,1.1906473042262307
19.82,31.221791401468863,131.01374425554488,21.628361367610584,0.1688568769678165,-0.3445631095434685,0.1325658213263189,0.8803020089992046,-0.8066648523951401,0.0,24.744861257614307,8.835011937249961,-86.96243483568686,107.71765636780547,45.01214315734872,374.2636448474337,15.288,1.0,7.437220352138307,0.0727339814654267,-3.961820699439354e-06,-0.0239493333538919,-0.0118077620181105,0.0015697595962186,0.383713483778088,19.642727568021897,24.69073773716608,1.2013382155419974
19.83,31.22179210223277,131.01374467750486,21.38135375339864,0.1710261370699309,-0.3497018184634225,0.1338708171611457,0.8894429007349425,-0.8126124674747082,0.0,24.74510228797525,8.829037213774155,-86.95172035027275,107.92461361921605,44.80489165614424,374.2798156780353,15.288,1.0,7.423008408451444,0.0727344872060377,-3.965501320486595e-06,-0.024068150619865,-0.0120695307468746,0.0015776002709778,0.3892825942544271,19.637417765025077,24.69017159583223,1.2121753551572128
19.84,31.22179280258766,131.01374509901575,21.134347990425045,0.1732352400966896,-0.354847955774785,0.1351905524683467,0.8987090220623299,-0.8186240234907407,0.0,24.745349030101195,8.823024579215769,-86.94080154201873,108.13045669837534,44.59875382550188,374.2961598122508,15.288,1.0,7.408674966983489,0.0727350097347226,-3.9693183761845016e-06,-0.0241885950089873,-0.0123351400069531,0.0015855484910744,0.3948761026305324,19.632096702582285,24.689609999878616,1.2231515374838455
19.85,31.221793502530105,131.0137455200766,20.8873440985755,0.175489174086574,-0.3600066239766482,0.1365249430404833,0.9081029860365885,-0.8247023934860194,0.0,24.745601788412184,8.816973532756828,-86.92967624394171,108.335162826443,44.3937524525435,374.3126864764808,15.288,1.0,7.394215451735708,0.0727355499461476,-3.9732735555995295e-06,-0.0243107204447543,-0.0126046229962588,0.0015936078271759,0.4005007044269812,19.626759097403674,24.689052452250877,1.234270687953961
19.86,31.221794202056568,131.01374594068642,20.640342100718165,0.1778495931554476,-0.3652527697388113,0.1378722682975631,0.9176459812171814,-0.8308655335329306,0.0,24.7458631021168,8.810883590648453,-86.91834227303143,108.53870978815652,44.18990976064006,374.3294725094576,15.288,1.0,7.379586381751278,0.07273611530374,-3.977368580091393e-06,-0.0244345745338409,-0.01287800434557,0.0016017815815464,0.406250704750457,19.62132851386548,24.688489719811272,1.2455602932104572
19.87,31.22179490116357,131.01374636084412,20.39334201972123,0.1802864187628322,-0.3705483324958281,0.139233241210829,0.9273287138955874,-0.8371066841457369,0.0,24.746131946003143,8.804754313913342,-86.90679742611664,108.74107596907076,43.98724737212719,374.3464869192605,15.288,1.0,7.364807269009187,0.0727367027938864,-3.981605207498504e-06,-0.024560202524725,-0.0131553050148078,0.0016100726739287,0.4120786409741154,19.615843618297944,24.687926755793317,1.2570091645309462
19.88,31.22179559984752,131.01374678054867,20.14634387248807,0.1827801765372549,-0.3758683394270985,0.1406084515387718,0.9371458315890512,-0.8434222965878406,0.0,24.746407689767707,8.79858516559598,-86.89503948090332,108.94224035494572,43.7857863089249,374.3637106583388,15.288,1.0,7.349890228054058,0.0727373105637624,-3.985985230250021e-06,-0.0246876638153867,-0.0134365626599728,0.0016184849767741,0.4179534929458663,19.61032975408602,24.687366852551488,1.268611136909326
19.89,31.221796298104795,131.01374719979898,19.899347682881167,0.1853360971667936,-0.3812182813222223,0.1419978143441754,0.9471001928982316,-0.8498154960535818,0.0,24.74669067135819,8.792375597189485,-86.883065977203,109.14218264003422,43.58554688560551,374.3811539730711,15.288,1.0,7.334830382856675,0.0727379396065459,-3.990510484339432e-06,-0.0248170188245932,-0.013721815467523,0.0016270224930106,0.4238824601822315,19.60478123472216,24.686809485575544,1.2803704667006286
19.9,31.22179699593177,131.01374761859392,19.652353472774703,0.1879594919501145,-0.3866037715573532,0.1434012314709496,0.957194715385248,-0.8562894678828069,0.0,24.746981255149784,8.786125056687782,-86.87087507990165,109.34088288677236,43.38654904420001,374.3988279111471,15.288,1.0,7.319622763687792,0.0727385909930806,-3.9951828233733005e-06,-0.0249483292184455,-0.014011102451672,0.001635689310328,0.4298729005591253,19.599192234560142,24.68625413752971,1.2922914876899296
19.91,31.22179769332473,131.0137480369324,19.4053612630488,0.1907121338807666,-0.3921000198318391,0.1448169566713078,0.9674508812358446,-0.862862468553552,0.0,24.747282089687232,8.779833005829236,-86.85846428215704,109.53832209121904,43.188811796902144,374.4168126390658,15.288,1.0,7.304223631527189,0.0727392725080236,-4.000004164162805e-06,-0.0250816518574721,-0.0143044560105539,0.0016444893544366,0.4360194671970381,19.593486012613837,24.685691643341396,1.30440208455134
19.92,31.221798390279936,131.01374845481325,19.15837107856016,0.1935462991657639,-0.3976473375153665,0.1462463306641067,0.97785404418529,-0.8695234589586452,0.0,24.74759142709176,8.77349888945219,-86.84583126237405,109.73448184111228,42.9923535625585,374.4350552981954,15.288,1.0,7.288664379846261,0.0727399790136413,-4.004976460676196e-06,-0.0252170493434404,-0.0146019149464652,0.0016534266383483,0.4422476382088974,19.587723279872147,24.68512963081607,1.3166843078891952
19.93,31.22179908679359,131.01374887223528,18.911382936212387,0.1964605225381041,-0.403243059565788,0.1476894802473274,0.9884051042388776,-0.8762740223789426,0.0,24.74790937375464,8.767122101127974,-86.8329736688768,109.92934441347356,42.79719207040152,374.4535591351613,15.288,1.0,7.272944564409464,0.0727407108224578,-4.010101711892906e-06,-0.025354591268821,-0.014903526025468,0.0016625057563951,0.4485544166985347,19.581906644894293,24.684568624982727,1.3291399455878843
19.94,31.22179978286184,131.01374928919728,18.66439686285063,0.199460336251954,-0.4088931678698879,0.1491463404430925,0.9991073429338736,-0.8831176846925893,0.0,24.74823632784361,8.760702019756799,-86.819889117335,110.12289279014875,42.60334434448278,374.472336227312,15.288,1.0,7.257058893303404,0.0727414691045981,-4.0153819643328856e-06,-0.0254943493319116,-0.0152093379745501,0.0016717314618167,0.4549476596898547,19.576029901739737,24.6840080844244,1.3417738105167918
19.95,31.22180047848079,131.01374970569807,18.41741287836101,0.2025513539930248,-0.4146037695117938,0.1506168458557057,1.0099641310095453,-0.8900580544569212,0.0,24.74857270105153,8.75423800948806,-86.8065751880215,110.31511067263662,42.41082668881648,374.4913990635481,15.288,1.0,7.241001974195203,0.0727422550699243,-4.020819314601365e-06,-0.0256363973249069,-0.0155194014861936,0.0016811086476779,0.4614353915770817,19.57008671341917,24.68344746158707,1.3545908313896957
19.96,31.2218011736465,131.01375012173636,18.170431007600456,0.205739267999465,-0.4203810935115918,0.1521009338906672,1.0209789385350032,-0.8970988307178147,0.0,24.74891891891456,8.747729417762631,-86.79302942303107,110.50598249543935,42.21965467400125,374.5107605536298,15.288,1.0,7.224768313120202,0.0727430699689805,-4.026415911950244e-06,-0.0257808114613536,-0.0158337696415818,0.0016906423684547,0.468025801243122,19.564070615180523,24.682886203610376,1.3675960657656725
19.97,31.22180186835496,131.01375053731087,17.923451271449302,0.2090341229578281,-0.4262367576242763,0.1535984246878216,1.0321567643186575,-0.90424496199421,0.0,24.749275601365508,8.741175565710622,-86.77924932348078,110.69549343776212,42.02984312549425,374.53043949332897,15.288,1.0,7.208349368391504,0.0727439156236709,-4.032173960827837e-06,-0.0259276707241372,-0.016152498359366,0.0017003378753637,0.4747338539048266,19.557969645239417,24.682323105597277,1.3807965141494425
19.98,31.22180256260213,131.0137509524203,17.67647369277632,0.212468029613657,-0.4322095965665968,0.1551084791399872,1.0435099479650236,-0.91150735992588,0.0,24.749644321645103,8.734575782285994,-86.76523234603523,110.88362943746267,41.84140610962824,374.5504835356149,15.288,1.0,7.191721416589373,0.0727447966578663,-4.038095724215539e-06,-0.0260770547398687,-0.0164756437948618,0.0017102005298677,0.481608702891055,19.55174408823688,24.681753640856478,1.3942084919416227
19.99,31.221803256383872,131.01375136706332,17.429498296438545,0.2160118936671917,-0.438263050637249,0.1566320785864503,1.0550307374539118,-0.9188806484800393,0.0,24.750024079229423,8.727929348644729,-86.75097590023356,111.07037719842756,41.65435692621057,374.5708624376348,15.288,1.0,7.174902686881202,0.0727457101305337,-4.0441835258220925e-06,-0.0262290499107995,-0.0168032699203705,0.0017202359626904,0.4886048809817899,19.5454310890405,24.681182551533816,1.40782282662484
20.0,31.221803949696035,131.01375178123857,17.18252510431064,0.2196715900596427,-0.4444036770541639,0.1581692146512836,1.0667230872195923,-0.9263689551891596,0.0,24.75041535061764,8.721235522179873,-86.73647734541849,111.25572419871224,41.46870810035456,374.5915906611818,15.288,1.0,7.157887333074568,0.0727466574419507,-4.050439752976875e-06,-0.0263837460469804,-0.0171354443934192,0.0017304501310689,0.4957310439779936,19.53902383551082,24.680609284195167,1.421645204124066
20.01,31.22180464253435,131.0137521949446,16.93555413926148,0.223453063960484,-0.4506381459567804,0.1597198902403156,1.0785910870531057,-0.9339765252205496,0.0,24.750818628071144,8.714493536708934,-86.72173398727047,111.4396586991566,41.28447137383339,374.61268314785735,15.288,1.0,7.140669399468373,0.0727476400387094,-4.056866859817472e-06,-0.0265412364702609,-0.0174722387055312,0.0017408492258892,0.5029960047509447,19.532515396789645,24.68003328343627,1.4356814848955288
20.02,31.221805334894544,131.01375260818003,16.688585424160006,0.2273623251970408,-0.4569732337535628,0.1612841271593032,1.0906389843037971,-0.9417077389574492,0.0,24.751234419892658,8.707702598197228,-86.70674307399395,111.62216975214857,41.10165769628184,374.6341553277658,15.288,1.0,7.123242818740656,0.0727486594145343,-4.063467370822482e-06,-0.0267016187541331,-0.0178137291151627,0.001751439720378,0.5104087256074044,19.525898730086453,24.679453993207133,1.4499377329282481
20.03,31.22180602677222,131.01375302094337,16.441618984857605,0.2314054584145068,-0.4634158358421774,0.1628619502288541,1.1028711495377337,-0.9495670837285186,0.0,24.751663251556288,8.700861891482157,-86.69150179283363,111.80324720667112,40.92027722011928,374.65602315398206,15.288,1.0,7.105601410195497,0.0727497171136014,-4.070243884020502e-06,-0.0268649934718964,-0.0181599951250824,0.0017622282882281,0.5179783348859853,19.51916666760737,24.67887085594445,1.4644201698336825
20.04,31.22180671816296,131.01375343323315,16.19465484621154,0.2355886047503946,-0.4699729442123826,0.1644534126653851,1.1152921416167996,-0.9575592061515515,0.0,24.75210566535572,8.693970567589739,-86.67600726603142,111.98288171464024,40.74033929417674,374.6783030917605,15.288,1.0,7.087738877909105,0.0727508147295107,-4.077199074678632e-06,-0.0270314664552016,-0.018511122288207,0.0017732219518805,0.5257140993039734,19.51231193949767,24.678283315738227,1.4791352606760035
20.05,31.22180740906227,131.0137538450478,15.947693033079275,0.2399179747258312,-0.4766516635078223,0.1660585762795345,1.1279066645074112,-0.9656888766838088,0.0,24.75256222174273,8.687027752203118,-86.66025654660001,112.16106473630003,40.561852458265854,374.7010121597028,15.288,1.0,7.069648808516783,0.0727519539092096,-4.0843356992822526e-06,-0.0272011472236469,-0.0188672002924679,0.0017844279797915,0.5336254445076285,19.50532715734272,24.67769081714784,1.494089656328246
20.06,31.22180809946553,131.01375425638577,15.700733566341537,0.2443998396822744,-0.4834592006339022,0.1676775232592682,1.140719600289374,-0.9739610159567784,0.0,24.75303349953141,8.680032539263022,-86.64424661428151,112.33778854278292,40.38482444058512,374.7241679359036,15.288,1.0,7.0513246689491975,0.0727531363535977,-4.091656599214985e-06,-0.0273741501034821,-0.0192283243615305,0.0017958539600154,0.5417219422378922,19.498204824816483,24.677092807039067,1.5092902367981686
20.07,31.22180878936812,131.01375466724542,15.45377647483244,0.2490405298207231,-0.4904028624892481,0.1693103552871989,1.1537360112090564,-0.9823806960095212,0.0,24.75352009651074,8.672983990484024,-86.62797437097981,112.51304621957908,40.20926215421237,374.7477885767215,15.288,1.0,7.032759805318157,0.0727543638193267,-4.099164705017368e-06,-0.0275505942741547,-0.0195945953336564,0.0018075078035054,0.5500133075536605,19.49093733997935,24.67648873555352,1.5247441135679825
20.08,31.221809478765287,131.01375507762512,15.2068217794329,0.2538464330062246,-0.4974900546284952,0.1709571951778239,1.1669611491296936,-0.9909531475180808,0.0,24.754022630101527,8.665881133594032,-86.61143663603583,112.68683166889345,40.035171694709405,374.7718928369828,15.288,1.0,7.013947439929629,0.0727556381207288,-4.106863040789426e-06,-0.0277306040443459,-0.0199661200236614,0.0018193977624858,0.5585093970836313,19.48351699664287,24.67587805697613,1.540458641683429
20.09,31.22181016765221,131.0137554875232,14.959869507982894,0.2588239883185653,-0.5047282734330713,0.1726181928944516,1.1804004751237136,-0.999683775247512,0.0,24.754541737778023,8.658722958455485,-86.59463014107291,112.85913961218236,39.86255833754386,374.7965000827506,15.288,1.0,6.994880669599849,0.0727569611310602,-4.114754729018507e-06,-0.0279143095091976,-0.0203430120550515,0.0018315324738331,0.5672201989376331,19.475935992377877,24.67526023138719,1.556441445311565
20.1,31.221810856024,131.0137558969379,14.71291968832252,0.2639796928982068,-0.5121251146627319,0.1742935128658769,1.1940596338729272,-1.0085781368596392,0.0,24.755078078249287,8.651508422023168,-86.57755152490935,113.02996559037578,39.6914265378263,374.821630327812,15.288,1.0,6.975552463703528,0.0727583347859625,-4.1228429953694384e-06,-0.028101845607604,-0.0207253907193383,0.0018439208975584,0.5761558430997833,19.468186419724727,24.674634724501036,1.5727003834243627
20.11,31.22181154387565,131.0137563058675,14.465972345309524,0.2693200913665449,-0.5196882605077388,0.1759833478902306,1.2079444935495007,-1.0176419748126737,0.0,24.75563233169122,8.64423644059082,-86.56019732825648,113.19930596322882,39.521779930917546,374.8473042406152,15.288,1.0,6.955955661388856,0.0727597610841522,-4.1311311736108976e-06,-0.0282933534769307,-0.0211133826684657,0.0018565724059683,0.5853265845728506,19.46026027947463,24.674001009932592,1.58924360219944
20.12,31.22181223120208,131.01375671431015,14.219027502807393,0.274851773182251,-0.5274254764146514,0.1776879181498292,1.2220611490673727,-1.026881218560564,0.0,24.75620520048763,8.63690588904835,-86.54256398761171,113.36715791051212,39.35362133119042,374.8735431670498,15.288,1.0,6.936082969990637,0.0727612420895969,-4.1396227114242085e-06,-0.0284889805372903,-0.0215071220407231,0.001869496789533,0.5947427986801135,19.452149483894843,24.673358570437724,1.6060795389234983
20.13,31.221812917998136,131.0137571222639,13.972085189650548,0.2806218351746142,-0.5353944753500715,0.179406189559667,1.236429360258268,-1.0363128813044873,0.0,24.75679932190341,8.629515601026268,-86.52464782943446,113.53351942977528,39.186952734221855,374.90042705948855,15.288,1.0,6.915899150532537,0.0727627855530525,-4.148321175900093e-06,-0.0286888803137017,-0.0219067502634864,0.0018827043909708,0.6044779289143636,19.4437949865605,24.672700978268868,1.6232339731901244
20.14,31.22181360425852,131.01375752972697,13.725145433679335,0.286606935979671,-0.5435661940124915,0.1811394132452627,1.251045854742226,-1.045935300998006,0.0,24.75741405991461,8.622064332264603,-86.50644506371512,113.6983893348936,39.021775318196845,374.92793674506026,15.288,1.0,6.895417233254769,0.0727643896046864,-4.157230259481547e-06,-0.0288932174499245,-0.0223124222585479,0.0018962060409009,0.6144959549116568,19.435226262684413,24.672032162614485,1.640703468507437
20.15,31.221814289977864,131.0137579366973,13.478208261739896,0.2928097520945673,-0.551943660141977,0.1828880259209619,1.2659161413378677,-1.0557539384850736,0.0,24.75805000729804,8.614550828432753,-86.48795177656633,113.8617672568678,38.85808944305296,374.956090268712,15.288,1.0,6.874632289454354,0.0727660559862384,-4.166353787358215e-06,-0.029102160404525,-0.0227242974570436,0.0019100129172837,0.6248013306212161,19.426440047255596,24.67135224083158,1.6584957297357648
20.16,31.221814975150675,131.01375834317287,13.23127369869023,0.2992371576185191,-0.560535102574216,0.1846523662172743,1.2810473817304846,-1.065775596316401,0.0,24.758707977824265,8.60697377648256,-86.46916392380201,114.02365363793132,38.69589465632577,374.98491237488383,15.288,1.0,6.853536375593528,0.0727677870889426,-4.175695723403848e-06,-0.02931588521639,-0.0231425444653001,0.0019241367178156,0.635405084145374,19.41742776611345,24.67066073433377,1.6766205630051625
20.17,31.22181565977138,131.01375874915163,12.984341778335718,0.3058960632096681,-0.5693488233998302,0.1864327939902164,1.2964469855337493,-1.0760072790252164,0.0,24.75938881245212,8.599331817594166,-86.45007732331644,114.1840497289312,38.5351896957117,375.0144286380761,15.288,1.0,6.832121402838596,0.0727695853839208,-4.1852601775302175e-06,-0.0295345747142632,-0.0235673401122331,0.0019385895938077,0.6463183459078825,19.408180766958747,24.669957180232075,1.6950880913656947
20.18,31.221816343834263,131.01375915463143,12.737412522551976,0.3128304094501856,-0.5784387877720769,0.188228499189033,1.3121349526336783,-1.086466200536586,0.0,24.76009519850972,8.591623539059215,-86.43068764747117,114.3429575844314,38.37597249390885,375.0447205744901,15.288,1.0,6.810353689525207,0.0727714587688572,-4.195051412934853e-06,-0.0297584199200102,-0.0239988712022273,0.0019533843862277,0.6576100451194198,19.398643808202088,24.669235789651776,1.7139244168685928
20.19,31.221817027333472,131.0137595596101,12.49048596713284,0.320059712752115,-0.5878288896756491,0.1900395760871022,1.3281237397874708,-1.097163457927944,0.0,24.76082869916966,8.583847405029056,-86.41099041434374,114.50038006042034,38.21824018084674,375.0758356619477,15.288,1.0,6.788216136771873,0.0727734118374021,-4.205073854253737e-06,-0.0299876293123047,-0.0244373459626766,0.0019685350036442,0.6693111601278535,19.388792325701225,24.66849437294749,1.7331460879218537
20.2,31.22181771026308,131.01375996408535,12.243562134948148,0.3275485449384052,-0.5974753384777107,0.1918679149292696,1.3444077312737237,-1.1080954940060088,0.0,24.76158818447459,8.57600187413647,-86.39098097753465,114.65632081538352,38.0619890825381,375.10773979622326,15.288,1.0,6.76572933583387,0.072775441267911,-4.2153320979964605e-06,-0.0302224166209437,-0.0248829790132297,0.0019840554925454,0.6813669646090925,19.378670804784395,24.66773867867996,1.7527467211563361
20.21,31.221818392616992,131.01376036805485,11.99664106179191,0.3353040317522063,-0.6073868139828514,0.1937140161126782,1.3609956359197306,-1.119270366071595,0.0,24.762374629955925,8.568085354466023,-86.37065451771923,114.81078430151896,37.90721472980553,375.1404626623606,15.288,1.0,6.7428844801477785,0.0727775499268993,-4.225830920684913e-06,-0.030463000342365,-0.0253359907902771,0.0019999603849556,0.6937891062281236,19.368270196601696,24.666968319290056,1.7727381062630478
20.22,31.221819074388968,131.0137607715162,11.74972277649906,0.3434422156524734,-0.6177062521291052,0.1955748436060268,1.377932893554494,-1.1307259120027082,0.0,24.76319457650529,8.560096145049,-86.35000603402008,114.96377575460129,37.753911868356894,375.1742025906036,15.288,1.0,6.7195976481196045,0.0727797570376002,-4.236575286748311e-06,-0.0307096141630267,-0.0257966204250191,0.0020162656714692,0.7067595061158911,19.35744448897351,24.666167384923053,1.7931786488427022
20.23,31.22181975557268,131.013761174467,11.502807308898728,0.3518713209914133,-0.6283205040204236,0.1974543977391587,1.3951965039590768,-1.1424444752481386,0.0,24.764044137958606,8.552032438688002,-86.32903033051961,115.115301200635,37.60207445203532,375.20884199167983,15.288,1.0,6.695927635449396,0.0727820511776968,-4.247570361757608e-06,-0.0309625120564332,-0.02626513205301,0.0020329878423443,0.7201354865817509,19.346308919760165,24.66534976215589,1.8140399397122322
20.24,31.221820436161583,131.0137615769046,11.255894687825943,0.360634182248996,-0.639282340672215,0.1993520925445905,1.4128081502809382,-1.154444627401677,0.0,24.764926252363544,8.543892445756493,-86.30772200615094,115.26536744591264,37.45169565269138,375.2444700566322,15.288,1.0,6.671840573628503,0.0727844409814523,-4.2588215231391066e-06,-0.0312219440966125,-0.026741785005131,0.0020501436931925,0.7339846915565945,19.334809458399825,24.664510100637585,1.8353502456040238
20.25,31.221821116149016,131.01376197882647,11.008984953051662,0.3698001717159628,-0.6506772662650641,0.2012666476504551,1.430799309755868,-1.1667528776833227,0.0,24.76584534187118,8.535674164418896,-86.2860754437731,115.41398206787576,37.30276786924847,375.2812209793576,15.288,1.0,6.6472840070582535,0.0727869394448143,-4.270334369546162e-06,-0.0314881898160821,-0.0272268749739323,0.0020677520932613,0.7484164568132923,19.322858692898308,24.66363939282965,1.857150291666411
20.26,31.221821795528136,131.01376238022985,10.76207813241682,0.3792918424766825,-0.6624098728230123,0.2032017287638001,1.4491528322960587,-1.1793563061542205,0.0,24.76679826111397,8.527375602130938,-86.26408479374096,115.56115342376368,37.15528271893706,375.31899963253767,15.288,1.0,6.622306373227758,0.07278953732268,-4.2821147382403294e-06,-0.0317615343488454,-0.0277207046107714,0.0020858316631275,0.7633103770158532,19.310553751178304,24.66274947954051,1.879419104614512
20.27,31.22182247429196,131.01376278111195,10.515174259727544,0.3892603576533268,-0.674666518739093,0.205153280674656,1.4679281933709751,-1.192304115116382,0.0,24.767793888019,8.518994615808163,-86.24174396388074,115.70689063182044,37.0092310560236,375.35807529794266,15.288,1.0,6.596798553307213,0.0727922607063687,-4.2941687142919775e-06,-0.0320422790440484,-0.0282235966394607,0.0021044031092833,0.7789040597738934,19.297704363262536,24.661819968068897,1.9022329385194674
20.28,31.22182315243328,131.01376318146995,10.268273365807431,0.3995902739706032,-0.6873050235798857,0.2071265014029875,1.4870968660026076,-1.205574153569438,0.0,24.76882713719928,8.510528968462788,-86.2190466009605,115.85120358095892,36.86460296201679,375.39829407355086,15.288,1.0,6.570834635146248,0.0727950946490077,-4.306502648999743e-06,-0.0323307467555585,-0.028735900403603,0.0021234873897531,0.7950175617955917,19.284455363035036,24.660868105775624,1.9255564173019928
20.29,31.221823829944725,131.0137635813008,10.021375489433488,0.4104292671821078,-0.7005075022958018,0.2091175466620136,1.5067183620914557,-1.2192156438940251,0.0,24.76990696552969,8.501976299108374,-86.19598607804683,115.99410291521004,36.721387761136384,375.4399277024504,15.288,1.0,6.544307392981521,0.0727980654737079,-4.319123172544549e-06,-0.0326272733330321,-0.0292579813937911,0.002143107525849,0.8118833356232784,19.27062084242536,24.659874245691974,1.9494658646155927
20.3,31.22182450681873,131.01376398060145,9.774480663417831,0.4216885983308633,-0.7141647383596804,0.2111307917943762,1.5267739866931307,-1.2332143978637655,0.0,24.771029756863395,8.493334195897233,-86.17255547641521,116.13560003452304,36.57957401939046,375.48286684036736,15.288,1.0,6.517272091213603,0.0728011625516305,-4.332037212042996e-06,-0.0329322085576419,-0.0297902224240458,0.0021632863957356,0.8293632125417606,19.25631201336265,24.65885192688227,1.9739383903215029
20.31,31.221825183047503,131.01376437936872,9.527588926537588,0.433495647723373,-0.7284338876041229,0.213163291832482,1.5473181055952188,-1.247615454393322,0.0,24.772203669237086,8.484600011075422,-86.1487475719787,116.27570707629984,36.43914956295456,375.52735909489246,15.288,1.0,6.489634864059208,0.0728044098578576,-4.345252003986736e-06,-0.0332459355853517,-0.0303330476388213,0.002184050108625,0.8476581152394339,19.241368470083007,24.657784624150025,1.9990438291665074
20.32,31.221825858623063,131.0137647775993,9.280700310610834,0.4458209038274373,-0.7432787778009741,0.2152176954486336,1.568353632679505,-1.2624221330844567,0.0,24.77342844088047,8.475770966656878,-86.12455480189473,116.41443696014792,36.30010143318377,375.573396858244,15.288,1.0,6.461409525907023,0.0728078066218377,-4.358775128889136e-06,-0.0335688606970606,-0.0308869098926569,0.0022054255845177,0.8667228334862951,19.225826962156617,24.656677758210567,2.0247867580747188
20.33,31.221826533537143,131.0137651752898,9.033814861374047,0.4587300000541074,-0.7587805191271898,0.2172933094867669,1.5899157538190156,-1.2776639105339112,0.0,24.774709149546936,8.466844185764169,-86.09996924999396,116.5518033625913,36.16241591181186,375.62113444008446,15.288,1.0,6.432544119980376,0.0728113677655617,-4.372614525735174e-06,-0.0339014064691556,-0.0314522823484574,0.0022274413084275,0.8866615965720128,19.209604681795017,24.65552366823725,2.0512127034684644
20.34,31.22182720778128,131.0137655724366,8.786932611639612,0.4722340050989402,-0.7749530011303862,0.2193915519498886,1.612022571907546,-1.2933564071882306,0.0,24.77604797401154,8.457816573669698,-86.0749826242895,116.68782071498424,36.02607852289069,375.6706382948688,15.288,1.0,6.403023842963252,0.0728150996909581,-4.38677851383144e-06,-0.0342440280145511,-0.0320296785352682,0.0022501276745591,0.9074929809996276,19.19268738086077,24.65432235271608,2.0783455490897675
20.35,31.22182788134672,131.01376596903611,8.540053603167461,0.4863877877011519,-0.791864116954564,0.2215123267086785,1.6347075797374864,-1.3095277125622915,0.0,24.777449695088457,8.44868491553218,-86.04958623087666,116.82250420817948,35.89107402794931,375.7220538236471,15.288,1.0,6.37280340878694,0.0728190164470777,-4.401275819534388e-06,-0.034597203169842,-0.0326196402664415,0.0022735168354625,0.9293044694147204,19.175005799772272,24.653067930246504,2.1062287178992953
20.36,31.221828554224462,131.0137663650845,8.293177874735145,0.5012276497413185,-0.809558901680162,0.2236564040677282,1.6579993757845186,-1.326201940409158,0.0,24.778918211765248,8.439445732784417,-86.02377094713978,116.95586979383624,35.757386424510955,375.775499741806,15.288,1.0,6.341849830692782,0.0728231294912027,-4.416115602531765e-06,-0.0349614482446526,-0.0332227570921343,0.0022976434285528,0.9521544271947292,19.156514025359336,24.651757228065005,2.1348994599107884
20.37,31.221829226405188,131.0137667605778,8.046305468102776,0.5167952330561623,-0.828088994395461,0.2258244425469869,1.6819293236152,-1.3434054377185336,0.0,24.78045789978308,8.430095403140056,-85.99752719011042,117.08793419500611,35.62499893529924,375.8311092811165,15.288,1.0,6.310126064760088,0.0728274516816208,-4.431307488331196e-06,-0.0353373079087085,-0.0338396538474114,0.0023225440376527,0.9761096756903276,19.137159466237893,24.65038651317051,2.1643985535432395
20.38,31.22182989787928,131.01376715551183,7.799436426024733,0.5331582515852099,-0.847538186961667,0.2280163431163207,1.7065389188219606,-1.361172755873512,0.0,24.782074865626896,8.420630011711062,-85.97084488502729,117.21871490946354,35.49389400470427,375.8890682397393,15.288,1.0,6.277576559076036,0.0728320009629607,-4.446861599359436e-06,-0.0357253694017253,-0.0344710082068436,0.0023482582512462,1.0012781661791286,19.116856849444996,24.64894873361762,2.1947796712915073
20.39,31.22183056863708,131.01376754988254,7.552570795232133,0.5259714261507771,-0.8379042466919902,0.2311061167576048,1.7236079327424512,-1.3728413472182068,0.0,24.782317473625486,8.411070595003645,-85.94371376541173,117.34822924062752,35.36405427008843,375.9053382951778,15.288,1.0,6.260992103001728,0.0728325111354439,-4.46278841206215e-06,-0.0361224749101746,-0.0351128777345216,0.0023744398539978,0.9892976021193992,19.12616238824168,24.650704473728357,2.2156100080220313
20.4,31.221831238676977,131.0137679436899,7.3057085946195635,0.4945674314529028,-0.7983640325565097,0.2348477690893264,1.7320428134228203,-1.377525942686972,0.0,24.78113486115259,8.401573581910732,-85.91613704901786,117.47645514319792,35.23550181608649,375.8783722948121,15.288,1.0,6.260992103001728,0.0728288327535758,-4.479085259130196e-06,-0.0365006809007197,-0.0357307408958944,0.0023992428563768,0.9391305778478422,19.165946243868163,24.655732190267468,2.2254670307491646
20.41,31.221831908005544,131.0137683369381,7.0588498410934015,0.4630655677521398,-0.7586417496514029,0.2382900151076504,1.73970946744155,-1.3816037427841077,0.0,24.779962573120407,8.39216377683104,-85.88813603148057,117.60332183709728,35.10830759290616,375.851719536938,15.288,1.0,6.260992103001728,0.072825184737802,-4.495729348755256e-06,-0.0368542931399565,-0.0363175263545831,0.0024224291244175,0.8887938416596284,19.20594676325771,24.660798887757903,2.2343231781639874
20.42,31.22183257662965,131.01376872963152,6.81199454161832,0.4314796942671547,-0.7187549970009408,0.2414355722943908,1.7466064160868169,-1.38507441282831,0.0,24.778800484165004,8.382841011163126,-85.859733300582,117.72876066569982,34.98254043442635,375.8253761962704,15.288,1.0,6.260992103001728,0.072821566719449,-4.512696371640826e-06,-0.0371832554956686,-0.0368731191109008,0.0024439950997173,0.8383159942148175,19.24614672541324,24.66590167441433,2.2421766739836633
20.43,31.221833244556176,131.01376912177443,6.565142701170747,0.3998236675131863,-0.6787213977075249,0.244287307638374,1.752732508337714,-1.387937876651957,0.0,24.77764847035472,8.37360509539355,-85.83095155402918,117.85270841277512,34.85826373259646,375.7993384917862,15.288,1.0,6.260992103001728,0.0728179783340546,-4.529962014265934e-06,-0.037487522628327,-0.0373974178521506,0.0024639379292984,0.7877272518234887,19.286528804504023,24.671037655928234,2.2490262523817197
20.44,31.22183391179195,131.0137695133713,6.318294331686244,0.3681113353687788,-0.6385585911802975,0.2468482315624794,1.7580869215225725,-1.3901943167654216,0.0,24.776506409181152,8.364455819167091,-85.80181358707867,117.9751071363576,34.735535603503685,375.77360268638927,15.288,1.0,6.260992103001728,0.0728144192213426,-4.547501968276728e-06,-0.0377670599834325,-0.0378903349608794,0.002482255465096,0.7370599834079116,19.327075578591472,24.67620393669112,2.254871151844627
20.45,31.221834578343817,131.01376990442637,6.071449442117936,0.336356531166304,-0.5982842253747769,0.2491214917761995,1.7626691618256172,-1.3918441743972083,0.0,24.775374179550543,8.355392951366326,-85.77234228018185,118.09590399330564,34.61440906275062,375.74816508642544,15.288,1.0,6.260992103001728,0.072810889025202,-4.565291939916389e-06,-0.0380218437789808,-0.0383517965170353,0.0024989462631278,0.686349487066073,19.36776953847952,24.681397621016856,2.2597111093056275
20.46,31.221835244218568,131.01377029494404,5.824608041418933,0.3045730678069483,-0.5579159490494536,0.2511103670502273,1.766479064640567,-1.3928881494082563,0.0,24.774251661774848,8.346416240200405,-85.74256058665476,118.21505105632065,34.494932208375594,375.7230220415964,15.288,1.0,6.260992103001728,0.0728073873936559,-4.583307659490677e-06,-0.0382518609880602,-0.0387817422940375,0.0025140095823496,0.6356351373861258,19.408593096676974,24.686615814361524,2.263546354509991
20.47,31.221835909422985,131.0137706849286,5.57777013953654,0.2727747319023807,-0.5174714040413247,0.2528182609386742,1.7695167947685644,-1.393327200078869,0.0,24.77313873756237,8.337525413302787,-85.71249152039971,118.33250512506103,34.37714840967866,375.6981699446978,15.288,1.0,6.260992103001728,0.0728039139788331,-4.601524890864299e-06,-0.0384571093165955,-0.0391801257487691,0.0025274453831936,0.5849621229316554,19.44952859646383,24.69185562454018,2.266377604573362
20.48,31.22183657396384,131.01377107438432,5.330935746418112,0.240975277948281,-0.4769682175621394,0.2542486954567211,1.7717828464581715,-1.3931625427680538,0.0,24.772035290009203,8.328720177837935,-85.68215814368271,118.44822753288469,34.26109650042073,375.6736052313023,15.288,1.0,6.260992103001728,0.0728004684369439,-4.619919440984053e-06,-0.0386375971762534,-0.0395469140055051,0.0025392543257913,0.5343841537155499,19.49055832105361,24.697114162941528,2.268206058698551
20.49,31.221837237847847,131.01377146331555,5.084104868034324,0.2091884225265729,-0.4364239945233778,0.2554053047293066,1.773278043286885,-1.392395651442804,0.0,24.77094120358948,8.320000220616846,-85.65158355498241,118.56218395063668,34.14681097497903,375.64932437919583,15.288,1.0,6.260992103001728,0.0727970504282567,-4.638467169424712e-06,-0.0387933436525305,-0.0398820878337933,0.0025494377678812,0.4839678220784497,19.53166450283793,24.702388545737143,2.269033393020928
20.5,31.22183790108175,131.01377185172652,4.837277515326714,0.1774278385438301,-0.3958563098890726,0.2562918285981268,1.7740035378819423,-1.3910282570781185,0.0,24.76985636414668,8.31136520822169,-85.62079087692798,118.67434418876212,34.034322186178706,375.6253239084684,15.288,1.0,6.260992103001728,0.0727936596170645,-4.657143997952715e-06,-0.0389243784680461,-0.0401856416203104,0.0025579977624085,0.433799902104992,19.572829332707247,24.707675895087625,2.2688617555535657
20.51,31.2218385636722,131.01377223962152,4.5904536992368525,0.1457071495038357,-0.3552827010628682,0.2569121062325633,1.7739608114793006,-1.3890623469256766,0.0,24.76878065888401,8.302814787138896,-85.58980324432632,118.7846819989294,33.92365654361564,375.60160038091885,15.288,1.0,6.260992103001728,0.0727902956716626,-4.675925920103663e-06,-0.0390307419410644,-0.0404575833347162,0.0025649370548096,0.3840001288816389,19.61403496943497,24.712973340342543,2.2676937612119983
20.52,31.221839225625857,131.0137726270048,4.343633428717993,0.1140399238185606,-0.3147206603114141,0.2572700697211658,1.7731516733198311,-1.3865001636514755,0.0,24.767713976355008,8.29434858390099,-85.55864379229519,118.8931748762204,33.81483671141309,375.5781504000772,15.288,1.0,6.260992103001728,0.0727869582643135,-4.6947890107683005e-06,-0.0391124849392785,-0.0406979344895329,0.0025702590799915,0.3347447795768857,19.655263549117876,24.718278019235125,2.265532486895039
20.53,31.22183988694933,131.01377301388058,4.096816710735058,0.0824396691593852,-0.2741876272277901,0.2573697376913866,1.7715782598814132,-1.3833442043418764,0.0,24.766656206454268,8.285966205237086,-85.52733564450506,118.9998038628412,33.7078818044606,375.5549706104193,15.288,1.0,6.260992103001728,0.0727836470712314,-4.7137094357827845e-06,-0.0391696688288847,-0.0409067300940831,0.0025739679589995,0.2863129443375034,19.696497194660925,24.723587079070672,2.262381466607709
20.54,31.221840547649244,131.01377340025311,3.8500035532471695,0.0509198268493126,-0.2337009812399765,0.2572152089171181,1.7692430339471334,-1.3795972193776267,0.0,24.765607240407924,8.277667238232084,-85.49590190154163,119.1045533541904,33.6028075822955,375.5320576977168,15.288,1.0,6.260992103001728,0.0727803617725383,-4.732663461517856e-06,-0.0392023654189865,-0.0410840186025185,0.0025760684953879,0.239183952262781,19.737718025296477,24.728897677907792,2.258244686605775
20.55,31.221841207732087,131.01377378612656,3.603193970178504,0.0194937662999116,-0.1932780341640129,0.2568106559919458,1.7661487835074308,-1.375262211176133,0.0,24.76456697076395,8.269451250493598,-85.46436562939388,119.2074109080345,33.499626639879175,375.5094083879473,15.288,1.0,6.260992103001728,0.0727771020522541,-4.751627464462559e-06,-0.0392106569013627,-0.0412298618559794,0.0025765661712786,0.1942586007719591,19.778908166131984,24.734206985732317,2.2531265805553087
20.56,31.22184186720444,131.01377417150513,3.3563879665057024,-0.0118252205063143,-0.1529360228094566,0.2561603189991798,1.7622986204976008,-1.3703424328019107,0.0,24.763535291382567,8.261317790327823,-85.43274984806963,119.30836705742912,33.398348594629645,375.48701944776747,15.288,1.0,6.260992103001728,0.0727738675982499,-4.770577940796481e-06,-0.0391946357856456,-0.0413443350189241,0.0025754671431313,0.1533925114890089,19.820049757711505,24.739512185622964,2.247032024688337
20.57,31.221842526072727,131.01377455639297,3.109585551182112,-0.0430239244856313,-0.1126921016388554,0.2552684992631545,1.7576959793694948,-1.3648413864455295,0.0,24.762512097426946,8.25326638692363,-85.40107752035102,119.40741512794534,33.298980269149425,375.46488768372654,15.288,1.0,6.260992103001728,0.0727706581022323,-4.78949151594561e-06,-0.0391544048299496,-0.0414275265096755,0.0025727782372082,0.120625724712329,19.861124965583866,24.744810474908736,2.239966332952865
20.58,31.221843184343417,131.01377494079424,2.8627867331611085,-0.0740892248732049,-0.0725633354826873,0.2541395531460353,1.75234461549728,-1.3587628217714407,0.0,24.76149728535295,8.245296550544094,-85.36937154068492,119.50455105966672,33.20152586918526,375.44300994193935,15.288,1.0,6.260992103001728,0.0727674732597129,-4.808344954117285e-06,-0.0390900769670015,-0.04147953792523,0.0025685069447487,0.1037046188194709,19.90211598987059,24.75009906631635,2.2319352521441713
20.59,31.221843842022896,131.01377532471307,2.6159915213960767,-0.1050080945911894,-0.0325666923164619,0.2527778859058834,1.7462486034183404,-1.3521107341354217,0.0,24.760490752899912,8.237407772726833,-85.33765472422276,119.59977323434973,33.10598715642492,375.42138310799646,15.288,1.0,6.260992103001728,0.0727643127699765,-4.827115167808348e-06,-0.0390017752258201,-0.0415004839603825,0.0025626614168554,0.109942203862861,19.943005074819308,24.755375189108708,2.222944957012607
20.6,31.22184449911752,131.0137757081535,2.3691999228520846,-0.1357676055635799,0.0072809638995935,0.2511879456364704,1.7394123349088089,-1.3448893626721492,0.0,24.75949239908053,8.229599526491683,-85.30594979600198,119.69308230806712,33.01236361581376,375.4000041066861,15.288,1.0,6.260992103001728,0.0727611763360509,-4.8457792272801455e-06,-0.0388896326489993,-0.0414904923212195,0.0025552504590916,0.1359626972978176,19.983774518338542,24.76063609021235,2.213002045343538
20.61,31.221845155633577,131.01377609111967,2.122411946482561,-0.1663549339758533,0.0469628803135882,0.2493742172993005,1.7318405168949031,-1.337103188253868,0.0,24.75850212417089,8.221871266556224,-85.27427938027932,119.7844810495785,32.92065261714432,375.378869901474,15.288,1.0,6.260992103001728,0.0727580636646813,-4.864314369997e-06,-0.0387537922056516,-0.0414497036330394,0.0025462835257944,0.172856790403059,20.024406681501805,24.765879035334105,2.2021135330066666
20.62,31.22184581157736,131.01377647361568,1.8756275992526017,-0.1967573654762582,0.086462422205403,0.2473412168437727,1.7235381692004783,-1.3287569313215366,0.0,24.757519829701,8.214222429559188,-85.24266599001811,119.87397418462776,32.83084957072181,375.3579774942437,15.288,1.0,6.260992103001728,0.0727549744663025,-4.882698010020624e-06,-0.0385944067000683,-0.0413782713427593,0.0025357707141098,0.2149166860363572,20.06488399801377,24.77110131006688,2.1902868489710934
20.63,31.22184646695507,131.0137768556454,1.6288468911098537,-0.2269623003195356,0.1257630799356696,0.245093485430375,1.7145106221323112,-1.319855549588868,0.0,24.75654541844464,8.206652434291366,-85.21113201652653,119.96156824629236,32.74294807697809,375.3373239250576,15.288,1.0,6.260992103001728,0.0727519084550063,-4.900907747356297e-06,-0.0384116386761601,-0.041276361615873,0.0025237227577528,0.2594766951270401,20.10518898362859,24.776300220982677,2.177529830286021
20.64,31.221847121772885,131.01377723721302,1.382069826036914,-0.2569572584476668,0.1648484758217188,0.2426355837666119,1.7047635139029684,-1.310404235621538,0.0,24.75557879440944,8.1991606819335,-85.1796997192522,120.04727143147346,32.656940069947275,375.3169062718856,15.288,1.0,6.260992103001728,0.0727488653485119,-4.918921377244177e-06,-0.0382056603177401,-0.0411441532280252,0.0025101510204952,0.3052898138802873,20.145304245516183,24.781473096713817,2.1638507170272696
20.65,31.221847776036903,131.01377761832237,1.1352964139814676,-0.2867298845097931,0.2037023709307488,0.2399720865707046,1.6943027878944257,-1.3004084142921366,0.0,24.754619862826967,8.191746556302041,-85.14839121573635,120.1310934635685,32.572815954560056,375.29672165004473,15.288,1.0,6.260992103001728,0.0727458448681421,-4.936716899390664e-06,-0.037976653344716,-0.0409818374512716,0.0024950674893853,0.3517219586513346,20.18521249156162,24.786617289020725,2.1492581472130587
20.66,31.221848347274992,131.01377794950108,0.9032130204357056,-1.593503485439289,1.7798132509736715,-433.8657677027495,-130.2496572354023,116.05802862345432,0.0,21.154851851365013,6.376759250464503,-87.23724923432611,115.24318188713475,37.5606652869777,274.0891857910451,15.288,1.0,6.260992103001728,0.0621671248059014,0.4572865070312944,4.304226994975193,5.627363799524632,-0.2416707987053408,2.3887594527727347,24.86493625078833,21.4343793031268,467.62585856879053
20.67,31.22184884310827,131.0137782337851,0.710197191529991,0.2868276352455842,-0.5937308399367935,-374.5057938162335,-107.24327485651348,85.86892595480856,0.0,17.580701646869816,5.953923705931547,-88.27093672757192,-33.484709693051414,186.63104008913504,189.3007695624396,15.288,1.0,6.260992103001728,0.0516637649724163,0.8927423896225631,5.136319873483456,6.678479859893192,-0.2396709161806326,0.6593811172719953,26.515492664845347,17.487440293750872,398.9099924149673
20.68,31.221849311077666,131.01377849903156,0.5492506532117882,2.591126380040227,-3.729483703767592,-323.366933074426,-83.4783018437412,77.94327717066494,0.0,14.744961913667384,5.650281862519785,-83.08185249720377,-46.85262152709448,200.6791056116756,133.16006322065252,15.288,1.0,6.260992103001728,0.0433304016676032,1.3456857630369503,6.50596307094511,8.009288155033866,-0.2546179571367076,4.540209077189408,27.72300960051956,14.159549580508644,342.9430779893045
20.69,31.221849754691,131.0137787526511,0.4131987155706925,5.482622062944432,-7.31979066505344,-275.4329884190889,-75.02493207186403,71.65951703702318,0.0,12.639467533801348,5.312729999568876,-76.56327303892763,-47.94215543402015,202.52340942797147,97.84754021972007,15.288,1.0,6.260992103001728,0.037143016569938,1.4247897032477927,8.367711070098201,9.833884632027038,-0.2807210034997979,9.136447257506056,28.362260749120463,11.49280261210417,294.3249189651416
20.7,31.221850168702648,131.013778992813,0.2946474815759612,8.977867441262738,-11.861246230390748,-220.92399818434825,-59.940254111057925,66.48292924237656,0.0,11.3231029284033,4.941001349179803,-68.46986746781319,-48.271794514274056,203.06787906501185,78.52866387144948,15.288,1.0,6.260992103001728,0.0332746325114295,-2.330539687232584,10.291393878478088,11.78842075220666,-0.3093029421760901,14.83693537574842,27.22690401963317,9.473222286785614,238.36993710890422
